Date,Client Type,Future Index Long,Future Index Short,Future Stock Long,Future Stock Short,Option Index Call Long,Option Index Put Long,Option Index Call Short,Option Index Put Short,Option Stock Call Long,Option Stock Put Long,Option Stock Call Short,Option Stock Put Short,Total Long Contracts,Total Short Contracts
02-01-2012,Client,257881,226013,585861,208232,480658,314430,436639,486856,54227,29671,34041,19999,1722728,1411780
02-01-2012,DII,198027,208336,320271,660508,209040,440052,226048,147364,7448,4785,8368,6705,1179623,1257329
02-01-2012,FII,55396,1387,43964,28800,75765,52761,0,0,5000,0,0,0,232886,30187
02-01-2012,Pro,56931,132499,95290,147846,186326,212194,289102,385217,12065,11488,36331,19240,574294,1010235
02-01-2012,TOTAL,568235,568235,1045386,1045386,951789,1019437,951789,1019437,78740,45944,78740,45944,3709531,3709531
03-01-2012,DII,60612,639,44914,29422,78045,51511,0,0,5903,0,0,0,240985,30061
03-01-2012,Pro,70218,141400,104817,157208,227711,202153,297187,413005,17113,11866,37269,24917,633878,1070986
03-01-2012,Client,239132,250336,585537,223363,435829,423107,444824,538867,54334,39032,38529,24352,1776971,1520271
03-01-2012,TOTAL,596439,596439,1065722,1065722,963621,1113019,963621,1113019,85621,56797,85621,56797,3881219,3881219
03-01-2012,FII,226477,204064,330454,655729,222036,436248,221610,161147,8271,5899,9823,7528,1229385,1259901
04-01-2012,Client,241026,245456,581860,225699,456570,432298,460340,543266,61055,43328,43622,26264,1816137,1544647
04-01-2012,DII,61383,712,47009,29263,76795,52136,0,0,6020,0,0,0,243343,29975
04-01-2012,FII,232078,216193,330011,651220,230136,454975,220349,174832,9498,7028,10687,8310,1263726,1281591
04-01-2012,Pro,63884,136010,105074,157772,226950,194744,309762,416055,18405,12196,40669,27978,621253,1088246
04-01-2012,TOTAL,598371,598371,1063954,1063954,990451,1134153,990451,1134153,94978,62552,94978,62552,3944459,3944459
05-01-2012,FII,250133,221254,336914,655782,249575,476979,236807,193495,10342,7248,11608,8468,1331191,1327414
05-01-2012,Pro,64585,139617,108902,160343,237629,211591,317196,437408,19782,12910,45568,30940,655399,1131072
05-01-2012,TOTAL,618229,618229,1081599,1081599,1039270,1206463,1039270,1206463,104954,68690,104954,68690,4119205,4119205
05-01-2012,DII,61186,768,49091,29098,79464,52761,0,0,6100,0,0,40,248602,29906
05-01-2012,Client,242325,256590,586692,236376,472602,465132,485267,575560,68730,48532,47778,29242,1884013,1630813
06-01-2012,Client,246102,258296,600317,237166,496321,464174,488168,587519,76582,49943,53172,31534,1933439,1655855
06-01-2012,DII,60752,840,48405,31944,79494,52761,100,0,6100,0,0,40,247512,32924
06-01-2012,FII,234725,221393,345590,675590,245847,505897,233844,211227,10187,7622,11743,8538,1349868,1362335
06-01-2012,Pro,68567,129617,116870,166482,236878,234950,336428,459036,20770,14231,48724,31684,692266,1171971
06-01-2012,TOTAL,610146,610146,1111182,1111182,1058540,1257782,1058540,1257782,113639,71796,113639,71796,4223085,4223085
07-01-2012,Client,247709,257110,601206,237654,505356,471712,488981,591771,78872,51082,54619,32161,1955937,1662296
07-01-2012,DII,60762,840,48421,31944,79494,52761,100,0,6100,0,0,40,247538,32924
07-01-2012,FII,234719,221766,345472,675792,245871,506457,235778,214198,10187,7622,11743,8538,1350328,1367815
07-01-2012,Pro,66938,130412,116780,166489,238439,238909,344301,463870,21095,14356,49892,32321,696517,1187285
07-01-2012,TOTAL,610128,610128,1111879,1111879,1069160,1269839,1069160,1269839,116254,73060,116254,73060,4250320,4250320
09-01-2012,DII,59554,840,48383,31522,79494,51511,90,0,6450,0,0,40,245392,32492
09-01-2012,Pro,68583,130835,124742,169030,247163,244841,356678,478299,21677,15514,56506,33905,722520,1225253
09-01-2012,Client,246931,260705,612608,239632,534599,487632,504150,611577,88881,53847,58806,34358,2024498,1709228
09-01-2012,TOTAL,605056,605056,1130609,1130609,1114260,1305833,1114260,1305833,128222,76700,128222,76700,4360680,4360680
09-01-2012,FII,229988,212676,344876,690425,253004,521849,253342,215957,11214,7339,12910,8397,1368270,1393707
10-01-2012,Client,241562,306196,618457,244511,498676,598646,535751,635788,81405,64727,59505,37472,2103473,1819223
10-01-2012,DII,62957,2268,48822,30537,80724,51401,190,0,6510,140,0,40,250554,33035
10-01-2012,FII,268363,207192,355335,695058,279895,531665,246271,250481,10492,7686,12990,8885,1453436,1420877
10-01-2012,Pro,83667,140893,131214,183722,272956,247874,350039,543317,27417,15029,53329,41185,778157,1312485
10-01-2012,TOTAL,656549,656549,1153828,1153828,1132251,1429586,1132251,1429586,125824,87582,125824,87582,4585620,4585620
11-01-2012,Client,234066,303402,610800,243683,499542,643609,549732,641902,90991,79568,64230,42881,2158576,1845830
11-01-2012,DII,60864,2291,48182,29803,79960,51401,190,0,6470,111,0,40,246988,32324
11-01-2012,FII,280895,207797,360428,695448,311147,541223,259813,268551,11104,8359,14832,9916,1513156,1456357
11-01-2012,Pro,79521,141856,139900,190376,291190,243227,372104,569007,31490,17079,60993,52280,802407,1386616
11-01-2012,TOTAL,655346,655346,1159310,1159310,1181839,1479460,1181839,1479460,140055,105117,140055,105117,4721127,4721127
12-01-2012,DII,67658,2291,47410,32394,79960,51401,190,0,6430,211,0,80,253070,34955
12-01-2012,Pro,75558,137783,147229,204383,291816,228897,386405,548571,32634,21438,77662,55612,797572,1410416
12-01-2012,Client,232669,304706,616547,249780,515654,638489,553484,667923,109685,81063,66816,45075,2194107,1887784
12-01-2012,TOTAL,657082,657082,1174262,1174262,1201432,1481227,1201432,1481227,160599,111183,160599,111183,4785785,4785785
12-01-2012,FII,281197,212302,363076,687705,314002,562440,261353,264733,11850,8471,16121,10416,1541036,1452630
13-01-2012,Client,241036,312186,610659,254847,512048,686028,575548,688811,117932,89838,69245,49432,2257541,1950069
13-01-2012,DII,64946,2160,48050,32307,79960,51316,190,0,6430,211,0,90,250913,34747
13-01-2012,FII,294930,210173,377022,688379,316780,566797,259201,268261,11497,9847,17625,11051,1576873,1454690
13-01-2012,Pro,79821,156214,156843,217041,308986,231571,382835,578640,34246,22990,83235,62313,834457,1480278
13-01-2012,TOTAL,680733,680733,1192574,1192574,1217774,1535712,1217774,1535712,170105,122886,170105,122886,4919784,4919784
16-01-2012,DII,64525,2160,46452,32121,81210,51316,190,0,6430,211,0,80,250144,34551
16-01-2012,Client,239847,317548,617013,256227,520254,721719,569027,704610,123981,96751,74181,51076,2319565,1972669
16-01-2012,FII,294237,214824,380517,698689,314034,571461,256978,268760,12094,11585,19021,12167,1583928,1470439
16-01-2012,Pro,85008,149085,162355,219300,305644,227661,394947,598787,35253,23196,84556,68420,839117,1515095
16-01-2012,TOTAL,683617,683617,1206337,1206337,1221142,1572157,1221142,1572157,177758,131743,177758,131743,4992754,4992754
17-01-2012,FII,336727,214882,385526,693731,333176,598247,259309,307215,12378,12046,20347,12671,1678100,1508155
17-01-2012,Pro,95286,168478,170347,226149,330208,254408,381291,693335,39126,24580,83770,79326,913955,1632349
17-01-2012,Client,234015,343058,608432,261505,480002,808941,583766,712382,124976,110132,75643,54912,2366498,2031266
17-01-2012,DII,64630,4240,48674,31594,81170,51336,190,0,3280,231,0,80,249321,36104
17-01-2012,TOTAL,730658,730658,1212979,1212979,1224556,1712932,1224556,1712932,179760,146989,179760,146989,5207874,5207874
18-01-2012,TOTAL,712858,712858,1223023,1223023,1223529,1730650,1223529,1730650,186912,148408,186912,148408,5225380,5225380
18-01-2012,Pro,88746,156772,176898,230583,298106,250604,375434,702434,38913,23839,87712,79576,877106,1632511
18-01-2012,DII,66426,4240,48657,33476,79920,51336,190,0,680,231,0,80,247250,37986
18-01-2012,FII,329506,222790,390528,698422,338933,618997,262236,301751,14845,12937,20331,12460,1705746,1517990
18-01-2012,Client,228180,329056,606940,260542,506570,809713,585669,726465,132474,111401,78869,56292,2395278,2036893
19-01-2012,Client,224448,356951,603830,274333,459927,869162,577042,721728,128364,126345,80524,57777,2412076,2068355
19-01-2012,DII,62139,4240,49222,33599,79947,51336,190,0,480,276,0,80,243400,38109
19-01-2012,FII,367494,215164,402643,689649,347512,629974,251090,310750,15278,13695,20936,14802,1776596,1502391
19-01-2012,Pro,98856,176582,177676,235790,302196,238518,361260,756512,44574,23574,87236,91231,885394,1708611
19-01-2012,TOTAL,752937,752937,1233371,1233371,1189582,1788990,1189582,1788990,188696,163890,188696,163890,5317466,5317466
20-01-2012,TOTAL,"8,20,690.00","8,20,690.00","12,68,624.00","12,68,624.00","11,79,531.00","18,91,299.00","11,79,531.00","18,91,299.00","1,93,480.00","1,72,875.00","1,93,480.00","1,72,875.00","55,26,499.00","55,26,499.00"
20-01-2012,Pro,"95,385.00","1,67,596.00","1,64,721.00","2,36,717.00","2,98,242.00","2,62,199.00","3,63,922.00","8,32,520.00","49,321.00","23,757.00","88,915.00","97,975.00","8,93,625.00","17,87,645.00"
20-01-2012,FII,"4,25,358.00","2,51,879.00","4,29,620.00","6,99,824.00","3,58,407.00","6,62,604.00","2,55,510.00","3,14,482.00","14,812.00","14,409.00","21,450.00","15,192.00","19,05,210.00","15,58,337.00"
20-01-2012,DII,"61,464.00","4,443.00","50,185.00","32,828.00","79,992.00","51,336.00",190,90,80,276,0,80,"2,43,333.00","37,631.00"
20-01-2012,Client,"2,38,483.00","3,96,772.00","6,24,098.00","2,99,255.00","4,42,890.00","9,15,160.00","5,59,909.00","7,44,207.00","1,29,267.00","1,34,433.00","83,115.00","59,628.00","24,84,331.00","21,42,886.00"
23-01-2012,Client,"2,48,292.00","4,15,126.00","6,34,527.00","3,04,548.00","4,89,572.00","9,40,922.00","5,66,392.00","7,79,658.00","1,33,087.00","1,32,943.00","83,301.00","59,121.00","25,79,343.00","22,08,146.00"
23-01-2012,DII,"61,292.00","5,627.00","47,813.00","32,725.00","80,221.00","51,336.00",190,0,80,276,0,80,"2,41,018.00","38,622.00"
23-01-2012,FII,"4,45,198.00","2,59,102.00","4,41,303.00","7,07,016.00","3,36,247.00","6,86,693.00","2,77,423.00","3,20,124.00","14,455.00","13,794.00","20,855.00","15,554.00","19,37,690.00","16,00,074.00"
23-01-2012,Pro,"94,097.00","1,69,024.00","1,57,653.00","2,37,007.00","3,10,730.00","2,79,578.00","3,72,765.00","8,58,747.00","46,227.00","24,165.00","89,693.00","96,423.00","9,12,450.00","18,23,659.00"
23-01-2012,TOTAL,"8,48,879.00","8,48,879.00","12,81,296.00","12,81,296.00","12,16,770.00","19,58,529.00","12,16,770.00","19,58,529.00","1,93,849.00","1,71,178.00","1,93,849.00","1,71,178.00","56,70,501.00","56,70,501.00"
24-01-2012,FII,465504,272497,439822,685597,314334,706081,267933,338261,13212,11406,16972,12375,1950359,1593635
24-01-2012,Pro,98835,182994,149855,227977,322888,248698,340186,929246,46732,25090,84696,96290,892098,1861389
24-01-2012,TOTAL,882226,882226,1253400,1253400,1159381,2041199,1159381,2041199,184087,169076,184087,169076,5689369,5689369
24-01-2012,DII,63035,6477,41669,33684,80231,51336,190,0,80,406,0,80,236757,40431
24-01-2012,Client,254852,420258,622054,306142,441928,1035084,551072,773692,124063,132174,82419,60331,2610155,2193914
25-01-2012,Client,187709,378694,550951,223619,234592,394020,386133,387669,34007,22534,24454,12348,1423813,1412917
25-01-2012,DII,60374,5662,27196,26353,61895,0,0,0,0,25,0,0,149490,32015
25-01-2012,FII,339833,124911,340122,608599,240221,419322,175539,177032,3152,1435,3048,2967,1344085,1092096
25-01-2012,Pro,59928,138577,84234,143932,254706,161595,229742,410236,9784,5054,19441,13733,575301,955661
25-01-2012,TOTAL,647844,647844,1002503,1002503,791414,974937,791414,974937,46943,29048,46943,29048,3492689,3492689
27-01-2012,Client,193820,387241,547312,238667,254877,489117,439614,473422,50561,31977,35684,18453,1567664,1593081
27-01-2012,DII,54334,5702,28708,26823,61895,0,0,0,1000,25,0,0,145962,32525
27-01-2012,FII,349267,128131,351480,600552,273750,443923,183765,206638,7370,3559,8024,4932,1429349,1132042
27-01-2012,Pro,69977,146324,87160,148618,279976,200625,247119,453605,14209,6720,29432,18896,658667,1043994
27-01-2012,TOTAL,667398,667398,1014660,1014660,870498,1133665,870498,1133665,73140,42281,73140,42281,3801642,3801642
30-01-2012,Pro,57500,122446,87980,156943,269483,226193,283494,455408,15591,10164,38219,20503,666911,1077013
30-01-2012,TOTAL,622499,622499,1034708,1034708,943896,1154092,943896,1154092,91357,50078,91357,50078,3896630,3896630
30-01-2012,FII,311188,135333,355058,608248,288266,483690,202011,206295,9048,5070,9530,6823,1452320,1168240
30-01-2012,DII,52583,4902,28951,28595,61895,404,0,0,1000,25,0,0,144858,33497
30-01-2012,Client,201228,359818,562719,240922,324252,443805,458391,492389,65718,34819,43608,22752,1632541,1617880
31-01-2012,Client,210499,384075,572493,252450,310553,535698,485504,537601,71880,44520,50174,27967,1745643,1737771
31-01-2012,DII,57079,4902,29180,27529,61895,0,0,0,1000,25,0,0,149179,32431
31-01-2012,FII,321173,130267,357301,610918,298607,494705,199907,212966,9459,7579,10932,8850,1488824,1173840
31-01-2012,Pro,70368,139875,95835,163912,309702,232778,295346,512614,21062,10764,42295,26071,740509,1180113
31-01-2012,TOTAL,659119,659119,1054809,1054809,980757,1263181,980757,1263181,103401,62888,103401,62888,4124155,4124155
01-02-2012,Client,220274,382422,584573,256336,344361,590068,519194,571823,77495,50400,55150,30646,1867171,1815571
01-02-2012,DII,51369,5702,31017,27210,61895,5602,0,0,1000,25,12,0,150908,32924
01-02-2012,FII,309022,134902,353458,617819,307084,514354,199847,222535,9900,7701,11608,8907,1501519,1195618
01-02-2012,Pro,78649,136288,99323,167006,325229,232589,319528,548255,24486,11877,46111,30450,772153,1247638
01-02-2012,TOTAL,659314,659314,1068371,1068371,1038569,1342613,1038569,1342613,112881,70003,112881,70003,4291751,4291751
02-02-2012,Pro,74611,162019,100114,152196,334375,225708,322649,601439,27367,12461,49071,34325,774636,1321699
02-02-2012,TOTAL,667985,667985,1041071,1041071,1061898,1417901,1061898,1417901,120889,77879,120889,77879,4387623,4387623
02-02-2012,DII,55453,5758,34512,27998,61895,6492,0,0,1025,25,17,0,159402,33773
02-02-2012,Client,218992,367318,544313,256129,336978,653960,534074,594644,81991,56813,59204,34077,1893047,1845446
02-02-2012,FII,318929,132890,362132,604748,328650,531741,205175,221818,10506,8580,12597,9477,1560538,1186705
03-02-2012,Client,224102,390521,544911,261947,335985,726255,524826,648796,83288,63213,63261,37098,1977754,1926449
03-02-2012,DII,55612,5814,36230,26917,64480,11150,0,0,1025,35,77,40,168532,32848
03-02-2012,FII,328706,138645,370999,604137,339847,527435,210425,231510,10813,8795,13274,9574,1586595,1207565
03-02-2012,Pro,85487,158927,103392,162531,320484,223759,325545,608293,31382,12564,49896,37895,777068,1343087
03-02-2012,TOTAL,693907,693907,1055532,1055532,1060796,1488599,1060796,1488599,126508,84607,126508,84607,4509949,4509949
06-02-2012,FII,363826,162198,374388,609407,361846,544556,221307,251615,11231,8768,14322,9687,1664615,1268536
06-02-2012,Client,229673,391231,538771,265697,343883,786351,565137,638492,89535,69914,67286,39841,2058127,1967684
06-02-2012,Pro,82099,173343,102173,154177,343029,229060,328644,685317,32157,13123,52254,42272,801641,1436007
06-02-2012,TOTAL,732586,732586,1055199,1055199,1115088,1575424,1115088,1575424,133948,91840,133948,91840,4704085,4704085
06-02-2012,DII,56988,5814,39867,25918,66330,15457,0,0,1025,35,86,40,179702,31858
07-02-2012,Pro,81602,168191,102586,160041,334113,240763,348645,691283,34119,14232,56151,45133,807415,1469444
07-02-2012,Client,227388,417345,549211,266239,376318,809379,572531,680565,94686,74509,71245,42168,2131491,2050093
07-02-2012,DII,55145,6169,39548,26084,68330,33278,0,0,1025,35,86,40,197361,32379
07-02-2012,FII,388383,160813,381352,620333,366982,561446,224567,273018,12625,10045,14973,11480,1720833,1305184
07-02-2012,TOTAL,752518,752518,1072697,1072697,1145743,1644866,1145743,1644866,142455,98821,142455,98821,4857100,4857100
08-02-2012,FII,400135,166329,380239,638193,370004,578404,227882,295492,14041,10075,17167,12730,1752898,1357793
08-02-2012,Pro,84093,159881,106899,167292,336777,229386,354110,680367,35912,14851,58988,49212,807918,1469850
08-02-2012,TOTAL,766242,766242,1106223,1106223,1173848,1662283,1173848,1662283,151930,106266,151930,106266,4966792,4966792
08-02-2012,DII,55911,5834,38391,26667,68330,35878,0,0,1075,35,86,40,199620,32627
08-02-2012,Client,226103,434198,580694,274071,398737,818615,591856,686424,100902,81305,75689,44284,2206356,2106522
09-02-2012,Client,240347,453234,606696,281314,378149,847961,591301,687598,105805,87130,78146,46691,2266088,2138284
09-02-2012,DII,57588,5834,37061,27159,69030,34728,0,0,1075,35,86,40,199517,33119
09-02-2012,FII,401638,169946,386924,653937,381778,585737,226930,306144,14616,10377,18563,13151,1781070,1388671
09-02-2012,Pro,88868,159427,110988,179259,335525,221426,346251,696110,38826,15834,63527,53494,811467,1498068
09-02-2012,TOTAL,788441,788441,1141669,1141669,1164482,1689852,1164482,1689852,160322,113376,160322,113376,5058142,5058142
10-02-2012,Client,244258,412483,608894,270184,439524,797483,604948,693635,114794,90232,81848,48586,2295185,2111684
10-02-2012,DII,56390,5862,36487,27063,69730,52378,0,0,1075,35,86,40,216095,33051
10-02-2012,FII,382697,202057,383741,665869,383033,625069,233602,312289,15722,10506,18819,13755,1800768,1446391
10-02-2012,Pro,80666,143609,111192,177198,311809,225135,365546,694141,37261,17536,68099,55928,783599,1504521
10-02-2012,TOTAL,764011,764011,1140314,1140314,1204096,1700065,1204096,1700065,168852,118309,168852,118309,5095647,5095647
13-02-2012,TOTAL,753758,753758,1157278,1157278,1209858,1723593,1209858,1723593,179473,127252,179473,127252,5151212,5151212
13-02-2012,Pro,83549,139737,118851,190770,316556,231134,356857,706582,38900,18333,74180,62149,807323,1530275
13-02-2012,FII,374673,192297,384278,670545,386107,626079,233825,329843,15037,11501,18867,13932,1797675,1459309
13-02-2012,DII,55643,6112,34102,27504,69130,49978,0,0,1075,35,86,40,209963,33742
13-02-2012,Client,239893,415612,620047,268459,438065,816402,619176,687168,124461,97383,86340,51131,2336251,2127886
14-02-2012,Client,237027,427718,632234,270247,425477,871276,610999,693433,123776,100970,87650,52358,2390760,2142405
14-02-2012,DII,55661,6112,33744,27536,69130,36162,0,0,1050,76,162,40,195823,33850
14-02-2012,FII,375652,186181,382519,684611,375617,623218,231602,332891,15267,12197,19581,15454,1784470,1470320
14-02-2012,Pro,89547,137876,129770,195873,323138,235190,350761,739522,38874,18285,71574,63676,834804,1559282
14-02-2012,TOTAL,757887,757887,1178267,1178267,1193362,1765846,1193362,1765846,178967,131528,178967,131528,5205857,5205857
15-02-2012,Client,226214,439926,638174,259163,371179,978641,630818,692570,116533,106501,83960,54354,2437242,2160791
15-02-2012,DII,53389,6084,32245,29735,69030,36128,0,0,1050,76,122,0,191918,35941
15-02-2012,FII,408329,190903,383281,701719,408143,630915,226558,327992,14833,12213,19517,16803,1857714,1483492
15-02-2012,Pro,96022,147041,137084,200167,313264,227933,304240,853055,39596,19514,68413,67147,833413,1640063
15-02-2012,TOTAL,783954,783954,1190784,1190784,1161616,1873617,1161616,1873617,172012,138304,172012,138304,5320287,5320287
16-02-2012,Pro,89384,132943,143211,205993,294879,222080,318138,872511,40170,22164,75150,70493,811888,1675228
16-02-2012,TOTAL,770185,770185,1207219,1207219,1162327,1927173,1162327,1927173,181413,143932,181413,143932,5392249,5392249
16-02-2012,DII,51264,6084,32778,32335,69030,36128,0,0,1050,76,142,72,190326,38633
16-02-2012,Client,221675,428737,659672,247157,390708,965166,615539,734255,126023,109932,87126,55597,2473176,2168411
16-02-2012,FII,407862,202421,371558,721734,407710,703799,228650,320407,14170,11760,18995,17770,1916859,1509977
17-02-2012,Client,200768,427576,651022,238980,385602,964448,608564,758680,128001,111882,86828,55727,2441723,2176355
17-02-2012,DII,47858,6013,29519,32587,69030,47098,0,0,1050,90,142,0,194645,38742
17-02-2012,FII,426013,192160,369714,705965,427861,757022,239376,334430,14527,11462,18014,19149,2006599,1509094
17-02-2012,Pro,87192,136082,143328,216051,294226,237167,328779,912625,43028,25685,81622,74243,830626,1749402
17-02-2012,TOTAL,761831,761831,1193583,1193583,1176719,2005735,1176719,2005735,186606,149119,186606,149119,5473593,5473593
21-02-2012,Client,212550,440373,671284,241740,384812,1022835,576864,777269,128400,116875,86340,56342,2536756,2178928
21-02-2012,DII,44843,7439,28619,35242,69030,47098,0,0,1050,90,142,0,190730,42823
21-02-2012,FII,445340,214320,378240,723644,420870,772535,240373,351979,13974,10840,17590,19129,2041799,1567035
21-02-2012,Pro,89247,129848,143940,221457,266163,212625,323638,925845,42199,24661,81551,76995,778835,1759334
21-02-2012,TOTAL,791980,791980,1222083,1222083,1140875,2055093,1140875,2055093,185623,152466,185623,152466,5548120,5548120
22-02-2012,Pro,98076,120780,130166,209758,269832,249877,413956,911396,40002,29696,89074,72055,817649,1817019
22-02-2012,TOTAL,898552,898552,1232646,1232646,1247792,2029003,1247792,2029003,193738,147263,193738,147263,5748994,5748994
22-02-2012,DII,46281,8950,25475,35013,69030,52768,0,0,1050,90,142,0,194694,44105
22-02-2012,Client,244017,476913,712728,255366,485628,904062,586469,742782,139556,106670,87579,55721,2592661,2204830
22-02-2012,FII,510178,291909,364277,732509,423302,822296,247367,374825,13130,10807,16943,19487,2143990,1683040
23-02-2012,Client,149158,421234,652418,170335,254346,225584,363940,449646,37718,14342,25858,10191,1333566,1441204
23-02-2012,DII,38461,4269,10966,30788,69030,42092,0,0,1000,14,0,0,161563,35057
23-02-2012,FII,371861,86331,248963,638814,260491,578049,200747,199469,1824,968,3208,2211,1462156,1130780
23-02-2012,Pro,50007,97653,78491,150901,184633,174810,203813,371420,10204,7168,21680,10090,505313,855557
23-02-2012,TOTAL,609487,609487,990838,990838,768500,1020535,768500,1020535,50746,22492,50746,22492,3462598,3462598
24-02-2012,TOTAL,637798,637798,1024512,1024512,822837,1091599,822837,1091599,74905,34468,74905,34468,3686119,3686119
24-02-2012,Pro,47928,100955,84643,159481,191268,181481,232514,393569,13523,11467,31026,13446,530310,930991
24-02-2012,FII,393217,95716,245561,657006,263335,631061,209995,203027,6195,4766,8409,6125,1544135,1180278
24-02-2012,Client,160361,432847,683995,176275,299204,235715,380328,495003,54187,18221,35470,14897,1451683,1534820
24-02-2012,DII,36292,8280,10313,31750,69030,43342,0,0,1000,14,0,0,159991,40030
27-02-2012,Client,186377,424476,705976,171636,382155,225077,404077,525364,67302,22075,42112,21127,1588962,1588792
27-02-2012,DII,36356,8463,10481,33166,69030,56504,0,0,1000,14,0,0,173385,41629
27-02-2012,FII,366014,98078,244309,679787,260993,694737,235964,228575,7440,6382,9465,8030,1579875,1259899
27-02-2012,Pro,43392,101122,87157,163334,190313,204660,262450,427039,14740,16744,38905,16058,557006,1008908
27-02-2012,TOTAL,632139,632139,1047923,1047923,902491,1180978,902491,1180978,90482,45215,90482,45215,3899228,3899228
28-02-2012,Pro,50253,100230,92002,168733,204829,201598,261784,437504,17320,17181,40936,18790,583183,1027977
28-02-2012,TOTAL,644768,644768,1066453,1066453,933272,1214526,933272,1214526,99504,51355,99504,51355,4009878,4009878
28-02-2012,DII,35323,11389,11830,33012,69030,42277,0,0,1000,14,0,0,159474,44401
28-02-2012,Client,164381,441298,714868,164090,370882,263641,439235,542012,72364,26336,47389,23887,1612472,1657911
28-02-2012,FII,394811,91851,247753,700618,288531,707010,232253,235010,8820,7824,11179,8678,1654749,1279589
29-02-2012,Client,182275,438319,721520,165465,392771,272171,462794,547449,78423,29797,51180,25582,1676957,1690789
29-02-2012,DII,34447,11349,10879,32882,69072,42277,0,0,1000,0,0,0,157675,44231
29-02-2012,FII,397121,100331,246503,708578,296524,729105,240846,263581,10143,9095,12803,9809,1688491,1335948
29-02-2012,Pro,43873,107717,93439,165416,210793,221493,265520,454016,19586,18266,45169,21767,607450,1059605
29-02-2012,TOTAL,657716,657716,1072341,1072341,969160,1265046,969160,1265046,109152,57158,109152,57158,4130573,4130573
01-03-2012,Client,193915,441943,735259,167095,442466,253973,499888,549089,87881,32153,54873,27921,1745647,1740809
01-03-2012,DII,31107,11220,12665,34186,69072,42277,0,0,1000,0,0,0,156121,45406
01-03-2012,FII,383762,100437,247722,726890,312193,737035,243418,274010,11237,9575,15003,10246,1701524,1370004
01-03-2012,Pro,48846,104030,97207,164682,220059,239974,300484,450160,21163,20390,51405,23951,647639,1094712
01-03-2012,TOTAL,657630,657630,1092853,1092853,1043790,1273259,1043790,1273259,121281,62118,121281,62118,4250931,4250931
02-03-2012,Pro,46424,110973,96066,156866,227686,229993,299977,454480,23235,20195,53779,25049,643599,1101124
02-03-2012,TOTAL,664650,664650,1085527,1085527,1048954,1288013,1048954,1288013,126759,65811,126759,65811,4279714,4279714
02-03-2012,DII,31016,11232,13781,34329,69072,47601,0,0,1000,0,0,0,162470,45561
02-03-2012,Client,206215,445326,731896,162457,437588,274322,505400,570702,91061,35307,58226,30204,1776389,1772315
02-03-2012,FII,380995,97119,243784,731875,314608,736097,243577,262831,11463,10309,14754,10558,1697256,1360714
03-03-2012,FII,381971,97312,243148,731261,314953,736212,243999,262101,11463,10309,14754,10558,1698056,1359985
03-03-2012,Pro,47627,110368,96844,156954,229640,227754,303940,456883,23655,20445,54411,25275,645965,1107831
03-03-2012,TOTAL,665293,665293,1085420,1085420,1057669,1296434,1057669,1296434,128055,66593,128055,66593,4299464,4299464
03-03-2012,DII,31016,11232,13781,34338,69072,47601,0,0,1000,0,0,0,162470,45570
03-03-2012,Client,204679,446381,731647,162867,444004,284867,509730,577450,91937,35839,58890,30760,1792973,1786078
05-03-2012,Client,230928,458583,734035,163612,514580,302559,530225,595097,103479,37421,64558,34208,1923002,1846283
05-03-2012,DII,29632,11334,12367,35685,74349,47075,0,0,1000,0,0,0,164423,47019
05-03-2012,TOTAL,691506,691506,1089078,1089078,1142333,1346600,1142333,1346600,140037,70983,140037,70983,4480537,4480537
05-03-2012,FII,385819,96217,243636,734960,316415,762482,274150,282465,11696,10789,15404,10950,1730837,1414146
05-03-2012,Pro,45127,125372,99040,154821,236989,234484,337958,469038,23862,22773,60075,25825,662275,1173089
06-03-2012,Client,272643,486275,728875,168988,544392,309266,556266,628472,110104,36645,68478,35683,2001925,1944162
06-03-2012,DII,34703,10115,12399,36810,76349,47675,0,0,900,0,0,0,172026,46925
06-03-2012,FII,396261,120918,247284,728893,327745,763205,283978,289103,12653,10986,16091,11543,1758134,1450526
06-03-2012,Pro,47441,133740,96723,150590,241162,265029,349404,467600,24853,24564,63941,24969,699772,1190244
06-03-2012,TOTAL,751048,751048,1085281,1085281,1189648,1385175,1189648,1385175,148510,72195,148510,72195,4631857,4631857
07-03-2012,TOTAL,741277,741277,1104348,1104348,1229052,1379988,1229052,1379988,159009,75459,159009,75459,4689133,4689133
07-03-2012,Pro,51460,128012,102732,160812,236270,250031,375263,444340,25659,25894,69395,25666,692046,1203488
07-03-2012,FII,373079,126041,249141,738615,335707,777276,299870,297922,12949,12000,16618,12373,1760152,1491439
07-03-2012,Client,281982,482683,739471,166851,579170,312931,553919,637726,119501,37565,72996,37420,2070620,1951595
07-03-2012,DII,34756,4541,13004,38070,77905,39750,0,0,900,0,0,0,166315,42611
09-03-2012,Client,274358,488562,733338,165450,535648,366249,559452,646139,116282,41146,74627,36425,2067021,1970655
09-03-2012,DII,34451,4496,13376,37694,77912,39750,0,0,900,0,0,0,166389,42190
09-03-2012,FII,393989,128097,253751,741821,351911,775735,296988,311142,16425,12654,17129,11945,1804465,1507122
09-03-2012,Pro,50311,131954,104122,159622,247591,214351,356622,438804,27877,23700,69728,29130,667952,1185860
09-03-2012,TOTAL,753109,753109,1104587,1104587,1213062,1396085,1213062,1396085,161484,77500,161484,77500,4705827,4705827
12-03-2012,Client,289154,484090,728752,166137,583636,367850,594174,619410,118061,43531,75739,36832,2130984,1976382
12-03-2012,DII,33099,4548,14530,41808,77928,39750,0,0,715,0,0,0,166022,46356
12-03-2012,FII,379436,138398,256102,733457,346728,754007,294667,286501,16561,14175,17528,12265,1767009,1482816
12-03-2012,Pro,56440,131093,103928,161910,256580,215530,376031,471226,28861,22629,70931,31238,683968,1242429
12-03-2012,TOTAL,758129,758129,1103312,1103312,1264872,1377137,1264872,1377137,164198,80335,164198,80335,4747983,4747983
13-03-2012,Pro,65583,124803,106181,169120,257633,229321,383306,467416,30546,21405,68075,32860,710669,1245580
13-03-2012,TOTAL,765119,765119,1114714,1114714,1267138,1436939,1267138,1436939,164036,82536,164036,82536,4830482,4830482
13-03-2012,DII,33281,4448,15857,41056,80548,39047,0,0,611,0,0,0,169344,45504
13-03-2012,Client,292316,501673,728947,169393,539848,414735,595927,617667,117422,49218,76454,36902,2142486,1998016
13-03-2012,FII,373939,134195,263729,735145,389109,753836,287905,351856,15457,11913,19507,12774,1807983,1541382
14-03-2012,Client,292282,527738,739112,171232,551845,439235,606168,620914,120126,54218,78233,38726,2196818,2043011
14-03-2012,DII,34859,4448,17044,34659,83292,39547,0,0,0,0,0,0,174742,39107
14-03-2012,FII,396395,124780,268409,749409,372847,800102,284854,363182,14717,12177,19108,13908,1864647,1555241
14-03-2012,Pro,65692,132262,106241,175506,250777,245271,367739,540059,31388,21365,68890,35126,720734,1319582
14-03-2012,TOTAL,789228,789228,1130806,1130806,1258761,1524155,1258761,1524155,166231,87760,166231,87760,4956941,4956941
15-03-2012,TOTAL,805528,805528,1139965,1139965,1366092,1518687,1366092,1518687,179675,90164,179675,90164,5100111,5100111
15-03-2012,Pro,63608,129651,106363,172676,245909,240325,437835,531966,30026,22067,78208,36827,708298,1387163
15-03-2012,FII,407104,154330,272092,762473,362753,812511,284844,368387,15590,12667,20707,13600,1882717,1604341
15-03-2012,Client,301492,517043,747453,168152,674159,425934,643413,618334,134059,55430,80760,39737,2338527,2067439
15-03-2012,DII,33324,4504,14057,36664,83271,39917,0,0,0,0,0,0,170569,41168
16-03-2012,Client,287663,520278,749595,165328,752169,423638,633348,623676,148947,54748,82945,39780,2416760,2065355
16-03-2012,DII,30894,6321,16671,38839,83264,20933,0,0,0,0,0,0,151762,45160
16-03-2012,FII,424183,158887,274022,773410,325508,814180,313361,394686,15298,12308,18583,13155,1865499,1672082
16-03-2012,Pro,72636,129890,107054,169765,238139,241365,452371,481754,29043,24155,91760,38276,712392,1363816
16-03-2012,TOTAL,815376,815376,1147342,1147342,1399080,1500116,1399080,1500116,193288,91211,193288,91211,5146413,5146413
19-03-2012,DII,27389,4713,19828,35727,83264,35897,0,0,0,0,0,0,166378,40440
19-03-2012,Pro,65484,133900,109893,166945,231931,243895,479330,494624,28108,24776,104950,38001,704087,1417750
19-03-2012,Client,299317,506124,747632,168817,809066,411592,620034,658968,165506,53546,85822,40186,2486659,2079951
19-03-2012,TOTAL,828117,828117,1149061,1149061,1444818,1526908,1444818,1526908,208801,90691,208801,90691,5248396,5248396
19-03-2012,FII,435927,183380,271708,777572,320557,835524,345454,373316,15187,12369,18029,12504,1891272,1710255
20-03-2012,Client,298662,499855,737692,167344,817286,429501,631360,679509,168354,55895,87307,40471,2507390,2105846
20-03-2012,DII,26838,4645,19925,35753,83264,35897,0,0,0,0,0,0,165924,40398
20-03-2012,FII,429063,183667,273947,771651,322008,838156,350038,345448,14910,12344,17828,12481,1890428,1681113
20-03-2012,Pro,65451,131847,119566,176382,253428,244124,494588,522721,28144,23533,106273,38820,734246,1470631
20-03-2012,TOTAL,820014,820014,1151130,1151130,1475986,1547678,1475986,1547678,211408,91772,211408,91772,5297988,5297988
21-03-2012,Client,311584,487700,742935,165758,748156,466674,603927,690752,161095,60037,86262,40480,2490481,2074879
21-03-2012,DII,27804,6406,21465,35799,90574,34640,0,0,0,0,0,0,174483,42205
21-03-2012,FII,408255,199151,278997,779870,327548,840856,338746,335057,14109,12760,16877,11668,1882525,1681369
21-03-2012,Pro,67709,122095,132092,194062,242820,257073,466425,573434,30576,21539,102641,42188,751809,1500845
21-03-2012,TOTAL,815352,815352,1175489,1175489,1409098,1599243,1409098,1599243,205780,94336,205780,94336,5299298,5299298
22-03-2012,Pro,61359,151493,138890,183383,232120,226225,500084,558256,28430,24532,112360,38646,711556,1544222
22-03-2012,Client,311733,472797,722052,157556,845424,388549,626649,687745,174218,53837,88138,40282,2495813,2073167
22-03-2012,DII,29624,4414,19804,34060,93683,33904,0,0,0,0,0,0,177015,38474
22-03-2012,TOTAL,815518,815518,1159632,1159632,1504420,1522697,1504420,1522697,217078,90951,217078,90951,5310296,5310296
22-03-2012,FII,412802,186814,278886,784633,333193,874019,377687,276696,14430,12582,16580,12023,1925912,1654433
23-03-2012,Client,299155,448494,701260,151432,838007,411530,659454,722083,174930,56450,88388,40194,2481332,2110045
23-03-2012,DII,29496,4414,19384,33235,93683,33774,0,0,0,0,0,0,176337,37649
23-03-2012,FII,423179,211419,285222,785119,342801,969521,390105,280909,14571,13015,15960,11113,2048309,1694625
23-03-2012,Pro,53773,141276,149249,185329,241945,234830,466877,646663,28702,23174,113855,41332,731673,1595332
23-03-2012,TOTAL,805603,805603,1155115,1155115,1516436,1649655,1516436,1649655,218203,92639,218203,92639,5437651,5437651
26-03-2012,Client,320586,416961,696973,146439,948087,346881,675699,758558,187203,53394,87603,40660,2553124,2125920
26-03-2012,DII,28506,3840,19149,31172,96298,63774,0,0,0,0,0,0,207727,35012
26-03-2012,FII,417116,261265,286980,793210,344564,1023210,397101,302131,12946,13852,15864,9957,2098668,1779528
26-03-2012,Pro,59978,144120,154684,186965,223124,210490,539273,583666,27079,25627,123761,42256,700982,1620041
26-03-2012,TOTAL,826186,826186,1157786,1157786,1612073,1644355,1612073,1644355,227228,92873,227228,92873,5560501,5560501
27-03-2012,DII,30625,3772,18390,28348,96246,62074,0,0,0,0,0,0,207335,32120
27-03-2012,Pro,66051,138137,162291,198888,234073,217930,518578,591670,29274,24252,122605,44262,733871,1614140
27-03-2012,Client,296537,386640,675268,146580,886459,400693,665458,758222,183010,55638,87942,40735,2497605,2085577
27-03-2012,TOTAL,835137,835137,1140614,1140614,1562783,1669247,1562783,1669247,226066,93961,226066,93961,5527808,5527808
27-03-2012,FII,441924,306588,284665,766798,346005,988550,378747,319355,13782,14071,15519,8964,2088997,1795971
28-03-2012,Client,309397,392421,679462.5846,155835.6154,958049,396142,663259,746849,186855,53455,89651,40458,2583360.585,2088473.615
28-03-2012,DII,26382,3956,16229,27846,96246,52149,0,0,0,0,0,0,191006,31802
28-03-2012,FII,471345,329645,290732.7077,760982.6462,343317,976395,377123,307640,13557,13668,14950,9035,2109014.708,1799375.646
28-03-2012,Pro,74002,155104,155173.4615,196933.4923,220329,207528,577559,577725,28648,25135,124459,42765,710815.4615,1674545.492
28-03-2012,TOTAL,881126,881126,1141597.754,1141597.754,1617941,1632214,1617941,1632214,229060,92258,229060,92258,5594196.754,5594196.754
29-03-2012,Client,244412,322383,577979,120933,347378,198476,329322,400247,35148,14169,20525,11720,1417562,1205130
29-03-2012,DII,26175,847,13412,18900,96246,7608,0,0,0,0,0,0,143441,19747
29-03-2012,FII,264439,124356,173114,588038,172028,521972,244852,120206,642,602,1115,696,1132797,1079263
29-03-2012,Pro,32728,120168,99717,136351,165123,114747,206601,322350,5472,6555,19622,8910,424342,814002
29-03-2012,TOTAL,567754,567754,864222,864222,780775,842803,780775,842803,41262,21326,41262,21326,3118142,3118142
30-03-2012,Pro,44565,113546,106579,139451,192025,159255,217505,335793,9551,7886,23530,12436,519861,842261
30-03-2012,FII,242417,121635,180601,592462,180011,496136,245058,114400,4116,2651,3864,2542,1105932,1079961
30-03-2012,TOTAL,571933,571933,886326,886326,846316,950230,846316,950230,59517,30151,59517,30151,3344473,3344473
30-03-2012,Client,256935,330965,584476,134855,378034,287439,383753,500037,45850,19614,32123,15173,1572348,1396906
30-03-2012,DII,28016,5787,14670,19558,96246,7400,0,0,0,0,0,0,146332,25345
02-04-2012,Client,220524,296418,594762,143277,381006,309929,387446,516912,56344,24094,39530,18934,1586659,1402517
02-04-2012,DII,29783,9171,15386,19678,96246,7335,0,0,0,0,0,0,148750,28849
02-04-2012,FII,240979,113008,181194,596098,190089,522706,243297,122782,5437,3539,5205,3843,1143944,1084233
02-04-2012,Pro,44699,117388,109633,141922,194225,152425,230823,352701,12430,9778,29476,14634,523190,886944
02-04-2012,TOTAL,535985,535985,900975,900975,861566,992395,861566,992395,74211,37411,74211,37411,3402543,3402543
03-04-2012,Pro,48849,124789,113654,143026,201186,161847,232524,372217,14909,10595,33113,18493,551040,924162
03-04-2012,TOTAL,532304,532304,915777,915777,875798,1038178,875798,1038178,82174,44084,82174,44084,3488315,3488315
03-04-2012,Client,202051,291434,597510,153542,382610,344965,402385,541296,61257,29118,43545,21164,1617511,1453366
03-04-2012,DII,29686,12348,15615,19627,96246,6010,0,0,0,0,0,0,147557,31975
03-04-2012,FII,251718,103733,188998,599582,195756,525356,240889,124665,6008,4371,5516,4427,1172207,1078812
04-04-2012,FII,242120,100500,189711,604997,198748,552921,248189,130173,6284,5248,7072,4635,1195032,1095566
04-04-2012,Pro,44588,118495,117591,140018,195934,191413,241991,384749,15735,12995,37647,20114,578256,943014
04-04-2012,Client,198528,281857,598569,155717,403417,326846,406165,564523,70030,31737,47330,25231,1629127,1480823
04-04-2012,DII,28412,12796,16269,21408,98246,8265,0,0,0,0,0,0,151192,34204
04-04-2012,TOTAL,513648,513648,922140,922140,896345,1079445,896345,1079445,92049,49980,92049,49980,3553607,3553607
09-04-2012,TOTAL,506749,506749,926571,926571,953535,1083013,953535,1083013,108684,53143,108684,53143,3631695,3631695
09-04-2012,Pro,41404,117135,119803,138078,191146,193019,282225,371213,15946,15744,47015,20333,577062,975999
09-04-2012,DII,28916,8683,16250,21209,100246,9949,0,0,0,30,0,0,155391,29892
09-04-2012,FII,219189,120801,189178,613584,202435,589670,256656,152243,7773,5723,7938,4912,1213968,1156134
09-04-2012,Client,217240,260130,601340,153700,459708,290375,414654,559557,84965,31646,53731,27898,1685274,1469670
10-04-2012,Client,225861,249624,609757,162821,490708,303255,433154,579093,94124,34551,58786,30143,1758256,1513621
10-04-2012,DII,29116,8683,17054,22648,104246,9949,0,0,0,30,0,0,160395,31331
10-04-2012,FII,206871,135320,190731,607746,205738,608779,268560,162464,8320,6701,8895,5208,1227140,1188193
10-04-2012,Pro,45617,113838,124200,148527,188968,202288,287946,382714,17804,16753,52567,22684,595630,1008276
10-04-2012,TOTAL,507465,507465,941742,941742,989660,1124271,989660,1124271,120248,58035,120248,58035,3741421,3741421
11-04-2012,Client,232678,243110,617273,168590,504544,309776,452023,601321,103186,37715,63258,32973,1805172,1561275
11-04-2012,DII,29230,8683,17200,23831,106246,9410,0,0,0,30,0,0,162116,32514
11-04-2012,FII,207822,148894,196521,609328,221135,641551,284525,158008,8629,7448,9760,5824,1283106,1216339
11-04-2012,Pro,45132,114175,127605,156850,199029,211021,294406,412429,18569,18455,57366,24851,619811,1060077
11-04-2012,TOTAL,514862,514862,958599,958599,1030954,1171758,1030954,1171758,130384,63648,130384,63648,3870205,3870205
12-04-2012,Pro,47014,120330,130009,156187,212844,216044,298747,436762,20862,19520,64314,33083,646293,1109423
12-04-2012,TOTAL,524104,524104,963522,963522,1056351,1228665,1056351,1228665,144175,77777,144175,77777,3994594,3994594
12-04-2012,DII,29035,8683,17842,23439,108115,8317,0,0,0,30,0,0,163339,32122
12-04-2012,Client,228255,241495,616081,171304,503733,355943,470240,630448,114129,50769,67777,38004,1868910,1619268
12-04-2012,FII,219800,153596,199590,612592,231659,648361,287364,161455,9184,7458,12084,6690,1316052,1233781
13-04-2012,Client,236888,248794,632646,176464,574157,307332,509969,630155,143981,45965,76178,37609,1940969,1679169
13-04-2012,DII,28998,8137,18508,27712,108865,6440,0,0,0,0,0,0,162811,35849
13-04-2012,FII,224490,150314,202259,619599,266439,681621,305200,170857,10638,8299,15302,6989,1393746,1268261
13-04-2012,Pro,41207,124338,135255,164893,199267,251609,333559,445990,21289,23162,84428,32828,671789,1186036
13-04-2012,TOTAL,531583,531583,988668,988668,1148728,1247002,1148728,1247002,175908,77426,175908,77426,4169315,4169315
16-04-2012,TOTAL,528506,528506,1003300,1003300,1180737,1259890,1180737,1259890,192693,86310,192693,86310,4251436,4251436
16-04-2012,Pro,45400,123568,143692,176346,197306,245611,342299,444181,22361,23219,92810,37484,677589,1216688
16-04-2012,FII,217980,156424,203213,618630,265780,681182,307074,176575,10749,9860,16239,7661,1388764,1282603
16-04-2012,Client,236128,240377,637843,180974,606386,326657,531364,639134,159583,53231,83644,41165,2019828,1716658
16-04-2012,DII,28998,8137,18552,27350,111265,6440,0,0,0,0,0,0,165255,35487
17-04-2012,Client,229178,261859,647898,185796,585964,407176,555954,683782,158127,61852,86710,43274,2090195,1817375
17-04-2012,DII,33636,8137,18750,25924,111201,9104,0,0,0,0,0,0,172691,34061
17-04-2012,FII,237155,155017,207338,624523,283860,656277,323662,161930,11370,10520,16111,7687,1406520,1288930
17-04-2012,Pro,54023,128979,153622,191365,219181,237981,320590,464826,25182,22767,91858,44178,712756,1241796
17-04-2012,TOTAL,553992,553992,1027608,1027608,1200206,1310538,1200206,1310538,194679,95139,194679,95139,4382162,4382162
18-04-2012,Pro,49314,131024,158985,197263,214655,231406,318224,484131,25976,23634,92307,46687,703970,1269636
18-04-2012,FII,259423,153618,204337,629993,305347,678184,317120,159662,12120,10108,18615,7961,1469519,1286969
18-04-2012,TOTAL,568229,568229,1043321,1043321,1218478,1358375,1218478,1358375,200999,99885,200999,99885,4489287,4489287
18-04-2012,Client,225838,275590,660618,190352,587275,438356,583134,714582,162903,66143,90077,45237,2141133,1898972
18-04-2012,DII,33654,7997,19381,25713,111201,10429,0,0,0,0,0,0,174665,33710
19-04-2012,Client,227261,302202,689294,199700,560268,476194,555000,736545,165262,71255,91889,47066,2189534,1932402
19-04-2012,DII,30817,7969,20119,25961,111201,10697,0,0,0,0,0,0,172834,33930
19-04-2012,FII,284068,152013,200521,640361,310628,679332,318931,158243,12016,10529,19273,8422,1497094,1297243
19-04-2012,Pro,53957,133919,173246,217158,234399,226761,342565,498196,28170,23721,94286,50017,740254,1336141
19-04-2012,TOTAL,596103,596103,1083180,1083180,1216496,1392984,1216496,1392984,205448,105505,205448,105505,4599716,4599716
20-04-2012,Client,220729,293749,694879,189090,571970,433060,559196,720379,170055,72875,92613,48766,2163568,1903793
20-04-2012,DII,30852,8292,18416,24605,111201,7393,0,0,0,0,0,0,167862,32897
20-04-2012,FII,282788,156690,198102,656541,306259,705950,315025,169102,11383,10433,18573,9286,1514915,1325217
20-04-2012,Pro,53361,128999,175782,216943,220193,221663,335402,478585,28543,25002,98795,50258,724544,1308982
20-04-2012,TOTAL,587730,587730,1087179,1087179,1209623,1368066,1209623,1368066,209981,108310,209981,108310,4570889,4570889
23-04-2012,FII,275302,170295,203026,667982,293686,738274,309288,173232,11535,9763,16860,8013,1531586,1345670
23-04-2012,Client,248742,290392,693216,189076,684457,392798,592137,734413,179691,66964,91996,48400,2265868,1946414
23-04-2012,Pro,49964,135633,183948,214548,213501,241749,401420,472951,27955,27453,110325,47767,744570,1382644
23-04-2012,TOTAL,603729,603729,1096535,1096535,1302845,1380596,1302845,1380596,219181,104180,219181,104180,4707066,4707066
23-04-2012,DII,29721,7409,16345,24929,111201,7775,0,0,0,0,0,0,165042,32338
24-04-2012,Client,260044,308042,710244,209751,675850,429432,603722,736669,179157,72848,92490,48983,2327575,1999657
24-04-2012,DII,29910,5014,14222,25790,111201,450,0,0,0,0,0,0,155783,30804
24-04-2012,FII,284117,181304,208819,667962,300902,738531,307787,183047,10835,9080,16134,7708,1552284,1363942
24-04-2012,Pro,49655,129366,185142,214924,221025,229917,397469,478614,30670,26751,112038,51988,743160,1384399
24-04-2012,TOTAL,623726,623726,1118427,1118427,1308978,1398330,1308978,1398330,220662,108679,220662,108679,4778802,4778802
25-04-2012,Pro,61203,138883,175375,205102,217558,237889,427138,486011,30140,27390,113621,50687,749555,1421442
25-04-2012,TOTAL,691334,691334,1124066,1124066,1345705,1389081,1345705,1389081,222498,105686,222498,105686,4878370,4878370
25-04-2012,Client,284333,320546,718723,227571,707830,414336,616715,723555,182246,69340,93440,48190,2376808,2030017
25-04-2012,DII,29780,5014,13610,24743,111201,1640,0,0,0,0,0,0,156231,29757
25-04-2012,FII,316018,226891,216358,666650,309116,735216,301852,179515,10112,8956,15437,6809,1595776,1397154
26-04-2012,FII,216044,138111,159814,579630,198847,403992,211563,84250,1107,917,1449,730,980721,1015733
26-04-2012,Pro,47942,101767,107871,157372,169005,182287,187319,258030,8400,10595,23364,11211,526100,739063
26-04-2012,Client,210592,262081,638684,162267,267106,167519,336910,413158,43636,18381,28330,17952,1345918,1220698
26-04-2012,DII,33504,6123,11201,18301,100834,1640,0,0,0,0,0,0,147179,24424
26-04-2012,TOTAL,508082,508082,917570,917570,735792,755438,735792,755438,53143,29893,53143,29893,2999918,2999918
27-04-2012,TOTAL,510535,510535,1007941,1007941,803110,873605,803110,873605,83739,43687,83739,43687,3322617,3322617
27-04-2012,Pro,55747,105282,119187,178160,171219,236220,201667,288239,12988,15101,34686,15853,610462,823887
27-04-2012,DII,33484,6123,13234,22778,100834,1640,0,0,0,0,0,0,149192,28901
27-04-2012,FII,195246,134575,175774,620606,207525,425955,225403,94126,5776,3684,5118,3222,1013960,1083050
27-04-2012,Client,226058,264555,699746,186397,323532,209790,376040,491240,64975,24902,43935,24612,1549003,1386779
28-04-2012,Client,223177,262876,701785,187437,324754,213261,380484,494273,67201,25403,45648,25072,1555581,1395790
28-04-2012,DII,33484,6123,13234,22778,100834,1640,0,0,0,0,0,0,149192,28901
28-04-2012,FII,195233,134006,175882,620601,207951,426078,225403,93506,5776,3684,5118,3222,1014604,1081856
28-04-2012,Pro,57263,106152,120434,180519,171586,240563,199238,293763,13338,15255,35549,16048,618439,831269
28-04-2012,TOTAL,509157,509157,1011335,1011335,805125,881542,805125,881542,86315,44342,86315,44342,3337816,3337816
30-04-2012,Client,227648,271870,706607,190279,332023,253039,406226,530885,72258,30619,50299,28201,1622194,1477760
30-04-2012,DII,33500,6018,13388,24229,100834,1262,0,0,0,0,0,0,148984,30247
30-04-2012,FII,208497,136410,177922,619807,217656,439342,224885,92280,6895,4269,6281,3691,1054581,1083354
30-04-2012,Pro,54385,109732,122751,186353,186079,239550,205481,310028,15610,15321,38183,18317,633696,868094
30-04-2012,TOTAL,524030,524030,1020668,1020668,836592,933193,836592,933193,94763,50209,94763,50209,3459455,3459455
02-05-2012,Pro,58378,113138,124959,186171,190038,254424,214505,317583,17125,16871,44096,20265,661795,895758
02-05-2012,TOTAL,523560,523560,1027797,1027797,885940,974019,885940,974019,107471,56284,107471,56284,3575071,3575071
02-05-2012,DII,33683,9118,13838,24489,100834,1637,0,0,0,0,0,0,149992,33607
02-05-2012,Client,229469,273852,710628,193029,370504,263736,438018,556384,80468,34059,55312,31430,1688864,1548025
02-05-2012,FII,202030,127452,178372,624108,224564,454222,233417,100052,9878,5354,8063,4589,1074420,1097681
03-05-2012,Client,240503,274249,717573,190620,428795,255053,452900,585274,91934,36223,61408,35019,1770081,1599470
03-05-2012,DII,33784,9185,12519,24528,102834,1708,0,0,0,0,0,0,150845,33713
03-05-2012,FII,199197,135399,178576,633808,216431,494827,237992,107427,9967,5553,8011,4881,1104551,1127518
03-05-2012,Pro,60214,114865,127039,186751,188404,256951,245572,315838,17603,20224,50085,22100,670435,935211
03-05-2012,TOTAL,533698,533698,1035707,1035707,936464,1008539,936464,1008539,119504,62000,119504,62000,3695912,3695912
04-05-2012,TOTAL,560821,560821,1036072,1036072,1031807,1068352,1031807,1068352,136221,66744,136221,66744,3900017,3900017
04-05-2012,Pro,65947,114338,126049,184293,189545,270085,302888,336546,17987,23516,61378,23966,693129,1023409
04-05-2012,FII,189791,170099,179236,642857,223108,550808,264775,110564,10255,5966,7572,5595,1159164,1201462
04-05-2012,Client,269206,269315,718769,183826,516320,245801,464144,621242,107979,37262,67271,37183,1895337,1642981
04-05-2012,DII,35877,7069,12018,25096,102834,1658,0,0,0,0,0,0,152387,32165
07-05-2012,Client,256473,256562,729702,175643,590794,253044,484878,644732,117457,39163,70865,38973,1986633,1671653
07-05-2012,DII,40638,3679,13657,24931,103834,1723,0,0,0,0,0,0,159852,28610
07-05-2012,FII,195049,178882,178084,667053,233550,603015,307593,117744,11948,8025,9358,6467,1229671,1287097
07-05-2012,Pro,58947,111984,135972,189788,187464,246594,323171,341900,19884,25045,69066,26793,673906,1062702
07-05-2012,TOTAL,551107,551107,1057415,1057415,1115642,1104376,1115642,1104376,149289,72233,149289,72233,4050062,4050062
08-05-2012,TOTAL,601810,601810,1060383,1060383,1244083,1165889,1244083,1165889,165559,75278,165559,75278,4313002,4313002
08-05-2012,Pro,65390,134189,132167,184787,204758,264248,377233,374650,20385,28612,79215,26979,715560,1177053
08-05-2012,FII,206190,194933,182246,674117,246113,655936,345326,128174,13273,8722,9986,8346,1312480,1360882
08-05-2012,DII,41003,3659,14686,25132,118352,1723,0,0,0,0,0,0,175764,28791
08-05-2012,Client,289227,269029,731284,176347,674860,243982,521524,663065,131901,37944,76358,39953,2109198,1746276
09-05-2012,Client,286805,265047,734208,175880,713575,267059,547398,712693,144981,39950,81859,41445,2186578,1824322
09-05-2012,DII,40874,3659,15814,26202,122556,1803,0,0,0,0,0,0,181047,29861
09-05-2012,FII,212222,196031,181869,682646,253273,709674,352200,134548,13576,9277,9785,8294,1379891,1383504
09-05-2012,Pro,62719,137883,138411,185574,213669,281738,403475,413033,20913,30244,87826,29732,747694,1257523
09-05-2012,TOTAL,602620,602620,1070302,1070302,1303073,1260274,1303073,1260274,179470,79471,179470,79471,4495210,4495210
10-05-2012,Client,283294,265184,727695,179932,747679,284926,573009,730023,153535,41953,85205,43124,2239082,1876477
10-05-2012,DII,43547,3619,16896,26239,123356,1803,0,0,0,0,0,0,185602,29858
10-05-2012,FII,218061,204995,190200,684117,264422,714754,365815,150640,14084,10061,9818,8350,1411582,1423735
10-05-2012,Pro,67331,138435,140708,185211,219938,291192,416571,412012,22405,31655,95001,32195,773229,1279425
10-05-2012,TOTAL,612233,612233,1075499,1075499,1355395,1292675,1355395,1292675,190024,83669,190024,83669,4609495,4609495
11-05-2012,Pro,65990,144530,143186,185134,225428,273732,427815,406137,23988,32606,102042,33704,764930,1299362
11-05-2012,TOTAL,627801,627801,1075205,1075205,1416919,1329265,1416919,1329265,199625,87269,199625,87269,4736084,4736084
11-05-2012,DII,48195,741,19596,25324,123756,1763,0,0,0,0,0,0,193310,26065
11-05-2012,Client,284864,250035,719488,176157,796686,287642,596586,758021,161377,43263,88166,44593,2293320,1913558
11-05-2012,FII,228752,232495,192935,688590,271049,766128,392518,165107,14260,11400,9417,8972,1484524,1497099
14-05-2012,Client,301710,252336,704016,179753,838647,279356,601109,765190,170490,46414,90861,46907,2340633,1936156
14-05-2012,DII,50258,741,22325,25857,123756,1944,0,0,0,0,0,0,198283,26598
14-05-2012,FII,231313,249568,202357,686875,265168,772607,393866,162712,15315,11932,9807,9616,1498692,1512444
14-05-2012,Pro,67661,148297,142862,179075,220153,277108,452749,403113,23929,33898,109066,35721,765611,1328021
14-05-2012,TOTAL,650942,650942,1071560,1071560,1447724,1331015,1447724,1331015,209734,92244,209734,92244,4803219,4803219
15-05-2012,TOTAL,639823,639823,1081765,1081765,1456988,1351051,1456988,1351051,213937,95980,213937,95980,4839544,4839544
15-05-2012,Pro,69835,148591,148294,189877,228842,259101,433685,396658,25857,33011,108567,38055,764940,1315433
15-05-2012,FII,229575,251703,205309,686353,273936,775879,420532,158131,15426,13352,12211,9885,1513477,1538815
15-05-2012,Client,288256,238908,702923,180955,822598,314153,602771,796262,172654,49617,93159,48040,2350201,1960095
15-05-2012,DII,52157,621,25239,24580,131612,1918,0,0,0,0,0,0,210926,25201
16-05-2012,Client,306162,224412,702246,182114,912037,263615,619372,811288,186200,47154,94518,48773,2417414,1980477
16-05-2012,DII,54140,681,25687,23967,131597,3091,0,0,0,0,0,0,214515,24648
16-05-2012,FII,227887,284754,215622,691375,279706,852569,451014,158349,15965,13192,13784,9994,1604941,1609270
16-05-2012,Pro,70633,148975,152151,198250,228565,244816,481519,394454,25222,35951,119085,37530,757338,1379813
16-05-2012,TOTAL,658822,658822,1095706,1095706,1551905,1364091,1551905,1364091,227387,96297,227387,96297,4994208,4994208
17-05-2012,Pro,69988,159565,155600,192157,246574,237504,491178,431727,27622,36658,126230,41843,773946,1442700
17-05-2012,FII,234536,301992,225747,688012,285747,862890,450640,165189,17872,13933,15468,9702,1640725,1631003
17-05-2012,TOTAL,673626,673626,1090796,1090796,1570741,1416442,1570741,1416442,239739,104301,239739,104301,5095645,5095645
17-05-2012,Client,312130,211338,682680,187979,906838,286163,628923,819526,194245,53710,98041,52756,2435766,1998563
17-05-2012,DII,56972,731,26769,22648,131582,29885,0,0,0,0,0,0,245208,23379
18-05-2012,Client,311139,210715,677243,192581,903832,329769,626565,836998,195083,55427,101442,53376,2472493,2021677
18-05-2012,DII,59263,627,27306,22019,131610,9584,0,0,0,0,0,0,227763,22646
18-05-2012,FII,223383,291136,237378,689544,305566,859902,465662,155582,16947,14732,14867,10269,1657908,1627060
18-05-2012,Pro,66780,158087,161083,198866,256060,241846,504841,448521,29461,36031,125182,42545,791261,1478042
18-05-2012,TOTAL,660565,660565,1103010,1103010,1597068,1441101,1597068,1441101,241491,106190,241491,106190,5149425,5149425
21-05-2012,Client,316083,200437,677159,193027,913020,342431,652595,863397,194979,60037,99977,54807,2503709,2064240
21-05-2012,DII,59248,3907,28949,22080,131582,9622,0,0,0,0,0,0,229401,25987
21-05-2012,FII,213991,304135,241576,691820,304726,865911,457646,152084,17254,14086,16030,10455,1657544,1632170
21-05-2012,Pro,67285,148128,163581,204338,254696,238866,493783,441349,29409,35618,125635,44479,789455,1457712
21-05-2012,TOTAL,656607,656607,1111265,1111265,1604024,1456830,1604024,1456830,241642,109741,241642,109741,5180109,5180109
22-05-2012,TOTAL,677096,677096,1113418,1113418,1599317,1474616,1599317,1474616,242737,110454,242737,110454,5217638,5217638
22-05-2012,Pro,66403,167980,167426,203257,273091,250149,494867,461943,29389,36389,129061,44981,822847,1502089
22-05-2012,FII,222980,289494,250226,690620,299046,886285,459980,162313,16247,14872,15496,9957,1689656,1627860
22-05-2012,DII,61146,4275,27146,21988,131582,8352,0,0,0,0,0,0,228226,26263
22-05-2012,Client,326567,215347,668620,197553,895598,329830,644470,850360,197101,59193,98180,55516,2476909,2061426
23-05-2012,Client,346135,198305,666094,207329,934811,321662,650068,881687,203242,60770,98969,55213,2532714,2091571
23-05-2012,DII,58084,3875,28344,22099,131582,59772,0,0,0,0,0,0,277782,25974
23-05-2012,FII,210398,310503,258084,690744,307887,935011,466489,177550,16471,15135,15180,11058,1742986,1671524
23-05-2012,Pro,72801,174735,177976,210326,267445,272471,525168,529679,29165,36111,134729,45745,855969,1620382
23-05-2012,TOTAL,687418,687418,1130498,1130498,1641725,1588916,1641725,1588916,248878,112016,248878,112016,5409451,5409451
24-05-2012,Client,334003,197647,662139,223422,884366,410308,650338,908207,196066,68585,99338,55603,2555467,2134555
24-05-2012,DII,60909,4840,27920,21500,133801,68802,0,0,0,0,0,0,291432,26340
24-05-2012,FII,206444,333105,276422,685515,321687,892443,450666,189652,16158,15796,15120,11034,1728950,1685092
24-05-2012,Pro,83475,149239,187974,224018,261747,279074,500597,552768,32415,33408,130181,51152,878093,1607955
24-05-2012,TOTAL,684831,684831,1154455,1154455,1601601,1650627,1601601,1650627,244639,117789,244639,117789,5453942,5453942
25-05-2012,Pro,86289,144238,197350,242601,243504,251130,500179,543743,33371,32355,129305,53462,843999,1613528
25-05-2012,TOTAL,685947,685947,1179251,1179251,1598443,1643809,1598443,1643809,244493,121545,244493,121545,5473488,5473488
25-05-2012,DII,60851,4840,27919,21579,134596,67542,0,0,0,0,0,0,290908,26419
25-05-2012,Client,339630,194335,668567,228180,881985,428698,655304,919708,195025,72280,99025,55845,2586185,2152397
25-05-2012,FII,199177,342534,285415,686891,338358,896439,442960,180358,16097,16910,16163,12238,1752396,1681144
28-05-2012,Client,341568,205869,666747,241816,834961,454055,655258,879923,186319,79861,95396,55611,2563511,2133873
28-05-2012,DII,59259,4649,27697,21435,134596,67542,0,0,0,0,0,0,289094,26084
28-05-2012,FII,220045,359851,293775,683012,328093,874463,414436,181246,14570,15407,14157,12409,1746353,1665111
28-05-2012,Pro,86878,137381,199868,241824,250894,225608,478850,560499,35302,31304,126638,58552,829854,1603744
28-05-2012,TOTAL,707750,707750,1188087,1188087,1548544,1621668,1548544,1621668,236191,126572,236191,126572,5428812,5428812
29-05-2012,Client,350185,221813,675369,262225,828683,484818,651203,884038,186826,86501,95303,56806,2612382,2171388
29-05-2012,DII,59675,4515,26398,21170,134626,67482,0,0,60,0,0,0,288241,25685
29-05-2012,FII,234815,365144,311505,686668,338000,879812,409194,185059,14557,14736,14757,13222,1793425,1674044
29-05-2012,Pro,84120,137323,195354,238563,235027,218239,475939,581254,35725,30600,127108,61809,799065,1621996
29-05-2012,TOTAL,728795,728795,1208626,1208626,1536336,1650351,1536336,1650351,237168,131837,237168,131837,5493113,5493113
30-05-2012,Pro,79792,138557,190256,232871,237531,228964,511209,614993,33636,31859,132908,58997,802038,1689535
30-05-2012,TOTAL,746510,746510,1206837,1206837,1572576,1669565,1572576,1669565,242713,129133,242713,129133,5567334,5567334
30-05-2012,DII,58559,4775,25451,19937,134626,68732,0,0,60,0,0,0,287428,24712
30-05-2012,Client,357474,213332,668449,267848,847880,449443,643361,867482,194111,81782,95414,56267,2599139,2143704
30-05-2012,FII,250685,389846,322681,686181,352539,922426,418006,187090,14906,15492,14391,13869,1878729,1709383
31-05-2012,Client,240522,138470,584037,168571,304595,165846,388048,536936,42820,16576,26030,16909,1354396,1274964
31-05-2012,DII,51165,620,11979,15726,121060,92820,0,0,60,0,0,0,277084,16346
31-05-2012,FII,83044,197851,234216,610845,267867,634922,239854,134429,2434,1199,1794,505,1223682,1185278
31-05-2012,Pro,56383,94173,115715,150805,173798,155970,239418,378193,7936,10671,25426,11032,520473,899047
31-05-2012,TOTAL,431114,431114,945947,945947,867320,1049558,867320,1049558,53250,28446,53250,28446,3375635,3375635
01-06-2012,FII,83727,220504,244223,616454,298869,733329,259960,151240,8560,4099,6008,2512,1372807,1256678
01-06-2012,Client,276759,139715,591155,181053,380153,175317,444168,651105,62926,21794,34763,23240,1508104,1474044
01-06-2012,Pro,59033,111015,115461,150705,182292,196641,278246,397169,10235,15137,41010,15278,578799,993423
01-06-2012,TOTAL,471868,471868,964184,964184,982374,1199514,982374,1199514,81781,41030,81781,41030,3740751,3740751
01-06-2012,DII,52349,634,13345,15972,121060,94227,0,0,60,0,0,0,281041,16606
04-06-2012,Pro,59526,110120,123256,156663,181637,200850,275694,366915,14100,15460,47467,19318,594829,976177
04-06-2012,TOTAL,490185,490185,981038,981038,1013701,1255351,1013701,1255351,95020,49928,95020,49928,3885223,3885223
04-06-2012,Client,285601,138402,593333,191734,407830,214188,470894,719540,70527,28387,41496,26468,1599866,1588534
04-06-2012,DII,55853,658,15504,14846,131060,94227,0,0,60,0,0,0,296704,15504
04-06-2012,FII,89205,241005,248945,617795,293174,746086,267113,168896,10333,6081,6057,4142,1393824,1305008
05-06-2012,FII,92167,231813,261298,619669,312031,758659,270117,183810,11305,6933,6778,4575,1442393,1316762
05-06-2012,Pro,56385,111025,124230,159813,193766,206045,280383,390365,16957,16982,50653,22797,614365,1015036
05-06-2012,Client,286755,149099,593591,202976,409637,233083,497434,741280,77421,33780,48312,30323,1634267,1669424
05-06-2012,DII,57108,478,17749,14410,132500,117668,0,0,60,0,0,0,325085,14888
05-06-2012,TOTAL,492415,492415,996868,996868,1047934,1315455,1047934,1315455,105743,57695,105743,57695,4016110,4016110
06-06-2012,Client,287532,156499,587281,220276,372458,308529,508890,763762,75068,42729,54201,32587,1673597,1736215
06-06-2012,DII,55338,231,21115,14478,132508,129057,0,0,60,0,0,0,338078,14709
06-06-2012,TOTAL,493199,493199,1028073,1028073,1060073,1415021,1060073,1415021,111049,67605,111049,67605,4175020,4175020
06-06-2012,Pro,60429,106931,134496,170539,214402,239326,299629,473366,24291,16831,49655,28627,689775,1128747
06-06-2012,FII,89900,229538,285181,622780,340705,738109,251554,177893,11630,8045,7193,6391,1473570,1295349
07-06-2012,Client,273445,174869,579624,232691,374065,362902,544450,773123,76884,50386,58441,36029,1717306,1819603
07-06-2012,DII,53432,191,22956,18742,128508,126993,0,0,60,0,0,0,331949,18933
07-06-2012,FII,126476,219670,303429,615216,349691,732524,251112,173798,13442,9209,7556,7465,1534771,1274817
07-06-2012,Pro,65006,123629,134344,173704,235170,232166,291872,507664,25947,16696,50336,32797,709329,1180002
07-06-2012,TOTAL,518359,518359,1040353,1040353,1087434,1454585,1087434,1454585,116333,76291,116333,76291,4293355,4293355
08-06-2012,Client,278996,177995,577135,242166,362952,393008,516828,823613,79664,53493,61992,38221,1745248,1860815
08-06-2012,DII,52311,2579,24017,18875,128508,138878,0,0,60,0,0,0,343774,21454
08-06-2012,FII,123906,223710,311638,613526,347416,754550,253294,183124,13793,9968,8756,8098,1561271,1290508
08-06-2012,Pro,65677,116606,140549,178772,224536,253728,293290,533427,27882,17397,50651,34539,729769,1207285
08-06-2012,TOTAL,520890,520890,1053339,1053339,1063412,1540164,1063412,1540164,121399,80858,121399,80858,4380062,4380062
11-06-2012,Pro,61583,123266,137883,179027,233115,252714,310264,557569,29092,18886,56516,35399,733273,1262041
11-06-2012,DII,52348,2579,24123,19356,122508,137716,0,0,60,0,0,0,336755,21935
11-06-2012,FII,135604,214431,313737,618988,360531,778194,263421,185946,15493,11128,10515,9525,1614687,1302826
11-06-2012,Client,264036,173295,572016,230388,394131,411170,536600,836279,87481,54739,65095,39829,1783573,1881486
11-06-2012,TOTAL,513571,513571,1047759,1047759,1110285,1579794,1110285,1579794,132126,84753,132126,84753,4468288,4468288
12-06-2012,Client,266565,184383,585740,225643,397884,441825,557032,875178,88838,60913,68404,41547,1841765,1952187
12-06-2012,DII,52947,3045,24451,20833,122668,142776,0,0,0,0,0,0,342842,23878
12-06-2012,FII,146018,224752,309160,624260,360929,801811,261996,188433,15585,11609,10918,9943,1645112,1320302
12-06-2012,Pro,70820,124170,145143,193758,250815,242982,313268,565783,32625,18423,57726,39455,760808,1294160
12-06-2012,TOTAL,536350,536350,1064494,1064494,1132296,1629394,1132296,1629394,137048,90945,137048,90945,4590527,4590527
13-06-2012,Pro,68156,131749,145589,196116,270239,257362,310865,592603,33544,19082,61239,42294,793972,1334866
13-06-2012,TOTAL,549683,549683,1071884,1071884,1153910,1684177,1153910,1684177,143904,96338,143904,96338,4699896,4699896
13-06-2012,FII,180829,215945,307532,625545,362034,809653,275256,193098,15941,11818,11024,10625,1687807,1331493
13-06-2012,DII,48692,3375,26464,21248,122668,143376,0,0,0,0,0,0,341200,24623
13-06-2012,Client,252006,198614,592299,228975,398969,473786,567789,898476,94419,65438,71641,43419,1876917,2008914
14-06-2012,Client,245172,193493,594170,221817,444743,432239,580303,903067,106734,60290,76023,44205,1883348,2018908
14-06-2012,TOTAL,533635,533635,1066692,1066692,1182058,1678156,1182058,1678156,154607,96192,154607,96192,4711340,4711340
14-06-2012,DII,49821,3375,25195,23010,122619,144666,0,0,0,0,0,0,342301,26385
14-06-2012,Pro,60654,120349,145201,192694,250975,256312,326044,577872,31197,23080,66235,41332,767419,1324526
14-06-2012,FII,177988,216418,302126,629171,363721,844939,275711,197217,16676,12822,12349,10655,1718272,1341521
15-06-2012,TOTAL,558215,558215,1093018,1093018,1193831,1782057,1193831,1782057,153349,105878,153349,105878,4886348,4886348
15-06-2012,Pro,64967,120970,151638,203768,249092,266971,323815,629776,34519,23717,62837,46719,790904,1387885
15-06-2012,FII,194571,224439,306255,640621,373248,857987,278931,205752,16053,12661,11959,11566,1760775,1373268
15-06-2012,DII,54202,4175,25023,22585,133319,144216,0,0,0,0,0,0,356760,26760
15-06-2012,Client,244475,208631,610102,226044,438172,512883,591085,946529,102777,69500,78553,47593,1977909,2098435
18-06-2012,Client,240697,214971,610154,223315,499286,489679,611860,916614,119473,70402,80080,48109,2029691,2094949
18-06-2012,DII,52468,398,25501,22590,139619,146712,0,0,0,0,0,0,364300,22988
18-06-2012,FII,214274,237526,299513,647983,392227,873411,283095,222140,16729,12340,12111,11520,1808494,1414375
18-06-2012,Pro,61037,115581,155469,196749,205284,241535,341461,612583,30458,22981,74469,46094,716764,1386937
18-06-2012,TOTAL,568476,568476,1090637,1090637,1236416,1751337,1236416,1751337,166660,105723,166660,105723,4919249,4919249
19-06-2012,Client,248723,224571,630898,231943,492766,536043,629648,929697,122894,77703,82587,49626,2109027,2148072
19-06-2012,TOTAL,586965,586965,1125093,1125093,1271372,1802955,1271372,1802955,171985,112306,171985,112306,5070676,5070676
19-06-2012,DII,52516,329,26560,23420,139779,144136,0,0,0,0,0,0,362991,23749
19-06-2012,Pro,66526,111079,159848,212584,216893,247869,357979,652622,33648,22280,76108,50785,747064,1461157
19-06-2012,FII,219200,250986,307787,657146,421934,874907,283745,220636,15443,12323,13290,11895,1851594,1437698
20-06-2012,Pro,67844,112142,169127,221579,217097,224592,370463,657134,35236,23149,75436,55845,737045,1492599
20-06-2012,DII,52516,329,27429,22986,139823,144656,0,0,0,0,0,0,364424,23315
20-06-2012,FII,230973,254439,312677,661289,443044,888250,287454,235067,15680,11928,13371,12047,1902552,1463667
20-06-2012,Client,250596,235019,633821,237200,520268,575899,662315,941196,122116,84829,84225,52014,2187529,2211969
20-06-2012,TOTAL,601929,601929,1143054,1143054,1320232,1833397,1320232,1833397,173032,119906,173032,119906,5191550,5191550
21-06-2012,DII,50233,1231,26670,22449,141568,145386,0,0,0,0,0,0,363857,23680
21-06-2012,Client,260326,265133,668094,255433,503391,626638,659960,974809,116893,90955,83162,50953,2266297,2289450
21-06-2012,FII,248904,265094,316089,666585,438839,903912,295477,247102,13999,12457,13843,13921,1934200,1502022
21-06-2012,TOTAL,647540,647540,1192641,1192641,1307379,1875342,1307379,1875342,169062,125395,169062,125395,5317359,5317359
21-06-2012,Pro,88077,116082,181788,248174,223581,199406,351942,653431,38170,21983,72057,60521,753005,1502207
22-06-2012,Pro,83852,118730,186655,256458,210263,207424,345901,684528,36920,22547,75930,59748,747661,1541295
22-06-2012,TOTAL,650649,650649,1201773,1201773,1296576,1942695,1296576,1942695,177105,122862,177105,122862,5391660,5391660
22-06-2012,FII,262948,273957,311821,671775,425835,953036,300680,243434,14546,13002,15788,12525,1981188,1518159
22-06-2012,DII,47413,237,25191,23250,141266,155035,0,0,0,0,0,0,368905,23487
22-06-2012,Client,256436,257725,678106,250290,519212,627200,649995,1014733,125639,87313,85387,50589,2293906,2308719
25-06-2012,Client,259922,265942,676147,248799,600053,597734,649137,1024248,130938,85733,85348,50511,2350527,2323985
25-06-2012,TOTAL,701138,701138,1190466,1190466,1357202,1948590,1357202,1948590,180471,123152,180471,123152,5501019,5501019
25-06-2012,DII,47893,231,22118,24211,137666,155100,0,0,0,0,0,0,362777,24442
25-06-2012,Pro,86908,114781,181548,241029,203848,218391,400489,683358,35456,24239,79787,60332,750390,1579776
25-06-2012,FII,306415,320184,310653,676427,415635,977365,307576,240984,14077,13180,15336,12309,2037325,1572816
26-06-2012,TOTAL,734654,734654,1208237,1208237,1376861,2034662,1376861,2034662,183800,123507,183800,123507,5661721,5661721
26-06-2012,Pro,72995,119101,183266,245424,221886,216253,391989,720084,35557,24502,82315,60561,754459,1619474
26-06-2012,FII,350352,332598,321733,687414,411192,1016632,309522,237126,12709,12624,15191,11682,2125242,1593533
26-06-2012,DII,47888,231,20743,19162,137666,155100,0,0,0,0,0,0,361397,19393
26-06-2012,Client,263419,282724,682495,256237,606117,646677,675350,1077452,135534,86381,86294,51264,2420623,2429321
27-06-2012,Client,257612,285923,671975,253999,592536,656569,676515,1073485,135540,87033,86344,50233,2401265,2426499
27-06-2012,DII,47577,191,20149,19209,137666,155035,0,0,0,0,0,0,360427,19400
27-06-2012,FII,359850,317685,318261,675049,416466,1046496,311826,228612,10673,11368,13680,11916,2163114,1558768
27-06-2012,Pro,69824,131064,169319,231447,215590,212228,373917,768231,35942,24256,82131,60508,727159,1647298
27-06-2012,TOTAL,734863,734863,1179704,1179704,1362258,2070328,1362258,2070328,182155,122657,182155,122657,5651965,5651965
28-06-2012,Client,200595,236299,591681,185364,302745,242057,388163,565747,37139,16187,27162,15226,1390404,1417961
28-06-2012,TOTAL,529849,529849,950186,950186,853071,1000036,853071,1000036,48893,26474,48893,26474,3408509,3408509
28-06-2012,DII,38140,155,13669,15785,118770,95250,0,0,0,0,0,0,265829,15940
28-06-2012,Pro,46968,105206,108739,158938,184849,175228,206671,302805,11626,10168,21148,10926,537578,805694
28-06-2012,FII,244146,188189,236097,590099,246707,487501,258237,131484,128,119,583,322,1214698,1168914
29-06-2012,Pro,55653,115544,124112,175798,221387,217206,222090,345382,17227,11485,27179,17767,647070,903760
29-06-2012,DII,43294,155,14643,17125,118884,95250,0,0,0,0,0,0,272071,17280
29-06-2012,TOTAL,614699,614699,1023838,1023838,953290,1174073,953290,1174073,70240,40295,70240,40295,3876435,3876435
29-06-2012,FII,303692,182458,238104,621270,293822,532155,261306,171417,3931,4369,3751,3112,1376073,1243314
29-06-2012,Client,212060,316542,646979,209645,319197,329462,469894,657274,49082,24441,39310,19416,1581221,1712081
02-07-2012,Client,219727,320411,658586,217000,355817,370346,516543,713467,61022,29204,46767,23317,1694702,1837505
02-07-2012,DII,43800,155,14475,18467,118844,95250,0,0,0,0,0,0,272369,18622
02-07-2012,TOTAL,625025,625025,1047685,1047685,1026310,1233117,1026310,1233117,86772,48780,86772,48780,4067689,4067689
02-07-2012,FII,308065,188159,246319,632755,300490,544075,263545,177503,6306,5999,5942,4927,1411254,1272831
02-07-2012,Pro,53433,116300,128305,179463,251159,223446,246222,342147,19444,13577,34063,20536,689364,938731
03-07-2012,Pro,53799,125494,132054,184283,264542,227732,239200,353681,21424,13960,38502,23469,713511,964629
03-07-2012,TOTAL,646499,646499,1069280,1069280,1070511,1274192,1070511,1274192,99418,54181,99418,54181,4214081,4214081
03-07-2012,FII,319059,182095,247671,640436,319990,558653,283313,181517,8324,6841,6924,5428,1460538,1299713
03-07-2012,DII,44543,155,15822,18278,118924,95250,0,0,0,0,0,0,274539,18433
03-07-2012,Client,229098,338755,673733,226283,367055,392557,547998,738994,69670,33380,53992,25284,1765493,1931306
04-07-2012,DII,44208,155,19529,18426,118844,95250,0,0,0,0,0,0,277831,18581
04-07-2012,Client,231277,348112,681997,236744,379434,421413,569013,761787,74639,40090,58216,28264,1828850,2002136
04-07-2012,FII,337707,189157,253319,644203,326178,569664,292732,184936,8190,7577,7631,5887,1502635,1324546
04-07-2012,TOTAL,668333,668333,1088920,1088920,1108942,1321700,1108942,1321700,107017,62081,107017,62081,4356993,4356993
04-07-2012,Pro,55141,130909,134075,189547,284486,235373,247197,374977,24188,14414,41170,27930,747677,1011730
05-07-2012,TOTAL,688406,688406,1109614,1109614,1143066,1384210,1143066,1384210,113779,66131,113779,66131,4505206,4505206
05-07-2012,Pro,58511,134434,138007,192400,293462,238608,253404,394700,25139,14791,43647,28834,768518,1047419
05-07-2012,FII,346185,190711,255290,658210,337240,583872,305099,190945,8702,7474,8304,7349,1538763,1360618
05-07-2012,DII,43948,155,20396,17850,121654,95315,0,0,0,0,0,0,281313,18005
05-07-2012,Client,239762,363106,695921,241154,390710,466415,584563,798565,79938,43866,61828,29948,1916612,2079164
06-07-2012,Client,242248,360210,700223,241256,407924,472093,606593,822435,91137,45585,66824,32306,1959210,2129624
06-07-2012,DII,43109,155,21412,18183,123610,95315,0,0,0,0,0,0,283446,18338
06-07-2012,FII,341585,197967,258649,668895,361105,607008,304695,198185,9718,8380,9278,7614,1586445,1386634
06-07-2012,Pro,62259,130869,140674,192624,289887,253234,271238,407030,25171,15584,49924,29629,786809,1081314
06-07-2012,TOTAL,689201,689201,1120958,1120958,1182526,1427650,1182526,1427650,126026,69549,126026,69549,4615910,4615910
09-07-2012,Client,229691,348920,701531,234983,462464,439903,630317,832421,105471,46956,73101,33917,1986016,2153659
09-07-2012,TOTAL,677898,677898,1128127,1128127,1222116,1425563,1222116,1425563,141104,72384,141104,72384,4667192,4667192
09-07-2012,DII,42763,155,21220,18046,123610,96315,0,0,0,0,0,0,283908,18201
09-07-2012,Pro,63131,132177,146257,194136,270279,246412,273274,396647,25349,17090,56566,30352,768518,1083152
09-07-2012,FII,342313,196646,259119,680962,365763,642933,318525,196495,10284,8338,11437,8115,1628750,1412180
10-07-2012,Pro,66424,131834,155463,204233,285928,235922,275017,428414,28635,16773,56811,34742,789145,1131051
10-07-2012,DII,39352,155,23334,18359,124463,95250,0,0,0,0,0,0,282399,18514
10-07-2012,FII,349565,208862,266771,686275,406720,670764,327611,202690,11527,9944,13586,9635,1715291,1448659
10-07-2012,Client,249344,363834,708113,244814,426484,500502,640967,871334,107432,56177,77197,38517,2048052,2236663
10-07-2012,TOTAL,704685,704685,1153681,1153681,1243595,1502438,1243595,1502438,147594,82894,147594,82894,4834887,4834887
11-07-2012,DII,38510,155,24148,18619,124463,95250,0,0,0,0,0,0,282371,18774
11-07-2012,Client,244787,357696,728816,244165,462800,490788,638218,885903,140463,81282,90385,49203,2148936,2265570
11-07-2012,FII,347896,213277,265092,700116,406272,680780,327352,199597,14839,11563,18485,13099,1726442,1471926
11-07-2012,TOTAL,702728,702728,1173510,1173510,1252179,1505020,1252179,1505020,188419,116768,188419,116768,4938624,4938624
11-07-2012,Pro,71535,131600,155454,210610,258644,238202,286609,419520,33117,23923,79549,54466,780875,1182354
12-07-2012,Pro,69801,136907,165412,212795.5,218724,229454,305019,406427,33219,26541,96994,48577,743151,1206719.5
12-07-2012,TOTAL,704113,704113,1189706.5,1189706.5,1299497,1490170,1299497,1490170,215208,113784,215208,113784,5012478.5,5012478.5
12-07-2012,FII,347103,229983,259039,712708.5,411340,744300,332990,184149,14638,13213,21760,14110,1789633,1495700.5
12-07-2012,DII,39744,220,22486,20032.5,124335,96290,0,0,0,0,0,0,282855,20252.5
12-07-2012,Client,247465,337003,742769.5,244170,545098,420126,661488,899594,167351,74030,96454,51097,2196839.5,2289806
13-07-2012,Client,249177,343920,754329,241695,569121,425602,661824,905305,174999,67150,98940,50763,2240378,2302447
13-07-2012,DII,40510,220,21657,20295,125785,106218,0,0,0,0,0,0,294170,20515
13-07-2012,FII,352697,237212,260903,726090,406603,749438,335496,187013,14188,15944,23666,14934,1799773,1524411
13-07-2012,Pro,77126,138158,167437,216246,221727,203276,325916,392216,31273,25457,97854,42854,726296,1213244
13-07-2012,TOTAL,719510,719510,1204326,1204326,1323236,1484534,1323236,1484534,220460,108551,220460,108551,5060617,5060617
16-07-2012,Client,259181,350102,757635,244683,618897,429623,676551,897440,188878,66035,101018,49959,2320249,2319753
16-07-2012,Pro,77443,142971,173951,219511,216183,206562,346032,396508,32538,26049,108066,42849,732726,1255937
16-07-2012,FII,355101,238358,261808,731031,409987,741016,348569,197809,13073,15568,25405,14844,1796553,1556016
16-07-2012,DII,40451,745,21665,19834,126085,114556,0,0,0,0,0,0,302757,20579
16-07-2012,TOTAL,732176,732176,1215059,1215059,1371152,1491757,1371152,1491757,234489,107652,234489,107652,5152285,5152285
17-07-2012,Client,262954,359608,766642,247006,669675,436870,706347,899682,197167,67317,102029,50618,2400625,2365290
17-07-2012,DII,42067,745,21907,18862,128682,115676,0,0,0,0,0,0,308332,19607
17-07-2012,FII,366684,244318,259259,743912,401546,733460,344097,189181,13117,15345,27251,14575,1789411,1563334
17-07-2012,Pro,77159,144193,182947,220975,203084,198748,352543,395891,33962,26093,114966,43562,721993,1272130
17-07-2012,TOTAL,748864,748864,1230755,1230755,1402987,1484754,1402987,1484754,244246,108755,244246,108755,5220361,5220361
18-07-2012,Client,270975,357216,778667,250253,658700,460337,721213,882885,198110,73995,103408,52496,2440784,2367471
18-07-2012,DII,41861,680,21733,17770,128682,125946,0,0,0,0,0,0,318222,18450
18-07-2012,FII,358882,246925,259676,754440,409754,737893,345123,198752,11999,16487,27527,14572,1794691,1587339
18-07-2012,Pro,73567,140464,191978,229591,199803,191482,330603,434021,36877,25075,116051,48489,718782,1299219
18-07-2012,TOTAL,745285,745285,1252054,1252054,1396939,1515658,1396939,1515658,246986,115557,246986,115557,5272479,5272479
19-07-2012,Pro,75475,138979,192996,241005,208515,193448,322357,457161,38367,25569,115606,54975,734370,1330083
19-07-2012,DII,41852,94,21019,17897,129692,124946,0,0,0,0,0,0,317509,17991
19-07-2012,FII,389558,249601,271698,761024,413825,735137,347402,198138,15159,16049,27902,15619,1841426,1599686
19-07-2012,Client,251518,369729,792521,258308,637545,476738,719818,874970,193118,81142,103136,52166,2432582,2378127
19-07-2012,TOTAL,758403,758403,1278234,1278234,1389577,1530269,1389577,1530269,246644,122760,246644,122760,5325887,5325887
20-07-2012,Client,252390,368050,796905,256122,696319,448623,763014,888030,199058,80871,102217,52572,2474166,2430005
20-07-2012,Pro,79636,136167,195307,245148,217672,202798,362091,442189,37549,26097,120329,55430,759059,1361354
20-07-2012,FII,383733,253022,270474,763372,439134,744674,357372,191042,14761,16633,28866,15599,1869409,1609273
20-07-2012,DII,41639,159,20338,18382,129352,125166,0,0,44,0,0,0,316539,18541
20-07-2012,TOTAL,757398,757398,1283024,1283024,1482477,1521261,1482477,1521261,251412,123601,251412,123601,5419173,5419173
23-07-2012,Client,266979,352835,793267,241679,781981,373626,793040,927277,212348,70225,99777,51260,2498426,2465868
23-07-2012,TOTAL,768286,768286,1285282,1285282,1579330,1557233,1579330,1557233,260946,115758,260946,115758,5566835,5566835
23-07-2012,DII,39466,159,20153,19704,129352,129221,0,0,33,0,0,0,318225,19863
23-07-2012,Pro,80675,144238,197346,244736,215841,217533,430608,450216,34219,29863,132124,49631,775477,1451553
23-07-2012,FII,381166,271054,274516,779163,452156,836853,355682,179740,14346,15670,29045,14867,1974707,1629551
24-07-2012,Client,267244,348013,795615,244336,784090,397539,808680,940220,214733,72456,102045,50338,2531677,2493632
24-07-2012,DII,40265,288,15824,18881,129352,129185,0,0,33,0,0,0,314659,19169
24-07-2012,FII,381691,281750,288230,789948,457103,832228,358019,177057,14430,14248,28658,13746,1987930,1649178
24-07-2012,Pro,81586,140735,202740,249244,213755,229302,417601,470977,35892,28087,134385,50707,791362,1463649
24-07-2012,TOTAL,770786,770786,1302409,1302409,1584300,1588254,1584300,1588254,265088,114791,265088,114791,5625628,5625628
25-07-2012,Pro,87576,149448,193703,241137,216509,232613,447569,443570,34226,29436,138433,47543,794063,1467700
25-07-2012,TOTAL,782929,782929,1294108,1294108,1641920,1603470,1641920,1603470,271300,111053,271300,111053,5704780,5704780
25-07-2012,FII,369900,288868,288947,788304,466601,841634,361543,177667,14519,14439,28175,12682,1996040,1657239
25-07-2012,DII,40379,288,15224,19396,129352,129185,0,0,33,0,0,0,314173,19684
25-07-2012,Client,285074,344325,796234,245271,829458,400038,832808,982233,222522,67178,104692,50828,2600504,2560157
26-07-2012,Client,245939,297521,703112,207507,348050,181442,522766,598376,47635,16433,31213,19208,1542611,1676591
26-07-2012,TOTAL,590358,590358,1061369,1061369,957036,953493,957036,953493,62290,30958,62290,30958,3655504,3655504
26-07-2012,DII,31676,288,11090,17982,129301,51259,0,0,33,0,0,0,223359,18270
26-07-2012,Pro,60544,104026,118328,184052,179827,225443,203613,261940,10836,14243,26763,11235,609221,791629
26-07-2012,FII,252199,188523,228839,651828,299858,495349,230657,93177,3786,282,4314,515,1280313,1169014
27-07-2012,Client,216616,310275,702762,212451,356670,263144,587917,654542,64511,26558,43190,24895,1630261,1833270
27-07-2012,DII,32072,288,11435,18947,134624,64440,0,0,33,0,0,0,242604,19235
27-07-2012,FII,288467,164415,232993,650154,365671,509068,242476,119027,9263,3990,9537,6946,1409452,1192555
27-07-2012,Pro,54597,116774,122694,188332,207808,234691,234380,297774,16165,19759,37245,18466,655714,892971
27-07-2012,TOTAL,591752,591752,1069884,1069884,1064773,1071343,1064773,1071343,89972,50307,89972,50307,3938031,3938031
30-07-2012,TOTAL,610297,610297,1055902,1055902,1103448,1164798,1103448,1164798,99603,64771,99603,64771,4098819,4098819
30-07-2012,Client,211256,302371,668814,216395,329814,341227,625279,692200,63277,37671,48566,29953,1652059,1914764
30-07-2012,FII,311536,185065,245207,627223,410989,514757,234941,134172,12996,7092,10132,8482,1502577,1200015
30-07-2012,DII,32212,288,13807,18565,134824,65874,0,0,33,0,0,0,246750,18853
30-07-2012,Pro,55293,122573,128074,193719,227821,242940,243228,338426,23297,20008,40905,26336,697433,965187
31-07-2012,Client,210238,303859,664050,219658,361563,404810,664468,754539,73949,42021,54127,33320,1756631,2029971
31-07-2012,DII,28643,481,15680,20824,134624,65009,0,0,33,0,0,0,243989,21305
31-07-2012,FII,320805,186088,251970,629599,428901,528031,247281,142455,14097,7772,12411,8849,1551576,1226683
31-07-2012,Pro,54640,123898,130142,191761,229149,247229,242488,348085,26037,21904,47578,29528,709101,983338
31-07-2012,TOTAL,614326,614326,1061842,1061842,1154237,1245079,1154237,1245079,114116,71697,114116,71697,4261297,4261297
01-08-2012,Pro,56770,121613,132424,193872,233733,250249,244774,363278,27996,22246,49690,31325,723418,1004552
01-08-2012,FII,327064,193395,256837,631165,450376,536864,245832,147893,15716,10734,12549,10331,1597591,1241165
01-08-2012,DII,28626,492,15826,22637,134624,65003,0,0,33,0,0,0,244112,23129
01-08-2012,TOTAL,622264,622264,1071826,1071826,1184906,1298023,1184906,1298023,120720,78696,120720,78696,4376435,4376435
01-08-2012,Client,209804,306764,666739,224152,366173,445907,694300,786852,76975,45716,58481,37040,1811314,2107589
02-08-2012,Client,212808,300299,671782,225196,388044,451614,714961,813465,83035,48330,61612,39068,1855613,2154601
02-08-2012,DII,28318,4310,16114,23063,134624,66160,0,0,33,0,0,0,245249,27373
02-08-2012,FII,332127,202053,255555,635161,471940,578812,254672,149906,16433,11077,13206,10477,1665944,1265475
02-08-2012,Pro,57423,124014,133700,193731,234072,250924,259047,384139,28872,22773,53555,32635,727764,1047121
02-08-2012,TOTAL,630676,630676,1077151,1077151,1228680,1347510,1228680,1347510,128373,82180,128373,82180,4494570,4494570
03-08-2012,Client,217841,288369,680233,225126,407233,435764,756508,823336,93649,47517,65017,41071,1882237,2199427
03-08-2012,Pro,55036,122205,138056,197657,248263,256055,259468,401042,29305,24301,59083,33862,751016,1073317
03-08-2012,FII,327438,211817,254580,642273,485126,599232,259270,174948,16054,12616,14941,9501,1695046,1312750
03-08-2012,DII,24973,2897,16047,23860,134624,108275,0,0,33,0,0,0,283952,26757
03-08-2012,TOTAL,625288,625288,1088916,1088916,1275246,1399326,1275246,1399326,139041,84434,139041,84434,4612251,4612251
06-08-2012,Client,208700,305183,675480,232469,417041,492355,788983,830821,98555,55762,68143,43681,1947893,2269280
06-08-2012,TOTAL,632868,632868,1094200,1094200,1332735,1423102,1332735,1423102,147513,93289,147513,93289,4723707,4723707
06-08-2012,DII,24818,4358,17308,23700,134662,108117,0,0,33,0,0,0,284938,28058
06-08-2012,Pro,58733,114225,134637,204827,287240,226376,276535,421560,32573,23911,62577,38548,763470,1118272
06-08-2012,FII,340617,209102,266775,633204,493792,596254,267217,170721,16352,13616,16793,11060,1727406,1308097
07-08-2012,FII,374304,212014,279014,626397,526436,613296,256095,183722,17653,15012,18642,12177,1825715,1309047
07-08-2012,DII,24540,4164,18361,23127,136282,107088,0,0,84,0,0,0,286355,27291
07-08-2012,TOTAL,662952,662952,1101795,1101795,1356922,1536649,1356922,1536649,152678,101574,152678,101574,4912570,4912570
07-08-2012,Pro,62552,119585,140259,207606,308869,222719,274334,477798,35404,22418,63342,44490,792221,1187155
07-08-2012,Client,201556,327189,664161,244665,385335,593546,826493,875129,99537,64144,70694,44907,2008279,2389077
08-08-2012,FII,394190,203332,282040,623066,540485,617803,261605,191815,18779,14217,18640,12473,1867514,1310931
08-08-2012,DII,24099,4214,18371,23282,137282,107143,0,0,65,0,0,0,286960,27496
08-08-2012,TOTAL,677201,677201,1099639,1099639,1370612,1580012,1370612,1580012,162442,109730,162442,109730,4999636,4999636
08-08-2012,Client,197113,340305,660358,249311,394938,643008,805140,909560,106430,72181,75387,47961,2074028,2427664
08-08-2012,Pro,61799,129350,138870,203980,297907,212058,303867,478637,37168,23332,68415,49296,771134,1233545
09-08-2012,Client,202235,348140,684532,254790,424690,635561,844476,900210,128912,80307,82760,51179,2156237,2481555
09-08-2012,DII,23748,4214,18662,26775,137982,107088,0,0,65,0,0,0,287545,30989
09-08-2012,FII,400491,206453,278387,631531,554466,630658,266661,197853,21712,15615,21748,13515,1901329,1337761
09-08-2012,Pro,60149,127816,141818,210303,288288,218189,294289,493433,36447,24791,82628,56019,769682,1264488
09-08-2012,TOTAL,686623,686623,1123399,1123399,1405426,1591496,1405426,1591496,187136,120713,187136,120713,5114793,5114793
10-08-2012,TOTAL,690248,690248,1150022,1150022,1397905,1616346,1397905,1616346,220808,126448,220808,126448,5201777,5201777
10-08-2012,Pro,60059,125234,149528,225559,280248,228054,276185,512367,35642,27811,107558,56886,781342,1303789
10-08-2012,FII,404284,210569,272771,650137,554622,637366,271256,206726,21378,16648,23732,14758,1907069,1377178
10-08-2012,Client,201656,347991,710410,246932,425057,643838,850464,897253,163723,81989,89518,54804,2226673,2486962
10-08-2012,DII,24249,6454,17313,27394,137978,107088,0,0,65,0,0,0,286693,33848
13-08-2012,Client,206153,356716,723283,244218,435744,653041,834968,897343,175222,86405,93673,56932,2279848,2483850
13-08-2012,DII,24818,6261,14220,28131,137978,107088,0,0,65,0,0,0,284169,34392
13-08-2012,FII,414792,222126,267561,660573,544882,647859,273343,221079,20970,18532,26201,14474,1914596,1417796
13-08-2012,Pro,65231,125891,154796,226938,272516,241931,282809,531497,36468,28029,112851,61560,798971,1341546
13-08-2012,TOTAL,710994,710994,1159860,1159860,1391120,1649919,1391120,1649919,232725,132966,232725,132966,5277584,5277584
14-08-2012,Client,209225,372566,731572,239341,427511,677783,844954,882824,173981,90707,94620,55727,2310779,2490032
14-08-2012,Pro,65814,125986,156414,227539,273465,206977,273400,546860,39373,25887,110948,63348,767930,1348081
14-08-2012,FII,423988,220490,264609,670678,549842,673103,275442,235267,20482,17665,28333,15184,1949689,1445394
14-08-2012,DII,26276,6261,12377,27414,142978,107088,0,0,65,0,0,0,288784,33675
14-08-2012,TOTAL,725303,725303,1164972,1164972,1393796,1664951,1393796,1664951,233901,134259,233901,134259,5317182,5317182
16-08-2012,Client,205975,366652,741111,236485,468914,671112,864749,885568,185856,92711,97477,56801,2365679,2507732
16-08-2012,TOTAL,724160,724160,1165593,1165593,1437156,1669935,1437156,1669935,244318,136957,244318,136957,5378119,5378119
16-08-2012,DII,26221,6261,12298,27363,142978,117088,0,0,65,0,0,0,298650,33624
16-08-2012,Pro,66327,128607,155028,224699,274417,204147,285284,537521,38024,26186,117274,64270,764129,1357655
16-08-2012,FII,425637,222640,257156,677046,550847,677588,287123,246846,20373,18060,29567,15886,1949661,1479108
17-08-2012,Client,192934,363771,736441,231686,465138,690894,883747,892807,187663,91554,98391,57123,2364624,2527525
17-08-2012,DII,26197,6261,11988,27340,142978,121088,0,0,0,0,0,0,302251,33601
17-08-2012,FII,436179,220306,255462,681316,581039,691977,290177,262812,19975,17744,27618,15861,2002376,1498090
17-08-2012,Pro,66063,131035,157902,221451,267415,194288,282646,542628,36803,25799,118432,62113,748270,1358305
17-08-2012,TOTAL,721373,721373,1161793,1161793,1456570,1698247,1456570,1698247,244441,135097,244441,135097,5417521,5417521
21-08-2012,TOTAL,746551,746551,1189842,1189842,1459324,1818787,1459324,1818787,248116,144327,248116,144327,5606947,5606947
21-08-2012,Pro,71698,140155,168450,238390,278716,208109,289611,606581,39668,24694,118858,66591,791335,1460186
21-08-2012,FII,448749,219908,260482,687437,580661,693670,287278,270330,20080,18192,29454,19040,2021834,1513447
21-08-2012,Client,200395,380277,747757,236246,456969,795920,882435,941876,188368,101441,99804,58696,2490850,2599334
21-08-2012,DII,25709,6211,13153,27769,142978,121088,0,0,0,0,0,0,302928,33980
22-08-2012,Client,200559,390438,759980,234606,461468,834531,866527,977802,192669,103091,100459,59406,2552298,2629238
22-08-2012,DII,25515,6211,13913,27536,142978,121088,0,0,0,0,0,0,303494,33747
22-08-2012,FII,450439,214253,263489,698049,593207,717108,294963,283481,20061,17752,29791,20033,2062056,1540570
22-08-2012,Pro,73269,138880,173581,250772,273462,214501,309625,625945,39516,24943,121996,66347,799272,1513565
22-08-2012,TOTAL,749782,749782,1210963,1210963,1471115,1887228,1471115,1887228,252246,145786,252246,145786,5717120,5717120
23-08-2012,Client,192555,387798,758327,237392,480966,827947,887691,957012,196551,102945,100714,60608,2559291,2631215
23-08-2012,TOTAL,755490,755490,1221748,1221748,1488874,1896674,1488874,1896674,254625,147101,254625,147101,5764512,5764512
23-08-2012,DII,25203,6211,15396,26600,142978,121088,0,0,0,0,0,0,304665,32811
23-08-2012,Pro,77333,137281,178970,253764,250689,206011,299429,633605,38668,25969,123569,67662,777640,1515310
23-08-2012,FII,460399,224200,269055,703992,614241,741628,301754,306057,19406,18187,30342,18831,2122916,1585176
24-08-2012,TOTAL,755460,755460,1241216,1241216,1477087,1886452,1477087,1886452,262830,142947,262830,142947,5765992,5765992
24-08-2012,Pro,76263,136829,185341,257333,243837,193746,321192,600038,38306,26758,128691,64712,764251,1508795
24-08-2012,FII,467447,225701,266846,724198,597954,781574,302196,305836,18230,17045,32814,18699,2149096,1609444
24-08-2012,Client,188007,386654,774849,232324,497216,790044,853699,980578,206294,99144,101325,59536,2555554,2614116
24-08-2012,DII,23743,6276,14180,27361,138080,121088,0,0,0,0,0,0,297091,33637
27-08-2012,Client,189368,395537,793401,229239,542044,764887,862578,976337,216579,91335,102223,57531,2597614,2623445
27-08-2012,DII,23308,6292,13706,27861,137920,134653,0,0,0,0,0,0,309587,34153
27-08-2012,FII,480776,225382,272685,749931,601233,777430,302917,321699,18503,15803,31540,16982,2166430,1648451
27-08-2012,Pro,82308,148549,183531,256292,245148,209966,360850,588900,35860,28722,137179,61347,785535,1553117
27-08-2012,TOTAL,775760,775760,1263323,1263323,1526345,1886936,1526345,1886936,270942,135860,270942,135860,5859166,5859166
28-08-2012,TOTAL,825703,825703,1280784,1280784,1566076,1864981,1566076,1864981,276012,135540,276012,135540,5949096,5949096
28-08-2012,Pro,87676,154502,185030,262007,244715,208796,370196,575020,36053,30728,144414,61728,792998,1567867
28-08-2012,FII,523006,252173,271829,768460,605308,773737,307347,350734,18754,16500,27944,16222,2209134,1722880
28-08-2012,DII,23469,6292,12991,28333,137937,134653,0,0,0,0,0,0,309050,34625
28-08-2012,Client,191552,412736,810934,221984,578116,747795,888533,939227,221205,88312,103654,57590,2637914,2623724
29-08-2012,Client,194752,415999,829165,221740,655370,691696,919878,881598,230838,86334,106444,58861,2688155,2604520
29-08-2012,DII,23321,6392,12506,29426,137937,134953,0,0,35,0,0,0,308752,35818
29-08-2012,FII,512308,243516,266431,779613,612530,758605,324203,354704,18353,15103,27429,14765,2183330,1744230
29-08-2012,Pro,85177,149651,180062,257385,234139,207226,395895,556178,37435,33904,152788,61715,777943,1573612
29-08-2012,TOTAL,815558,815558,1288164,1288164,1639976,1792480,1639976,1792480,286661,135341,286661,135341,5958180,5958180
30-08-2012,Client,161749,275157,676617,162935,316617,251975,542331,522475,62474,21743,32617,20805,1491175,1556320
30-08-2012,Pro,36894,104031,127475,126285,184535,141682,207928,251113,12231,14648,40257,15470,517465,745084
30-08-2012,FII,307005,143077,198963,698864,363439,463590,247269,139486,1403,680,3269,796,1335080,1232761
30-08-2012,DII,22233,5616,6106,21077,132937,55827,0,0,35,0,0,0,217138,26693
30-08-2012,TOTAL,527881,527881,1009161,1009161,997528,913074,997528,913074,76143,37071,76143,37071,3560858,3560858
31-08-2012,Client,178123,270955,701358,167079,388748,269657,602286,573789,85332,29086,45026,26605,1652304,1685740
31-08-2012,TOTAL,514566,514566,1040212,1040212,1124696,1012847,1124696,1012847,106699,52358,106699,52358,3851378,3851378
31-08-2012,DII,22477,3633,6340,22200,133037,59927,0,0,35,0,0,0,221816,25833
31-08-2012,Pro,41270,99506,130687,139222,210932,184458,254153,290719,15329,18885,54370,20797,601561,858767
31-08-2012,FII,272696,140472,201827,711711,391979,498805,268257,148339,6003,4387,7303,4956,1375697,1281038
03-09-2012,Client,188180,279646,723713,172558,446390,291336,642612,641356,103437,35172,54998,29984,1788228,1821154
03-09-2012,DII,22346,3822,7139,23849,133037,60085,0,0,35,0,0,0,222642,27671
03-09-2012,FII,266084,140795,201846,721489,430405,530528,289490,154502,7712,5928,8210,6074,1442503,1320560
03-09-2012,Pro,45101,97448,134890,149692,196595,215330,274325,301421,18754,20822,66730,25864,631492,915480
03-09-2012,TOTAL,521711,521711,1067588,1067588,1206427,1097279,1206427,1097279,129938,61922,129938,61922,4084865,4084865
04-09-2012,TOTAL,505456,505456,1077418,1077418,1266437,1152791,1266437,1152791,142556,68291,142556,68291,4212949,4212949
04-09-2012,Pro,48626,92968,138756,152539,214112,232906,298352,317135,21092,21500,70836,28332,676992,960162
04-09-2012,FII,245576,133585,198834,733239,438147,544990,293427,159208,9537,7758,10512,6640,1444842,1336611
04-09-2012,DII,22262,3822,7457,23677,133917,59928,0,0,60,0,0,0,223624,27499
04-09-2012,Client,188992,275081,732371,167963,480261,314967,674658,676448,111867,39033,61208,33319,1867491,1888677
05-09-2012,Client,199840,270804,747421,162733,541216,312652,702955,694193,133401,40517,67438,37302,1975047,1935425
05-09-2012,TOTAL,515420,515420,1091670,1091670,1333512,1191802,1333512,1191802,166202,75330,166202,75330,4373936,4373936
05-09-2012,DII,22281,3245,7317,26499,133917,61068,0,0,60,0,0,0,224643,29744
05-09-2012,Pro,55559,96677,142910,152166,213586,250398,327247,339942,22195,26360,84974,30147,711008,1031153
05-09-2012,FII,237740,144694,194022,750272,444793,567684,303310,157667,10546,8453,13790,7881,1463238,1377614
06-09-2012,Client,200487,256217,741517,159862,579070,340574,705553,733592,140133,44996,71705,39575,2046777,1966504
06-09-2012,DII,22979,3245,7388,29047,133924,61068,0,0,60,0,0,0,225419,32292
06-09-2012,FII,221141,141416,198964,749852,433083,610697,313589,185497,12391,9180,16146,8775,1485456,1415275
06-09-2012,Pro,54588,98317,143803,152911,223015,263094,349950,356344,24133,27046,88866,32872,735679,1079260
06-09-2012,TOTAL,499195,499195,1091672,1091672,1369092,1275433,1369092,1275433,176717,81222,176717,81222,4493331,4493331
07-09-2012,TOTAL,523661,523661,1082297,1082297,1347618,1287197,1347618,1287197,176067,90958,176067,90958,4507798,4507798
07-09-2012,Client,192088,264294,720297,172355,510175,384829,735013,728379,133127,55534,74640,41160,1996050,2015841
07-09-2012,FII,249600,144157,209430,733104,468332,611017,290909,171937,13153,9765,16637,9011,1561297,1365755
07-09-2012,DII,23975,6109,7924,26653,133924,59883,0,0,60,0,0,0,225766,32762
07-09-2012,Pro,57998,109101,144646,150185,235187,231468,321696,386881,29727,25659,84790,40787,724685,1093440
08-09-2012,Client,193628,267110,720903,174293,508392,401161,736304,736965,134594,57612,75734,42200,2016290,2032606
08-09-2012,DII,23975,6109,7927,26653,133924,59883,0,0,60,0,0,0,225769,32762
08-09-2012,FII,250360,144157,209460,732373,468543,611017,290911,171937,13153,9765,16637,9011,1562298,1365026
08-09-2012,Pro,61690,112277,147033,152004,239626,232099,323270,395258,30063,25709,85499,41875,736220,1110183
08-09-2012,TOTAL,529653,529653,1085323,1085323,1350485,1304160,1350485,1304160,177870,93086,177870,93086,4540577,4540577
10-09-2012,Pro,62016,110135,150360,145538,235581,217277,343555,370276,30748,26812,93691,43661,722794,1106856
10-09-2012,FII,223736,136662,207309,729980,493824,621783,285908,179515,14335,10249,17807,10119,1571236,1359991
10-09-2012,DII,24211,5509,8762,26778,134824,69627,0,0,60,0,0,0,237484,32287
10-09-2012,TOTAL,505282,505282,1080386,1080386,1396078,1333062,1396078,1333062,191630,99028,191630,99028,4605466,4605466
10-09-2012,Client,195319,252976,713955,178090,531849,424375,766615,783271,146487,61967,80132,45248,2073952,2106332
11-09-2012,Client,199009,258648,715598,186030,519316,484740,789165,806865,151557,68473,83355,47754,2138693,2171817
11-09-2012,DII,23971,5509,9212,25684,134824,69627,0,0,60,0,0,0,237694,31193
11-09-2012,FII,236682,144232,212886,730459,515758,631760,293742,184118,14601,11505,18721,10821,1623192,1382093
11-09-2012,Pro,68841,120114,154105,149628,247091,248821,334082,443965,32469,25713,96611,47116,777040,1191516
11-09-2012,TOTAL,528503,528503,1091801,1091801,1416989,1434948,1416989,1434948,198687,105691,198687,105691,4776619,4776619
12-09-2012,Client,195907,269726,720018,188765,512221,543849,806422,850961,153200,76000,84413,49258,2201195,2249545
12-09-2012,Pro,70415,126174,157880,155740,257356,253080,328152,477656,34893,25931,98274,51943,799555,1237939
12-09-2012,FII,252368,141669,219017,737588,528981,646274,302618,184213,15588,10402,21054,11132,1672630,1398274
12-09-2012,DII,24199,5320,11040,25862,138634,69627,0,0,60,0,0,0,243560,31182
12-09-2012,TOTAL,542889,542889,1107955,1107955,1437192,1512830,1437192,1512830,203741,112333,203741,112333,4916940,4916940
13-09-2012,Client,196168,274910,722391,189090,544493,582582,828233,865058,161245,79751,87079,51951,2286630,2296321
13-09-2012,TOTAL,552416,552416,1114489,1114489,1506313,1544471,1506313,1544471,212345,118280,212345,118280,5048314,5048314
13-09-2012,DII,24187,5320,11551,26597,140635,69627,0,0,60,0,0,0,246060,31917
13-09-2012,Pro,72822,127599,159581,153772,293898,245505,370097,487944,34573,27402,103567,55116,833781,1298095
13-09-2012,FII,259239,144587,220966,745030,527287,646757,307983,191469,16467,11127,21699,11213,1681843,1421981
14-09-2012,FII,293939,139952,238864,741865,583163,671878,318712,226330,17288,9489,21673,15269,1814621,1463801
14-09-2012,DII,21325,6740,14207,24546,141145,49627,0,0,45,0,0,0,226349,31286
14-09-2012,TOTAL,592605,592605,1120821,1120821,1480196,1643785,1480196,1643785,194661,136777,194661,136777,5168845,5168845
14-09-2012,Pro,81506,126075,163472,157612,289798,229693,354536,557947,46065,23936,88025,68270,834470,1352465
14-09-2012,Client,195835,319838,704278,196798,466090,692587,806948,859508,131263,103352,84963,53238,2293405,2321293
17-09-2012,Pro,77755,136513,172443,156049,254452,236131,363207,599867,51562,24571,88394,83121,816914,1427151
17-09-2012,FII,325422,129889,255767,736677,641489,681357,345000,250677,18818,9826,22327,20879,1932679,1505449
17-09-2012,TOTAL,630545,630545,1134878,1134878,1505230,1745287,1505230,1745287,192047,159015,192047,159015,5367002,5367002
17-09-2012,DII,21462,6740,15203,21580,140945,49627,0,0,45,0,0,0,227282,28320
17-09-2012,Client,205906,357403,691465,220572,468344,778172,797023,894743,121622,124618,81326,55015,2390127,2406082
18-09-2012,Client,211051,376109,713474,226908,491038,804960,791792,935338,128807,131433,85609,58314,2480763,2474070
18-09-2012,DII,17882,6860,15641,20825,140945,49627,0,0,25,0,0,0,224120,27685
18-09-2012,FII,336696,136599,257861,757455,626537,692886,351969,263027,19985,10781,23190,21272,1944746,1553512
18-09-2012,Pro,80061,126122,180503,162291,257484,251011,372243,600119,52850,24960,92868,87588,846869,1441231
18-09-2012,TOTAL,645690,645690,1167479,1167479,1516004,1798484,1516004,1798484,201667,167174,201667,167174,5496498,5496498
20-09-2012,DII,18266,6360,16096,20385,141955,49627,0,0,15,0,0,0,225959,26745
20-09-2012,Client,204591,372654,725454,219352,511825,765308,816000,923916,140278,126858,89956,58906,2474314,2480784
20-09-2012,FII,348807,149416,253790,766916,600708,699064,343426,267439,21130,12433,23062,21413,1935932,1571672
20-09-2012,TOTAL,650444,650444,1178640,1178640,1523966,1790432,1523966,1790432,212145,166468,212145,166468,5522095,5522095
20-09-2012,Pro,78780,122014,183300,171987,269478,276433,364540,599077,50722,27177,99127,86149,885890,1442894
21-09-2012,Pro,99294,115457,199866,185008,265424,263399,377360,629076,55406,25748,87985,93730,909137,1488616
21-09-2012,DII,17609,6360,17197,18579,143955,49692,0,0,25,0,0,0,228478,24939
21-09-2012,FII,359735,168940,260713,782874,614153,715345,391634,312981,21006,12429,28379,26608,1983381,1711416
21-09-2012,Client,221255,407136,731229,222544,502943,908231,757481,994610,128001,141673,88074,59512,2633332,2529357
21-09-2012,TOTAL,697893,697893,1209005,1209005,1526475,1936667,1526475,1936667,204438,179850,204438,179850,5754328,5754328
24-09-2012,Client,221329,407025,735941,225312,591433,926308,780673,1025094,141253,146085,91950,61874,2762349,2591928
24-09-2012,DII,17050,6360,17124,16743,143955,49692,0,0,61,0,0,0,227882,23103
24-09-2012,FII,394276,208648,267636,799161,606661,722607,393588,297789,20187,13105,27128,25004,2024472,1751318
24-09-2012,Pro,99695,110317,200255,179740,241050,267928,408838,643652,54020,27178,96443,99490,890126,1538480
24-09-2012,TOTAL,732350,732350,1220956,1220956,1583099,1966535,1583099,1966535,215521,186368,215521,186368,5904829,5904829
25-09-2012,Client,214133,418360,759108,222031,635641,910155,793052,1004777,148806,148414,96468,65293,2816257,2599981
25-09-2012,TOTAL,776971,776971,1258068,1258068,1595027,1969753,1595027,1969753,223836,189933,223836,189933,6013588,6013588
25-09-2012,DII,16919,2020,14170,16207,143953,49692,0,0,61,0,0,0,224795,18227
25-09-2012,Pro,92226,110464,205989,190036,250966,270224,419079,658387,54521,28802,101851,101038,902728,1580855
25-09-2012,FII,453693,246127,278801,829794,564467,739682,382896,306589,20448,12717,25517,23602,2069808,1814525
26-09-2012,Pro,94499,112413,200427,185518,247028,274594,420064,696548,55205,30526,104820,100779,902279,1620142
26-09-2012,DII,13526,8260,12809,16145,145906,49692,0,0,51,0,0,0,221984,24405
26-09-2012,FII,495472,275555,279267,855662,567009,761662,389635,313696,20813,13734,26917,23901,2137957,1885366
26-09-2012,Client,217680,424949,781088,216266,667045,912818,817289,988522,152949,146850,97281,66430,2878430,2610737
26-09-2012,TOTAL,821177,821177,1273591,1273591,1626988,1998766,1626988,1998766,229018,191110,229018,191110,6140650,6140650
27-09-2012,DII,12082,6860,9553,14517,141106,31823,0,0,0,0,0,0,194564,21377
27-09-2012,Client,156699,326433,674525,145268,397018,296886,492896,571575,58104,25047,35215,16970,1608279,1588357
27-09-2012,FII,331424,127896,194707,747339,351053,504269,321387,165085,449,620,1948,548,1382522,1364203
27-09-2012,TOTAL,558786,558786,1016610,1016610,1065256,1032563,1065256,1032563,73724,36133,73724,36133,3783072,3783072
27-09-2012,Pro,58581,97597,137825,109486,176079,199585,250973,295903,15171,10466,36561,18615,597707,809135
28-09-2012,Pro,50013,106709,142968,112301,188805,208138,238691,332537,19543,13615,50447,25766,623082,866451
28-09-2012,TOTAL,609549,609549,1066649,1066649,1103692,1164276,1103692,1164276,106586,53688,106586,53688,4104440,4104440
28-09-2012,FII,378297,134733,205146,779836,344761,541547,321899,176355,6795,5714,7591,4916,1482260,1425330
28-09-2012,DII,12185,6860,10589,14669,144346,31823,0,0,16,0,0,0,198959,21529
28-09-2012,Client,169054,361247,707946,159843,425780,382768,543102,655384,80232,34359,48548,23006,1800139,1791130
01-10-2012,Client,171077,373608,728180,163679,463500,430086,570824,691666,94675,43154,57518,28757,1930672,1886052
01-10-2012,TOTAL,622870,622870,1092604,1092604,1163045,1228284,1163045,1228284,124918,66089,124918,66089,4297810,4297810
01-10-2012,DII,12335,6860,11869,15386,144346,31823,0,0,16,0,0,0,200389,22246
01-10-2012,Pro,56262,106024,147447,123637,205867,198503,259515,345420,22083,15516,57039,30897,645678,922532
01-10-2012,FII,383196,136378,205108,789902,349332,567872,332706,191198,8144,7419,10361,6435,1521071,1466980
03-10-2012,Pro,53561,112551,153421,134621,221276,208095,276961,370428,25820,17459,64245,36419,679632,995225
03-10-2012,DII,12323,6860,13582,15328,144346,31823,0,0,16,0,0,0,202090,22188
03-10-2012,FII,414343,133818,207003,797018,379428,604974,370803,206077,9703,8688,14181,7877,1624139,1529774
03-10-2012,Client,162144,389142,743482,170521,503386,471487,600672,739874,109541,51891,66654,33742,2041931,2000605
03-10-2012,TOTAL,642371,642371,1117488,1117488,1248436,1316379,1248436,1316379,145080,78038,145080,78038,4547792,4547792
04-10-2012,Pro,61373,119269,157102,145858,222132,204830,268380,407495,28601,18259,65217,40718,692297,1046937
04-10-2012,TOTAL,659246,659246,1136429,1136429,1268464,1380737,1268464,1380737,154675,88916,154675,88916,4688467,4688467
04-10-2012,DII,12221,7860,16954,15132,144346,31823,0,0,49,0,0,0,205393,22992
04-10-2012,FII,425877,120441,208246,802355,397061,614201,378438,221480,10472,10400,18573,10922,1666257,1552209
04-10-2012,Client,159775,411676,754127,173084,504925,529883,621646,751762,115553,60257,70885,37276,2124520,2066329
05-10-2012,FII,428934,144243,204141,807983,408700,629307,369708,240289,11909,10312,19583,11848,1693303,1593654
05-10-2012,Client,163591,406039,763743,166529,586607,510619,664952,783618,127598,63712,77490,39633,2215870,2138261
05-10-2012,TOTAL,670507,670507,1138023,1138023,1345802,1421265,1345802,1421265,168064,93779,168064,93779,4837440,4837440
05-10-2012,DII,11039,5860,15606,15229,144306,55263,0,0,49,0,0,0,226263,21089
05-10-2012,Pro,66943,114365,154533,148282,206189,226076,311142,397358,28508,19755,70991,42298,702004,1084436
08-10-2012,FII,440863,147384,197127,812752,399572,643009,375166,237728,12904,11819,21179,13631,1705294,1607840
08-10-2012,DII,10087,5006,17487,15550,144306,55263,0,0,49,0,0,0,227192,20556
08-10-2012,TOTAL,668915,668915,1139616,1139616,1397516,1420674,1397516,1420674,187496,100993,187496,100993,4915210,4915210
08-10-2012,Pro,63268,111820,154066,151344,214769,222809,340036,388228,27056,23995,81638,44523,705963,1117589
08-10-2012,Client,154697,404705,770936,159970,638869,499593,682314,794718,147487,65179,84679,42839,2276761,2169225
09-10-2012,Client,156671,406012,776876,163498,647848,535803,709509,811298,156863,75450,90262,47875,2349511,2228454
09-10-2012,Pro,60292,111477,157764,153520,214249,214799,334632,380511,29724,26616,87822,51631,703444,1119593
09-10-2012,FII,446253,150399,195185,814998,406318,640367,368380,254423,13921,13001,22473,15561,1715045,1626234
09-10-2012,DII,9596,4924,17936,15745,144106,55263,0,0,49,0,0,0,226950,20669
09-10-2012,TOTAL,672812,672812,1147761,1147761,1412521,1446232,1412521,1446232,200557,115067,200557,115067,4994950,4994950
10-10-2012,DII,9485,3947,17814,15481,144106,55303,0,0,49,0,0,0,226757,19428
10-10-2012,FII,418995,157373,190052,823854,408075,660074,376380,258813,16978,16615,27860,17824,1710789,1662104
10-10-2012,Pro,76008,113367,159767,156795,211242,245027,384971,372812,30713,29215,100294,54581,751972,1182820
10-10-2012,TOTAL,672724,672724,1155784,1155784,1486017,1472235,1486017,1472235,226030,124471,226030,124471,5137261,5137261
10-10-2012,Client,168236,398037,788151,159654,722594,511831,724666,840610,178290,78641,97876,52066,2447743,2272909
11-10-2012,FII,437850,177955,195469,842122,413838,668925,386586,265026,16799,16688,30424,18314,1749569,1720427
11-10-2012,Pro,66569,114989,166729,162767,229711,209209,341653,392008,40896,34973,113927,79076,748087,1204420
11-10-2012,TOTAL,696601,696601,1187041,1187041,1493607,1489816,1493607,1489816,251636,161560,251636,161560,5280261,5280261
11-10-2012,Client,180075,398997,804484,166051,706752,556419,765368,832782,193892,109899,107285,64170,2551521,2334653
11-10-2012,DII,12107,4660,20359,16101,143306,55263,0,0,49,0,0,0,231084,20761
12-10-2012,TOTAL,686512,686512,1184853,1184853,1558721,1518735,1558721,1518735,270784,147325,270784,147325,5366930,5366930
12-10-2012,Pro,67195,121718,167977,157693,231042,221865,380927,391140,37798,32662,127143,67099,758539,1245720
12-10-2012,FII,426257,177610,192457,849024,414627,709637,393492,266002,16703,15591,30644,17453,1775272,1734225
12-10-2012,DII,11971,3505,20147,18396,143056,55333,0,0,49,0,0,0,230556,21901
12-10-2012,Client,181089,383679,804272,159740,769996,531900,784302,861593,216234,99072,112997,62773,2602563,2365084
15-10-2012,Client,179390,388257,808737,163995,791570,568912,813108,867671,229681,103944,118018,64897,2682234,2415946
15-10-2012,DII,11971,3665,19104,18215,143056,55366,0,0,49,0,0,0,229546,21880
15-10-2012,FII,434790,173144,194843,850385,411313,698266,404956,257183,16455,18276,32866,19507,1773943,1738041
15-10-2012,Pro,67986,129071,174003,164092,240441,211885,368316,409575,37159,31574,132460,69390,763048,1272904
15-10-2012,TOTAL,694137,694137,1196687,1196687,1586380,1534429,1586380,1534429,283344,153794,283344,153794,5448771,5448771
16-10-2012,Client,176635,385086,805174,161863,795432,543312,801789,869172,232381,95386,117864,62460,2648320,2398234
16-10-2012,TOTAL,687309,687309,1194651,1194651,1602586,1535928,1602586,1535928,285491,145737,285491,145737,5451702,5451702
16-10-2012,DII,11964,2333,20956,18019,143056,55366,0,0,49,0,0,0,231391,20352
16-10-2012,Pro,72492,130625,176854,162620,234171,234858,394092,416718,36489,33443,134327,64246,788307,1302628
16-10-2012,FII,426218,169265,191667,852149,429927,702392,406705,250038,16572,16908,33300,19031,1783684,1730488
17-10-2012,Pro,70583,128308,186915,171884,229081,262743,398419,450974,38600,31913,135039,66973,819835,1351597
17-10-2012,DII,11954,2343,21265,17976,143056,55538,0,0,49,0,0,0,231862,20319
17-10-2012,FII,430277,165644,194580,853432,436228,715226,405356,276663,16379,20058,32099,19598,1812748,1752792
17-10-2012,Client,173256,389775,810409,169877,805313,578993,809903,884863,232635,99359,120525,64759,2699965,2439702
17-10-2012,TOTAL,686070,686070,1213169,1213169,1613678,1612500,1613678,1612500,287663,151330,287663,151330,5564410,5564410
18-10-2012,DII,12099,2120,21531,19309,143469,55328,0,0,49,0,0,0,232476,21429
18-10-2012,Client,185231,415027,836086,181727,716582,674938,800853,903517,220177,107669,117258,65548,2740683,2483930
18-10-2012,FII,443121,176432,206995,863460,458791,702470,410442,282778,16508,21506,33265,19962,1849391,1786339
18-10-2012,TOTAL,716730,716730,1262582,1262582,1566636,1671450,1566636,1671450,279412,159806,279412,159806,5656616,5656616
18-10-2012,Pro,76279,123151,197970,198086,247794,238714,355341,485155,42678,30631,128889,74296,834066,1364918
19-10-2012,Pro,71151,127328,202238,199856,223252,227307,361191,436716,40953,32781,135440,73631,797682,1334162
19-10-2012,TOTAL,695932,695932,1256568,1256568,1595839,1600919,1595839,1600919,288743,159628,288743,159628,5597629,5597629
19-10-2012,FII,439265,183352,208644,864001,459873,713701,416213,269299,16574,21959,33692,20059,1860016,1786616
19-10-2012,DII,11965,2335,21333,19280,143469,55538,0,0,49,0,0,0,232354,21615
19-10-2012,Client,173551,382917,824353,173431,769245,604373,818435,894904,231167,104888,119611,65938,2707577,2455236
22-10-2012,DII,12129,2120,19477,19695,143469,55328,0,0,49,0,0,0,230452,21815
22-10-2012,Client,180303,397321,829074,186377,754493,670106,836804,881727,222561,106239,118171,65520,2762776,2485920
22-10-2012,FII,482508,218505,229071,874757,458296,703724,410438,270124,15658,20662,31299,17941,1909919,1823064
22-10-2012,TOTAL,746040,746040,1286503,1286503,1610862,1649127,1610862,1649127,279177,159083,279177,159083,5730792,5730792
22-10-2012,Pro,71100,128094,208881,205674,254604,219969,363620,497276,40909,32182,129707,75622,827645,1399993
23-10-2012,DII,11970,2313,19149,19115,143469,55368,0,0,49,0,0,0,230005,21428
23-10-2012,TOTAL,757705,757705,1299136,1299136,1570252,1602838,1570252,1602838,276292,152679,276292,152679,5658902,5658902
23-10-2012,Client,173643,399460,838394,183340,761091,609249,798735,869696,219854,99731,118556,63990,2701962,2433777
23-10-2012,FII,491642,226829,245443,904383,441585,728448,401689,269907,15490,19290,29808,16699,1941898,1849315
23-10-2012,Pro,80450,129103,196150,192298,224107,209773,369828,463235,40899,33658,127928,71990,785037,1354382
25-10-2012,Client,138561,303942,723707,150126,339235,238485,481080,565246,49181,17637,32662,19167,1506806,1552223
25-10-2012,DII,11632,1574,11467,18276,143469,44966,0,0,53,0,0,0,211587,19850
25-10-2012,FII,306420,99648,186903,773239,298814,524986,291688,179520,930,745,1359,377,1318798,1345831
25-10-2012,Pro,45409,96858,141704,122140,186349,176220,195099,239891,12053,13211,28196,12049,574946,694233
25-10-2012,TOTAL,502022,502022,1063781,1063781,967867,984657,967867,984657,62217,31593,62217,31593,3612137,3612137
26-10-2012,Client,146971,300214,800795,168212,399421,248305,502424,638676,79873,25862,50817,29327,1701227,1689670
26-10-2012,TOTAL,500956,500956,1162640,1162640,1043004,1110109,1043004,1110109,107790,52763,107790,52763,3977262,3977262
26-10-2012,DII,11472,2674,11947,19499,143469,45188,0,0,73,0,0,0,212149,22173
26-10-2012,Pro,45145,94526,151395,134175,194261,195240,236418,274726,17445,19702,47132,18384,623188,805361
26-10-2012,FII,297368,103542,198503,840754,305853,621376,304162,196707,10399,7199,9841,5052,1440698,1460058
29-10-2012,Pro,47673,92898,151977,137754,199490,204586,249997,303363,21205,23070,57676,22847,648001,864535
29-10-2012,DII,11771,2674,13031,19225,145469,47188,0,0,73,0,0,0,217532,21899
29-10-2012,TOTAL,498906,498906,1170132,1170132,1100727,1198606,1100727,1198606,132260,66923,132260,66923,4167554,4167554
29-10-2012,FII,291516,102279,198676,842645,325538,678711,309075,226071,13591,9400,14228,8254,1517432,1502552
29-10-2012,Client,147946,301055,806448,170508,430230,268121,541655,669172,97391,34453,60356,35822,1784589,1778568
30-10-2012,Client,168330,301901,809434,165057,517132,280556,596537,736420,118702,37726,69696,41720,1931880,1911331
30-10-2012,FII,272815,106607,200296,848772,328652,729261,331859,209930,15722,9926,17018,9160,1556672,1523346
30-10-2012,TOTAL,503361,503361,1176720,1176720,1228420,1258305,1228420,1258305,155532,74760,155532,74760,4397098,4397098
30-10-2012,DII,11583,2845,12632,18525,148469,47188,0,0,73,0,0,0,219945,21370
30-10-2012,Pro,50633,92008,154358,144366,234167,201300,300024,311955,21035,27108,68818,23880,688601,941051
31-10-2012,Client,163251,295483,807518,170381,542309,317290,650430,767294,129911,44692,75177,46384,2004971,2005149
31-10-2012,DII,11583,2845,13645,18925,148469,45188,0,0,73,0,0,0,218958,21770
31-10-2012,FII,270992,110724,204442,846589,335778,741362,335004,214836,16226,10424,18188,10107,1579224,1535448
31-10-2012,Pro,47241,84015,156345,146055,251773,194570,292895,316280,22875,28788,75720,27413,701592,942378
31-10-2012,TOTAL,493067,493067,1181950,1181950,1278329,1298410,1278329,1298410,169085,83904,169085,83904,4504745,4504745
01-11-2012,DII,11632,2845,14398,19984,148469,45188,0,0,73,0,0,0,219760,22829
01-11-2012,Client,160007,287202,805661,175872,539875,345639,662605,802079,136004,54381,80249,50483,2041567,2058490
01-11-2012,FII,270442,101516,210266,847793,335684,775145,330175,215871,16798,10268,21255,9867,1618603,1526477
01-11-2012,TOTAL,485570,485570,1191189,1191189,1282185,1350663,1282185,1350663,179607,93040,179607,93040,4582254,4582254
01-11-2012,Pro,43489,94007,160864,147540,258157,184691,289405,332713,26732,28391,78103,32690,702324,974458
02-11-2012,DII,10238,3573,14596,19959,149973,44966,0,0,73,0,0,0,219846,23532
02-11-2012,TOTAL,523502,523502,1200646,1200646,1302918,1404128,1302918,1404128,186190,102439,186190,102439,4719823,4719823
02-11-2012,Client,166659,307143,811136,185922,527564,391210,686216,819071,138247,62878,85610,53609,2097694,2137571
02-11-2012,FII,303079,105960,213079,841483,352537,779726,328472,224278,17750,11170,22264,10826,1677341,1533283
02-11-2012,Pro,43526,106826,161835,153282,272844,188226,288230,360779,30120,28391,78316,38004,724942,1025437
05-11-2012,Client,165880,306777,816864,188874,546161,420137,691384,839074,152895,67620,92545,57386,2169557,2176040
05-11-2012,DII,10513,4574,15169,21671,150523,45316,0,0,73,0,0,0,221594,26245
05-11-2012,FII,308638,115284,213686,842069,357410,782448,324734,224482,18648,11465,24617,11399,1692295,1542585
05-11-2012,Pro,42873,101269,162291,155396,262529,194461,300505,378806,31444,30126,85898,40426,723724,1062300
05-11-2012,TOTAL,527904,527904,1208010,1208010,1316623,1442362,1316623,1442362,203060,109211,203060,109211,4807170,4807170
06-11-2012,Client,171552,313965,821742,193831,568966,462835,699495,852691,160039,71851,95927,60759,2256985,2216668
06-11-2012,TOTAL,542511,542511,1224295,1224295,1348620,1491785,1348620,1491785,213572,115809,213572,115809,4936592,4936592
06-11-2012,DII,10346,4574,14988,22165,150528,45316,0,0,73,0,0,0,221251,26739
06-11-2012,Pro,46123,98913,169677,162183,270727,202949,311140,391725,33831,31786,85964,41522,755093,1091447
06-11-2012,FII,314490,125059,217888,846116,358399,780685,337985,247369,19629,12172,31681,13528,1703263,1601738
07-11-2012,FII,319152,133145,225182,853143,383781,773440,356093,270905,20853,13832,33123,14653,1736240,1661062
07-11-2012,Client,184279,323784,827528,200238,599018,512864,752150,833632,163515,81636,99805,63957,2368840,2273566
07-11-2012,TOTAL,562603,562603,1241979,1241979,1412856,1560528,1412856,1560528,220239,125757,220239,125757,5123962,5123962
07-11-2012,DII,10026,4574,16629,22075,149928,45316,0,0,73,0,0,0,221972,26649
07-11-2012,Pro,49146,101100,172640,166523,280129,228908,304613,455991,35798,30289,87311,47147,796910,1162685
08-11-2012,DII,10322,7058,17483,21214,149928,45316,0,0,73,0,0,0,223122,28272
08-11-2012,Client,180399,308248,830136,197583,629186,503273,747084,850071,178224,90000,103435,66911,2411218,2273332
08-11-2012,FII,307168,135627,221279,863905,378967,795290,372380,280176,19823,13915,35319,13436,1736442,1700843
08-11-2012,TOTAL,546335,546335,1249404,1249404,1439168,1581347,1439168,1581347,234602,134948,234602,134948,5185804,5185804
08-11-2012,Pro,48446,95402,180506,166702,281087,237468,319704,451100,36482,31033,95848,54601,815022,1183357
09-11-2012,DII,10082,5849,16722,21935,149928,45316,0,0,73,0,0,0,222121,27784
09-11-2012,TOTAL,544295,544295,1253522,1253522,1483902,1559898,1483902,1559898,263592,139115,263592,139115,5244324,5244324
09-11-2012,Client,176591,301421,835662,189040,700240,444539,766241,848757,206637,88803,112013,68835,2452472,2286307
09-11-2012,FII,300004,139779,218646,876101,377760,825418,383854,281828,21952,16443,38328,16226,1760223,1736116
09-11-2012,Pro,57618,97246,182492,166446,255974,244625,333807,429313,34930,33869,113251,54054,809508,1194117
12-11-2012,Pro,64225,97931,184799,172040,243540,258135,348364,437372,36143,33648,119213,59654,820490,1234574
12-11-2012,DII,10248,5693,16403,21755,150728,45316,0,0,73,0,0,0,222768,27448
12-11-2012,FII,283520,138885,220240,868182,367418,830722,390957,268084,20481,17304,37965,17310,1739685,1721383
12-11-2012,Client,181210,296694,835538,195003,734923,447790,757288,876507,213982,99325,113501,73313,2512768,2312306
12-11-2012,TOTAL,539203,539203,1256980,1256980,1496609,1581963,1496609,1581963,270679,150277,270679,150277,5295711,5295711
13-11-2012,Client,180408,289335,827389,191540,743097,443660,768083,878247,217507,100028,115021,73324,2512089,2315550
13-11-2012,Pro,58001,99620,182873,166065,244985,261798,351496,446931,36189,33854,120835,59888,817700,1244835
13-11-2012,FII,288003,141670,220109,867419,368234,835538,387460,261294,20360,16808,38273,17478,1749052,1713594
13-11-2012,DII,10066,5853,16403,21750,150723,45476,0,0,73,0,0,0,222741,27603
13-11-2012,TOTAL,536478,536478,1246774,1246774,1507039,1586472,1507039,1586472,274129,150690,274129,150690,5301582,5301582
15-11-2012,TOTAL,501765,501765,1257097,1257097,1549362,1559017,1549362,1559017,288437,149207,288437,149207,5304885,5304885
15-11-2012,FII,233242,135526,216869,878757,358812,849395,399816,253724,20480,17436,38896,16535,1696234,1723254
15-11-2012,Pro,70323,92461,192173,169261,228637,244982,361470,413560,35660,34701,130881,59151,806476,1226784
15-11-2012,Client,188293,267925,829793,187869,811190,419164,788076,891733,232224,97070,118660,73521,2577734,2327784
15-11-2012,DII,9907,5853,18262,21210,150723,45476,0,0,73,0,0,0,224441,27063
16-11-2012,Client,192110,231166,799041,177169,860324,390492,832993,893685,249961,88638,122729,72556,2580566,2330298
16-11-2012,TOTAL,464088,464088,1236435,1236435,1617976,1559475,1617976,1559475,305730,145722,305730,145722,5329426,5329426
16-11-2012,DII,9693,4565,19347,21113,150723,45645,0,0,73,0,0,0,225481,25678
16-11-2012,Pro,58172,94417,196759,163929,240711,250189,391188,429512,35110,38963,140422,55272,819904,1274740
16-11-2012,FII,204113,133940,221288,874224,366218,873149,393795,236278,20586,18121,42579,17894,1703475,1698710
19-11-2012,TOTAL,457012,457012,1246324,1246324,1648587,1556519,1648587,1556519,321082,149784,321082,149784,5379308,5379308
19-11-2012,Pro,54589,95153,201508,169726,230809,231910,398288,402394,36405,38876,149888,57415,794097,1272864
19-11-2012,FII,200181,131175,225280,875652,369168,876941,401644,235468,20029,20090,44209,17776,1711689,1705924
19-11-2012,DII,9871,5965,18000,21462,151223,45645,0,0,73,0,0,0,224812,27427
19-11-2012,Client,192371,224719,801536,179484,897387,402023,848655,918657,264575,90818,126985,74593,2648710,2373093
20-11-2012,Client,188384,218941,786211,174835,867279,430146,841117,929011,275866,88280,130760,75850,2636166,2370514
20-11-2012,DII,9539,5901,17520,21084,152875,46645,0,0,73,0,0,0,226652,26985
20-11-2012,FII,200925,121337,231386,874024,373053,876824,402869,229023,19922,21737,45046,17643,1723847,1689942
20-11-2012,Pro,43310,95979,205112,170286,231157,220890,380378,416471,37310,40795,157365,57319,778574,1277798
20-11-2012,TOTAL,442158,442158,1240229,1240229,1624364,1574505,1624364,1574505,333171,150812,333171,150812,5365239,5365239
21-11-2012,Client,187588,213435,787615,182521,836331,495132,841288,958066,274104,96997,130512,78099,2677767,2403921
21-11-2012,DII,9208,6681,19513,21203,152881,46126,0,0,73,0,0,0,227801,27884
21-11-2012,FII,206467,129053,241139,875489,368573,889495,397186,237023,19451,22080,43060,19726,1747205,1701537
21-11-2012,Pro,47762,101856,210232,179286,267083,229600,386394,465264,38143,39083,158199,60335,831903,1351334
21-11-2012,TOTAL,451025,451025,1258499,1258499,1624868,1660353,1624868,1660353,331771,158160,331771,158160,5484676,5484676
22-11-2012,Client,186364,206607,795334,187614,799759,534554,850292,969705,269611,101364,131164,80388,2686986,2425770
22-11-2012,FII,212423,136050,243794,880857,374905,893492,394574,247599,19606,21658,43325,19884,1765878,1722289
22-11-2012,Pro,49476,108162,218591,190057,281832,228064,364511,483932,38306,39454,153107,62204,855723,1361973
22-11-2012,TOTAL,457500,457500,1279042,1279042,1609377,1701236,1609377,1701236,327596,162476,327596,162476,5537227,5537227
22-11-2012,DII,9237,6681,21323,20514,152881,45126,0,0,73,0,0,0,228640,27195
23-11-2012,Client,178886,206807,798024,185978,844870,505009,847232,960501,272570,101312,133209,81680,2700671,2415407
23-11-2012,DII,8937,6681,20295,20175,152881,45126,0,0,73,0,0,0,227312,26856
23-11-2012,FII,216131,138972,253600,893713,367028,888994,395046,241382,19245,21735,44494,19972,1766733,1733579
23-11-2012,Pro,49151,100645,225179,197232,267808,235367,390309,472613,37855,39235,152040,60630,854595,1373469
23-11-2012,TOTAL,453105,453105,1297098,1297098,1632587,1674496,1632587,1674496,329743,162282,329743,162282,5549311,5549311
26-11-2012,Client,179769,209689,801929,188556,843686,546227,825637,958628,266647,104795,132632,81215,2743053,2396357
26-11-2012,DII,8974,6681,19812,19074,152881,45126,0,0,73,0,0,0,226866,25755
26-11-2012,FII,227544,144479,268285,907289,350753,884325,395995,239329,17519,19576,41421,19033,1768002,1747546
26-11-2012,Pro,47639,103077,229361,204468,282688,234461,408376,512182,39459,40025,149645,64148,873633,1441896
26-11-2012,TOTAL,463926,463926,1319387,1319387,1630008,1710139,1630008,1710139,323698,164396,323698,164396,5611554,5611554
27-11-2012,Client,178920,249326,809737,203950,753808,679288,797456,1017670,235203,110452,124573,78031,2767408,2471006
27-11-2012,DII,8903,6521,21245,16817,152120,46966,0,0,73,0,0,0,229307,23338
27-11-2012,FII,299566,167944,287066,920757,363987,877173,394960,233340,16140,18879,41597,19769,1862811,1778367
27-11-2012,TOTAL,544294,544294,1341426,1341426,1560226,1822691,1560226,1822691,295724,166946,295724,166946,5731307,5731307
27-11-2012,Pro,56905,120503,223378,199902,290311,219264,367810,571681,44308,37615,129554,69146,871781,1458596
29-11-2012,Client,145091,289668,762008,156241,355411,332066,477262,602299,56135,24414,34489,22238,1675125,1582197
29-11-2012,DII,11481,6344,13438,13875,151510,44966,0,0,0,0,0,0,221395,20219
29-11-2012,FII,254575,76920,205948,841054,288533,508516,282134,141067,100,100,1480,263,1257772,1342918
29-11-2012,Pro,48538,86753,144332,114556,206519,174931,242577,317113,12808,13481,33074,15494,600609,809567
29-11-2012,TOTAL,459685,459685,1125726,1125726,1001973,1060479,1001973,1060479,69043,37995,69043,37995,3754901,3754901
30-11-2012,Pro,45045,98188,155117,125769,248304,182571,247013,351648,19142,17777,51626,22938,667956,897182
30-11-2012,TOTAL,502165,502165,1163804,1163804,1094350,1211314,1094350,1211314,113365,58521,113365,58521,4143519,4143519
30-11-2012,FII,286656,85375,212815,846366,309335,545740,292950,132198,8651,5825,12221,5200,1369022,1374310
30-11-2012,DII,11493,6344,14813,14598,151510,44966,0,0,0,0,0,0,222782,20942
30-11-2012,Client,158971,312258,781059,177071,385201,438037,554387,727468,85572,34919,49518,30383,1883759,1851085
03-12-2012,Client,165006,316527,792253,183315,427576,457547,584834,757681,104055,41850,58995,34871,1988287,1936223
03-12-2012,DII,12047,8644,17390,14640,151510,46212,0,0,0,0,0,0,227159,23284
03-12-2012,FII,284636,92322,211355,847516,323025,570825,298227,143048,11763,7574,17537,8268,1409178,1406918
03-12-2012,Pro,46041,90237,159698,135225,265724,204007,284774,377862,21301,19249,60587,25534,716020,974219
03-12-2012,TOTAL,507730,507730,1180696,1180696,1167835,1278591,1167835,1278591,137119,68673,137119,68673,4340644,4340644
04-12-2012,Pro,46976,88079,161658,140762,291273,207877,309644,397869,24548,19449,64248,28699,751781,1029301
04-12-2012,DII,10383,8644,19005,15567,151510,45112,0,0,0,0,0,0,226010,24211
04-12-2012,TOTAL,511427,511427,1200426,1200426,1234848,1323544,1234848,1323544,150635,76696,150635,76696,4497576,4497576
04-12-2012,FII,278535,96112,214439,854506,325662,583867,315040,157695,11221,7953,20159,8703,1421677,1452215
04-12-2012,Client,175533,318592,805324,189591,466403,486688,610164,767980,114866,49294,66228,39294,2098108,1991849
05-12-2012,Client,182342,326409,811986,198342,523140,513913,639479,787551,126777,56430,74849,43342,2214588,2069972
05-12-2012,DII,9472,8644,22165,15834,151532,45112,0,0,0,0,0,0,228281,24478
05-12-2012,FII,282131,102431,221549,866856,322250,596539,317296,164886,11884,9019,24818,9216,1443372,1485503
05-12-2012,Pro,54247,90708,170610,145278,296121,227025,336268,430152,28072,18950,67066,31841,795025,1101313
05-12-2012,TOTAL,528192,528192,1226310,1226310,1293043,1382589,1293043,1382589,166733,84399,166733,84399,4681266,4681266
06-12-2012,Client,191309,327796,831938,204493,540972,529080,651015,804433,134222,63615,80846,46124,2291136,2114707
06-12-2012,DII,8753,8644,23580,16440,151542,45112,0,0,0,0,0,0,228987,25084
06-12-2012,FII,280596,104533,222213,881266,319152,609470,322490,173991,13148,10177,28228,10821,1454756,1521329
06-12-2012,Pro,53640,93325,179390,154922,290646,206039,328807,411277,33044,20380,71340,37227,783139,1096898
06-12-2012,TOTAL,534298,534298,1257121,1257121,1302312,1389701,1302312,1389701,180414,94172,180414,94172,4758018,4758018
07-12-2012,Pro,43868,88830,175953,155903,275646,201148,335632,413173,31551,22362,83693,39377,750528,1116608
07-12-2012,TOTAL,529828,529828,1255921,1255921,1354279,1428578,1354279,1428578,200443,99981,200443,99981,4869030,4869030
07-12-2012,DII,8688,7944,25367,16636,151549,45112,0,0,0,0,0,0,230716,24580
07-12-2012,Client,185515,329763,836234,196867,597890,562818,687130,833960,153203,66952,86506,49037,2402612,2183263
07-12-2012,FII,291757,103291,218367,886515,329194,619500,331517,181445,15689,10667,30244,11567,1485174,1544579
10-12-2012,Client,180585,327890,853584,201087,598680,588223,698483,850063,166321,74752,93841,54303,2462145,2225667
10-12-2012,Pro,43066,87582,182774,164989,289112,209785,329192,437109,33053,24458,89179,43456,782248,1151507
10-12-2012,FII,289777,97821,217001,896782,331392,629766,343055,185714,14384,11032,30738,12483,1493352,1566593
10-12-2012,DII,7809,7944,26429,16930,151546,45112,0,0,0,0,0,0,230896,24874
10-12-2012,TOTAL,521237,521237,1279788,1279788,1370730,1472886,1370730,1472886,213758,110242,213758,110242,4968641,4968641
11-12-2012,Client,170072,331549,857726,196462,642681,602983,732987,856549,180373,75580,99522,57243,2529415,2274312
11-12-2012,DII,6757,7944,28797,16740,151606,45112,0,0,0,0,0,0,232272,24684
11-12-2012,FII,299820,91664,215457,904331,337083,633554,340165,190835,14772,12040,31883,13574,1512726,1572452
11-12-2012,Pro,46148,91640,181002,165449,289357,200764,347575,435029,33425,26686,97165,43489,777382,1180347
11-12-2012,TOTAL,522797,522797,1282982,1282982,1420727,1482413,1420727,1482413,228570,114306,228570,114306,5051795,5051795
12-12-2012,Client,172434,344301,889115,205335,689970,625933,767780,841771,191836,82714,106487,61379,2652002,2327053
12-12-2012,DII,6475,6144,29133,15728,151606,45112,0,0,0,0,0,0,232326,21872
12-12-2012,FII,306366,100814,217943,919239,348965,638303,344999,208228,14816,12444,31708,14351,1538837,1619339
12-12-2012,Pro,54982,88998,189429,185318,281571,213707,359333,473056,35300,27128,103757,46556,802117,1257018
12-12-2012,TOTAL,540257,540257,1325620,1325620,1472112,1523055,1472112,1523055,241952,122286,241952,122286,5225282,5225282
13-12-2012,Pro,64525,88019,189269,180445,261158,236876,375352,465177,36440,31410,113514,48652,819678,1271159
13-12-2012,Client,174409,343510,894233,192519,735223,606626,766103,857771,205460,84212,111222,64724,2700163,2335849
13-12-2012,TOTAL,549986,549986,1325302,1325302,1489898,1542673,1489898,1542673,256957,127541,256957,127541,5292357,5292357
13-12-2012,DII,6472,7607,26544,15944,151575,45244,0,0,0,0,0,0,229835,23551
13-12-2012,FII,304580,110850,215256,936394,341942,653927,348443,219725,15057,11919,32221,14165,1542681,1661798
14-12-2012,Client,175306,343138,900941,193048,726801,652131,773904,861051,207313,95015,115882,66755,2757507,2353778
14-12-2012,DII,6508,8287,25622,15421,151575,45527,0,0,0,0,0,0,229232,23708
14-12-2012,FII,302475,113515,218223,939134,346563,657282,347000,228949,15279,12042,32032,14513,1551864,1675143
14-12-2012,Pro,66227,85576,196703,193886,252479,229259,356514,494199,38316,29421,112994,55210,812405,1298379
14-12-2012,TOTAL,550516,550516,1341489,1341489,1477418,1584199,1477418,1584199,260908,136478,260908,136478,5351008,5351008
17-12-2012,Client,175632,344241,917743,194416,766193,635261,793383,872786,220618,101365,121260,68996,2816812,2395082
17-12-2012,DII,6334,9287,24748,15064,151546,45431,0,0,0,0,0,0,228059,24351
17-12-2012,FII,303196,112015,217321,952828,344517,673463,349342,220982,15245,11517,32934,14718,1565259,1682819
17-12-2012,Pro,65647,85266,203713,201217,252839,237711,372370,498098,37603,29443,119272,58611,826956,1334834
17-12-2012,TOTAL,550809,550809,1363525,1363525,1515095,1591866,1515095,1591866,273466,142325,273466,142325,5437086,5437086
18-12-2012,Pro,60837,82390,217940,219472,273222,217125,381485,525724,41228,28916,118375,65711,839268,1393157
18-12-2012,DII,6366,9224,24572,15359,151519,45332,0,0,0,0,0,0,227789,24583
18-12-2012,FII,312232,121549,227314,967431,344249,675207,360407,221460,14936,11951,33438,16158,1585889,1720443
18-12-2012,Client,180058,346330,930496,198060,758881,691453,785979,881933,217895,113588,122246,72586,2892371,2407134
18-12-2012,TOTAL,559493,559493,1400322,1400322,1527871,1629117,1527871,1629117,274059,154455,274059,154455,5545317,5545317
19-12-2012,DII,5833,9224,23675,15296,151578,45162,0,0,0,0,0,0,226248,24520
19-12-2012,Client,178408,342230,924860,204147,761683,709796,801743,881562,230874,120793,129022,77964,2926414,2436668
19-12-2012,FII,312219,127124,241707,980544,341240,687140,353876,221584,14989,12430,34351,17507,1609725,1734986
19-12-2012,TOTAL,561536,561536,1419482,1419482,1530130,1650822,1530130,1650822,287428,164424,287428,164424,5613822,5613822
19-12-2012,Pro,65076,82958,229240,219495,275629,208724,374511,547676,41565,31201,124055,68953,851435,1417648
20-12-2012,Pro,64177,88809,235936,233845,277349,215078,377933,557363,42750,30890,128610,69415,866180,1455975
20-12-2012,TOTAL,557201,557201,1429955,1429955,1547514,1667572,1547514,1667572,300997,168715,300997,168715,5671954,5671954
20-12-2012,FII,311614,124712,249957,985201,338541,701408,366407,214857,16666,13424,36931,18183,1631610,1746291
20-12-2012,DII,5850,9224,23547,15204,151578,45112,0,0,0,0,0,0,226087,24428
20-12-2012,Client,175560,334456,920515,195705,780046,705974,803174,895352,241581,124401,135456,81117,2948077,2445260
21-12-2012,TOTAL,558583,558583,1411217,1411217,1590981,1631210,1590981,1631210,310590,158115,310590,158115,5660696,5660696
21-12-2012,FII,319747,137569,253773,981803,327228,747071,366772,212216,16511,13150,36335,17818,1677480,1752513
21-12-2012,Pro,63135,96308,238932,234461,247551,215411,412645,535136,39487,33657,138523,60964,838173,1478037
21-12-2012,Client,169777,316019,895912,179762,863657,621917,811564,883858,254592,111308,135732,79333,2917163,2406268
21-12-2012,DII,5924,8687,22600,15191,152545,46811,0,0,0,0,0,0,227880,23878
24-12-2012,TOTAL,563321,563321,1385263,1385263,1567092,1635650,1567092,1635650,309520,161022,309520,161022,5621868,5621868
24-12-2012,Pro,58551,98022,230329,229731,238509,201822,381388,525528,41516,32477,136761,61590,803204,1433020
24-12-2012,FII,335523,147780,255283,958758,322275,755776,362367,211941,16101,11421,37017,18563,1696379,1736426
24-12-2012,DII,5934,8687,22207,15330,152545,46635,0,0,0,0,0,0,227321,24017
24-12-2012,Client,163313,308832,877444,181444,853763,631417,823337,898181,251903,117124,135742,80869,2894964,2428405
26-12-2012,Client,170784,323577,868467,186805,807131,710818,800793,935691,237699,125671,134570,85439,2920570,2466875
26-12-2012,DII,5631,9624,21319,15069,152572,46312,0,0,0,0,0,0,225834,24693
26-12-2012,FII,376920,183411,256237,939264,316983,749933,358047,199170,14938,9451,34066,18008,1724462,1731966
26-12-2012,Pro,66792,103515,210961,215846,242428,187925,360274,560127,43005,31876,127006,63551,782987,1430319
26-12-2012,TOTAL,620127,620127,1356984,1356984,1519114,1694988,1519114,1694988,295642,166998,295642,166998,5653853,5653853
27-12-2012,FII,219067,46219,151545,788605,215662,393752,244247,61950,1931,1539,2268,697,983496,1143986
27-12-2012,TOTAL,401899,401899,1067469,1067469,859668,753216,859668,753216,65288,37759,65288,37759,3185299,3185299
27-12-2012,Pro,43605,84693,141800,132014,195708,148576,189539,198627,12851,14590,25762,12138,557130,642773
27-12-2012,DII,5485,8624,12191,12770,152247,1656,0,0,0,0,0,0,171579,21394
27-12-2012,Client,133742,262363,761933,134080,296051,209232,425882,492639,50506,21630,37258,24924,1473094,1377146
28-12-2012,Client,136314,269259,776641,140558,333139,259998,479138,583525,68786,28794,50532,32324,1603672,1555336
28-12-2012,Pro,40361,83915,141405,136055,222891,191414,202535,264678,16693,17404,36829,16584,630168,740596
28-12-2012,TOTAL,404069,404069,1083680,1083680,943112,930572,943112,930572,96585,53237,96585,53237,3511255,3511255
28-12-2012,DII,5483,9324,12499,13055,152277,1346,0,0,0,0,0,0,171605,22379
28-12-2012,FII,221911,41571,153135,794012,234805,477814,261439,82369,11106,7039,9224,4329,1105810,1192944
31-12-2012,Client,146260,269844,785487,144360,375038,291896,521420,619770,82392,33160,58458,36524,1714233,1650376
31-12-2012,DII,5453,9324,11115,13142,152277,1794,0,0,0,0,0,0,170639,22466
31-12-2012,FII,214468,42349,151066,800107,235895,519503,265197,90484,13287,8444,13157,5786,1142663,1217080
31-12-2012,Pro,40678,85342,145560,135619,238310,191609,214903,294548,20187,20187,44251,19481,656531,794144
31-12-2012,TOTAL,406859,406859,1093228,1093228,1001520,1004802,1001520,1004802,115866,61791,115866,61791,3684066,3684066
01-01-2013,TOTAL,426473,426473,1117699,1117699,1073490,1084289,1073490,1084289,129329,74471,129329,74471,3905751,3905751
01-01-2013,FII,210223,42636,151214,807251,251392,551617,273673,96771,13599,9515,15183,6815,1187560,1242329
01-01-2013,Pro,51252,86495,150183,141603,248725,201215,240395,293618,22560,21596,47037,22094,695531,831242
01-01-2013,Client,159588,286658,804974,155713,421096,331311,559422,693900,93170,43360,67109,45562,1853499,1808364
01-01-2013,DII,5410,10684,11328,13132,152277,146,0,0,0,0,0,0,169161,23816
02-01-2013,Pro,46607,95222,151211,138554,255085,188905,256964,308507,25208,24015,50978,24985,691031,875210
02-01-2013,DII,5386,10684,11291,12930,152162,3146,0,0,0,0,0,0,171985,23614
02-01-2013,TOTAL,436402,436402,1127792,1127792,1144415,1123522,1144415,1123522,143928,85980,143928,85980,4062039,4062039
02-01-2013,FII,219369,39172,154405,815397,328676,564654,278822,100574,15141,10611,18195,7114,1292856,1259274
02-01-2013,Client,165040,291324,810885,160911,408492,366817,608629,714441,103579,51354,74755,53881,1906167,1903941
03-01-2013,Client,161523,286741,806652,164649,396903,403030,646318,724814,113175,58449,81335,57666,1939732,1961523
03-01-2013,DII,5343,10684,12991,13302,151852,3146,0,0,0,0,0,0,173332,23986
03-01-2013,FII,229118,34441,159208,817481,358785,553264,284876,105146,17001,12340,21559,9665,1329716,1273168
03-01-2013,Pro,42203,106321,155029,138448,279633,212159,255979,341639,27944,25455,55226,28913,742423,926526
03-01-2013,TOTAL,438187,438187,1133880,1133880,1187173,1171599,1187173,1171599,158120,96244,158120,96244,4185203,4185203
04-01-2013,Client,162171,276817,804120,167541,396736,414522,654824,749061,126101,64637,87825,61150,1968287,1997218
04-01-2013,DII,5327,9784,13998,13416,151852,6146,0,0,0,0,0,0,177323,23200
04-01-2013,FII,221862,35504,162040,821620,358114,582362,280881,110979,16429,14518,25489,12958,1355325,1287431
04-01-2013,Pro,43270,110525,159861,137442,268322,217568,239319,360558,30661,27833,59877,32880,747515,940601
04-01-2013,TOTAL,432630,432630,1140019,1140019,1175024,1220598,1175024,1220598,173191,106988,173191,106988,4248450,4248450
07-01-2013,Pro,40737,102701,158801,136237,263800,215117,246341,354576,31935,32289,69024,37594,742679,946473
07-01-2013,DII,5327,9784,14427,13549,151852,6146,0,0,0,0,0,0,177752,23333
07-01-2013,FII,215550,35815,162342,831752,375403,590440,285258,118069,17697,14827,28789,14451,1376259,1314134
07-01-2013,Client,156848,270162,807978,162010,416531,413595,675987,752653,144071,70846,95890,65917,2009869,2022619
07-01-2013,TOTAL,418462,418462,1143548,1143548,1207586,1225298,1207586,1225298,193703,117962,193703,117962,4306559,4306559
08-01-2013,TOTAL,411325,411325,1151452,1151452,1214839,1257252,1214839,1257252,207365,127250,207365,127250,4369483,4369483
08-01-2013,Client,151320,266826,812592,161870,423144,439194,681837,781415,155684,76994,102744,69005,2058928,2063697
08-01-2013,DII,5324,8384,13850,13622,151852,6146,0,0,0,0,0,0,177172,22006
08-01-2013,FII,213432,32507,162265,836924,384543,607589,290362,131061,18423,16438,31656,18164,1402690,1340674
08-01-2013,Pro,41249,103608,162745,139036,255300,204323,242640,344776,33258,33818,72965,40081,730693,943106
09-01-2013,Pro,37654,104580,164610,137345,255785,207537,256849,344415,34156,36709,81359,44295,736451,968843
09-01-2013,TOTAL,407456,407456,1155423,1155423,1267875,1257470,1267875,1257470,223479,138262,223479,138262,4449965,4449965
09-01-2013,FII,215102,35388,162948,842077,398379,606100,301909,129740,19313,18133,33338,21889,1419975,1364341
09-01-2013,DII,5327,7704,13711,14105,151977,6146,0,0,0,0,0,0,177161,21809
09-01-2013,Client,149373,259784,814154,161896,461734,437687,709117,783315,170010,83420,108782,72078,2116378,2094972
10-01-2013,Client,150827,269803,832014,168944,474180,439777,708690,810337,188167,106332,118403,80596,2191297,2156773
10-01-2013,TOTAL,422320,422320,1176971,1176971,1260539,1297490,1260539,1297490,249102,170210,249102,170210,4576632,4576632
10-01-2013,DII,7000,7704,14383,14460,151977,6146,0,0,0,0,0,0,179506,22164
10-01-2013,Pro,40706,102785,169384,142677,244410,221886,246422,359211,38191,42595,94799,62672,757172,1008566
10-01-2013,FII,223787,42028,161190,850890,389972,629681,305427,127942,22744,21283,35900,26942,1448657,1389129
11-01-2013,Pro,37541,103985,168519,147610,248183,241302,268099,369455,42565,43385,106946,77058,781495,1073153
11-01-2013,DII,6321,7760,19178,14464,151887,6280,0,0,30,20,0,0,183716,22224
11-01-2013,FII,225010,37589,162699,842937,409727,655535,320618,142159,21339,20052,37658,29543,1494362,1410504
11-01-2013,Client,142686,262224,817684,163069,487844,431394,708924,822897,201135,127244,120465,84100,2207987,2161679
11-01-2013,TOTAL,411558,411558,1168080,1168080,1297641,1334511,1297641,1334511,265069,190701,265069,190701,4667560,4667560
14-01-2013,Client,154895,264659,818757,168097,438760,507357,718281,801799,209341,151769,125716,89683,2280879,2168235
14-01-2013,DII,6140,8204,20585,14106,151830,8222,0,0,45,20,0,0,186842,22310
14-01-2013,FII,224089,38303,168334,841849,419947,652826,310979,163381,22429,21876,41752,33183,1509501,1429447
14-01-2013,Pro,39208,113166,172201,155825,264619,198038,245896,401263,46417,42152,110764,92951,762635,1119865
14-01-2013,TOTAL,424332,424332,1179877,1179877,1275156,1366443,1275156,1366443,278232,215817,278232,215817,4739857,4739857
15-01-2013,Client,158209,254416,810231,174472,414211,550957,710074,827938,222040,153431,130153,91635,2309079,2188688
15-01-2013,TOTAL,423781,423781,1185660,1185660,1291585,1413883,1291585,1413883,291625,221586,291625,221586,4828120,4828120
15-01-2013,DII,5920,8824,21745,13893,151826,13198,0,0,45,20,0,0,192754,22717
15-01-2013,Pro,41828,125227,182201,155262,292261,178546,256105,405103,45399,43333,117470,94228,783568,1153395
15-01-2013,FII,217824,35314,171483,842033,433287,671182,325406,180842,24141,24802,44002,35723,1542719,1463320
16-01-2013,Pro,33089,113535,181288,148831,267654,178190,274987,392987,43952,46919,131937,86983,751092,1149260
16-01-2013,DII,6643,8179,19436,13542,151837,11146,0,0,45,20,0,0,189127,21721
16-01-2013,TOTAL,396610,396610,1171733,1171733,1324672,1413129,1324672,1413129,317882,215755,317882,215755,4839781,4839781
16-01-2013,FII,209042,39433,174315,837541,415921,746612,329813,183423,25347,23453,47220,36139,1594690,1473569
16-01-2013,Client,147836,235463,796694,171819,489260,477181,719872,836719,248538,145363,138725,92633,2304872,2195231
17-01-2013,DII,7268,8124,19988,14901,151853,12246,0,0,353,20,0,0,191728,23025
17-01-2013,FII,205900,33753,184206,834678,425888,746598,339026,195107,27277,22795,48761,38334,1612664,1489659
17-01-2013,Pro,37119,126217,187422,154160,289827,179987,256992,420572,44972,45120,136580,90768,784447,1185289
17-01-2013,Client,148777,230970,790133,178010,460493,538897,732043,862049,255615,155915,142876,94748,2349830,2240696
17-01-2013,TOTAL,399064,399064,1181749,1181749,1328061,1477728,1328061,1477728,328217,223850,328217,223850,4938669,4938669
18-01-2013,Client,142745,230084,788415,176137,448465,573064,750181,863535,267103,167726,149932,97987,2387518,2267856
18-01-2013,DII,7427,8124,22964,15233,151868,12246,0,0,353,20,0,0,194878,23357
18-01-2013,FII,214070,34500,189117,838204,446749,745816,345668,213254,28628,21797,51092,40304,1646177,1523022
18-01-2013,Pro,38017,129551,188375,159297,299860,173889,251093,428226,48847,44264,143907,95516,793252,1207590
18-01-2013,TOTAL,402259,402259,1188871,1188871,1346942,1505015,1346942,1505015,344931,233807,344931,233807,5021825,5021825
21-01-2013,DII,7460,8124,24107,14791,151856,16300,0,0,362,20,0,0,200105,22915
21-01-2013,TOTAL,413431,413431,1199908,1199908,1344419,1560730,1344419,1560730,353722,243027,353722,243027,5115237,5115237
21-01-2013,Client,148719,229764,785551,179318,434732,623292,744431,874671,272778,175324,154429,101528,2440396,2284141
21-01-2013,FII,215910,39086,199390,839423,451760,742817,346730,224403,31182,24065,53097,42161,1665124,1544900
21-01-2013,Pro,41342,136457,190860,166376,306071,178321,253258,461656,49400,43618,146196,99338,809612,1263281
22-01-2013,Pro,36023,129440,191986,166264,288440,172223,278676,434380,49555,44343,150317,96725,782570,1255802
22-01-2013,TOTAL,398931,398931,1199957,1199957,1376566,1539726,1376566,1539726,364686,242407,364686,242407,5122273,5122273
22-01-2013,FII,213539,37847,202549,842722,449375,748377,357213,220734,31141,27505,58048,42900,1672486,1559464
22-01-2013,DII,6749,8179,22972,14956,151861,14960,0,0,354,20,0,0,196916,23135
22-01-2013,Client,142620,223465,782450,176015,486890,604166,740677,884612,283636,170539,156321,102782,2470301,2283872
23-01-2013,Client,137502,217140,780729,174543,489487,590322,744197,914534,291981,168145,158295,102725,2458166,2311434
23-01-2013,DII,6287,8179,23072,16505,154998,14960,0,0,364,0,0,0,199681,24684
23-01-2013,FII,207469,41832,203182,853828,458051,769569,352581,214463,32101,26625,58397,43089,1696997,1564190
23-01-2013,Pro,38149,122256,205477,167584,274241,171983,279999,417837,49620,44845,157374,93801,784315,1238851
23-01-2013,TOTAL,389407,389407,1212460,1212460,1376777,1546834,1376777,1546834,374066,239615,374066,239615,5139159,5139159
24-01-2013,DII,7628,8179,22476,15189,154982,11006,0,0,363,0,0,0,196455,23368
24-01-2013,TOTAL,378642,378642,1194693,1194693,1450469,1517620,1450469,1517620,378030,236460,378030,236460,5155914,5155914
24-01-2013,FII,190875,47061,204946,853486,461904,765700,351153,210015,31706,25920,56913,44464,1681051,1563092
24-01-2013,Pro,38184,116578,210145,158736,271743,183232,319187,413547,46052,46866,162600,92127,796222,1262775
24-01-2013,Client,141955,206824,757126,167282,561840,557682,780129,894058,299909,163674,158517,99869,2482186,2306679
25-01-2013,Pro,39695,114886,215179,162240,280550,170679,291454,440681,46770,44239,153723,97076,797112,1260060
25-01-2013,DII,7596,8684,22611,14182,155074,9246,0,0,364,0,0,0,194891,22866
25-01-2013,FII,198191,63963,208433,848101,466158,766686,345663,210566,30348,25954,54570,44719,1695770,1567582
25-01-2013,Client,147885,205834,747619,169319,495340,625400,760005,920764,287258,172575,156447,100973,2476077,2313342
25-01-2013,TOTAL,393367,393367,1193842,1193842,1397122,1572011,1397122,1572011,364740,242768,364740,242768,5163850,5163850
28-01-2013,Client,158768,216474,758406,179580,523425,647878,764056,924700,297897,174216,159861,101513,2560590,2346184
28-01-2013,Pro,40015,113130,219787,167665,291418,176129,312690,457016,47353,42336,160568,97158,817038,1308227
28-01-2013,TOTAL,418684,418684,1221436,1221436,1429248,1588404,1429248,1588404,375699,246134,375699,246134,5279605,5279605
28-01-2013,DII,7607,9284,21247,14742,155074,9246,0,0,364,0,0,0,193538,24026
28-01-2013,FII,212294,79796,221996,859449,459331,755151,352502,206688,30085,29582,55270,47463,1708439,1601168
29-01-2013,Pro,37998,114950,216782,173174,266500,165998,333634,468707,46247,43637,158143,93588,777162,1342196
29-01-2013,TOTAL,435648,435648,1251205,1251205,1532323,1573366,1532323,1573366,373714,242024,373714,242024,5408280,5408280
29-01-2013,FII,229282,75947,247705,867148,525148,739740,358336,213067,28312,27747,56378,48450,1797934,1619326
29-01-2013,DII,7562,9339,19568,15673,155132,9146,0,0,276,11,0,0,191695,25012
29-01-2013,Client,160806,235412,767150,195210,585543,658482,840353,891592,298879,170629,159193,99986,2641489,2421746
30-01-2013,Client,159323,244997,779967,199928,571816,670739,845831,912453,295139,169761,158903,100537,2646745,2462649
30-01-2013,Pro,38081,114225,210785,168206,271069,159531,333507,471208,47481,42234,158429,94541,769181,1340116
30-01-2013,DII,7611,9339,16592,15992,155032,10938,0,0,276,11,0,0,190460,25331
30-01-2013,FII,256748,93202,258608,881826,538111,746578,356690,204125,27472,27301,53036,44229,1854818,1633108
30-01-2013,TOTAL,461763,461763,1265952,1265952,1536028,1587786,1536028,1587786,370368,239307,370368,239307,5461204,5461204
31-01-2013,Pro,17210,65729,120680,93370,179413,138899,164539,203427,15083,15888,47220,22380,487173,596665
31-01-2013,DII,6256,8939,8352,13186,154983,9895,0,0,0,5,0,0,179491,22125
31-01-2013,FII,176728,59691,189685,767666,280331,423553,263664,106443,829,489,2708,1552,1071615,1201724
31-01-2013,Client,109382,175217,698914,143409,256556,228021,443080,490498,77784,33726,43768,26176,1404383,1322148
31-01-2013,TOTAL,309576,309576,1017631,1017631,871283,800368,871283,800368,93696,50108,93696,50108,3142662,3142662
01-02-2013,Client,123629,184321,721086,151301,323630,257302,519000,565908,106492,41973,60949,34162,1574112,1515641
01-02-2013,DII,6304,9439,8805,13973,154990,10023,0,0,0,5,0,0,180127,23412
01-02-2013,FII,174216,60393,193075,780755,294070,479165,274217,120339,9868,7824,13475,8108,1158218,1257287
01-02-2013,Pro,20283,70279,126339,103276,197775,172206,177248,232449,19162,19543,61098,27075,555308,671425
01-02-2013,TOTAL,324432,324432,1049305,1049305,970465,918696,970465,918696,135522,69345,135522,69345,3467765,3467765
04-02-2013,Client,130949,169770,704468,154529,376269,284073,570350,594580,128855,46528,71606,40775,1671142,1601610
04-02-2013,DII,6221,9439,11210,13242,154990,10331,0,0,0,5,0,0,182757,22681
04-02-2013,FII,182103,91854,201351,779936,320316,497315,287616,136239,16145,12808,20833,11926,1230038,1328404
04-02-2013,Pro,22253,70463,128680,98002,225746,178457,219355,239357,21069,24105,73630,30745,600310,731552
04-02-2013,TOTAL,341526,341526,1045709,1045709,1077321,970176,1077321,970176,166069,83446,166069,83446,3684247,3684247
05-02-2013,TOTAL,339362,339362,1052185,1052185,1088530,1050079,1088530,1050079,186342,89156,186342,89156,3805654,3805654
05-02-2013,Pro,24106,68017,133143,104057,188639,199273,209260,257415,23159,26724,83886,32938,595044,755573
05-02-2013,FII,174139,106163,207597,780326,319008,563678,301988,141693,16721,14127,22261,12646,1295270,1365077
05-02-2013,DII,6062,9607,11233,13841,154990,10331,0,0,0,5,0,0,182621,23448
05-02-2013,Client,135055,155575,700212,153961,425893,276797,577282,650971,146462,48300,80195,43572,1732719,1661556
06-02-2013,Client,148992,153153,704542,172858,464619,298282,611617,681137,161630,56143,90091,48104,1834208,1756960
06-02-2013,DII,6069,8752,13010,14393,154990,11231,0,0,0,5,0,0,185305,23145
06-02-2013,FII,159047,109973,219043,774748,330452,584072,310013,148734,17836,14823,26510,15100,1325273,1385078
06-02-2013,Pro,24703,66933,132448,107044,205460,207356,233891,271070,26728,29369,89593,37136,626064,805667
06-02-2013,TOTAL,338811,338811,1069043,1069043,1155521,1100941,1155521,1100941,206194,100340,206194,100340,3970850,3970850
07-02-2013,Client,156205,151823,712450,176435,500930,302306,612941,731676,178841,59497,97793,53225,1910229,1823893
07-02-2013,TOTAL,338905,338905,1081627,1081627,1210828,1176889,1210828,1176889,224762,107646,224762,107646,4140657,4140657
07-02-2013,DII,4746,8752,14054,14643,155177,13731,0,0,0,5,0,0,187713,23395
07-02-2013,Pro,22038,67841,130471,110360,203170,231175,251369,292407,28020,32112,96710,37981,646986,856668
07-02-2013,FII,155916,110489,224652,780189,351551,629677,346518,152806,17901,16032,30259,16440,1395729,1436701
08-02-2013,Pro,28480,75948,132565,117291,199002,264276,277791,321546,28985,35326,104269,39570,688634,936415
08-02-2013,DII,4757,6692,16046,14735,155177,30362,0,0,0,5,0,0,206347,21427
08-02-2013,FII,146137,110880,228880,777220,357313,661159,345332,159416,19486,18028,33230,17028,1431003,1443106
08-02-2013,Client,170932,156786,718041,186286,555272,292842,643641,767677,193660,61019,104632,57780,1991766,1916802
08-02-2013,TOTAL,350306,350306,1095532,1095532,1266764,1248639,1266764,1248639,242131,114378,242131,114378,4317750,4317750
11-02-2013,Client,168535,154364,714013,191936,567219,318767,665155,783944,202450,67969,110006,60829,2038953,1966234
11-02-2013,DII,4757,6452,15998,15121,155177,30362,0,0,0,5,0,0,206299,21573
11-02-2013,FII,162942,116991,230931,769778,377371,673342,365086,162805,20339,19170,33047,18070,1484095,1465777
11-02-2013,Pro,20141,78568,135297,119404,201013,247002,270539,322724,30806,34601,110542,42846,668860,944623
11-02-2013,TOTAL,356375,356375,1096239,1096239,1300780,1269473,1300780,1269473,253595,121745,253595,121745,4398207,4398207
12-02-2013,Client,174887,151940,711491,194495,562022,357500,669037,803657,208193,71852,114233,63184,2085945,1996546
12-02-2013,TOTAL,361398,361398,1097927,1097927,1309550,1298676,1309550,1298676,261480,127336,261480,127336,4456367,4456367
12-02-2013,DII,7319,6452,16440,15157,155852,30362,0,0,0,5,0,0,209978,21609
12-02-2013,Pro,18651,80499,137968,123512,211777,233129,272024,327804,31902,35057,113594,44970,668484,962403
12-02-2013,FII,160541,122507,232028,764763,379899,677685,368489,167215,21385,20422,33653,19182,1491960,1475809
13-02-2013,Pro,19402,86619,134610,125222,223701,225526,255167,339929,33477,36432,127800,50690,673148,985427
13-02-2013,DII,7387,6452,16760,15839,157732,30362,0,0,0,27,0,0,212268,22291
13-02-2013,FII,166988,123907,243524,746504,397580,690452,369805,175264,21726,20394,33673,20317,1540664,1469470
13-02-2013,Client,175658,152457,699994,207323,549938,373461,703979,804608,230214,81183,123944,67029,2110448,2059340
13-02-2013,TOTAL,369435,369435,1094888,1094888,1328951,1319801,1328951,1319801,285417,138036,285417,138036,4536528,4536528
14-02-2013,Client,183189,156544,688422,207031,595723,362111,694683,832218,252674,83798,130846,68286,2165917,2089608
14-02-2013,DII,9048,6452,17045,16543,157732,30400,0,0,0,0,0,0,214225,22995
14-02-2013,FII,167634,137772,243771,736582,394637,703701,375281,172635,23902,22487,33984,21526,1556132,1477780
14-02-2013,Pro,24352,83455,140250,129332,208114,237464,286242,328823,34179,37853,145925,54326,682212,1028103
14-02-2013,TOTAL,384223,384223,1089488,1089488,1356206,1333676,1356206,1333676,310755,144138,310755,144138,4618486,4618486
15-02-2013,TOTAL,400888,400888,1100206,1100206,1406760,1351159,1406760,1351159,315708,147931,315708,147931,4722652,4722652
15-02-2013,Pro,31034,81043,143657,132906,217948,222612,292465,325200,34521,37301,147318,54647,687073,1033579
15-02-2013,FII,168300,163807,249537,738952,388369,768513,403065,172969,28018,24297,34302,22824,1627034,1535919
15-02-2013,Client,192477,149586,690040,212444,642714,330273,711230,852990,253169,86333,134088,70460,2195006,2130798
15-02-2013,DII,9077,6452,16972,15904,157729,29761,0,0,0,0,0,0,213539,22356
18-02-2013,Client,207954,152963,692606,223716,659164,349923,744452,855289,251502,92026,135068,72502,2253175,2183990
18-02-2013,TOTAL,420091,420091,1109873,1109873,1469938,1369075,1469938,1369075,314042,151986,314042,151986,4835005,4835005
18-02-2013,DII,9577,7752,17557,15440,177729,30361,0,0,0,0,0,0,235224,23192
18-02-2013,Pro,34518,81868,146186,141312,232929,216691,306694,345602,33914,35007,145183,56852,699245,1077511
18-02-2013,FII,168042,177508,253524,729405,400116,772100,418792,168184,28626,24953,33791,22632,1647361,1550312
19-02-2013,Pro,32525,84681,149848,148867,250811,198528,285957,349482,35595,33962,141891,59540,701269,1070418
19-02-2013,DII,9618,7752,17371,15793,177723,30056,0,0,0,0,0,0,234768,23545
19-02-2013,FII,166975,190643,262942,725266,398382,761715,410301,170049,28827,24820,35098,21948,1643661,1553305
19-02-2013,Client,224664,150706,699809,240044,620760,389010,751418,859778,247868,96194,135301,73488,2278305,2210735
19-02-2013,TOTAL,433782,433782,1129970,1129970,1447676,1379309,1447676,1379309,312290,154976,312290,154976,4858003,4858003
20-02-2013,Client,219494,156719,707866,245667,638221,419010,795986,832737,253886,101669,139187,75956,2340146,2246252
20-02-2013,DII,10035,9250,17347,16244,177723,23480,0,0,32,0,0,0,228617,25494
20-02-2013,FII,183495,194923,270479,727905,402064,747822,388765,178190,29682,24230,34676,21007,1657772,1545466
20-02-2013,Pro,30382,82514,151719,157595,254428,176640,287685,356025,35549,34633,145286,63569,683351,1092674
20-02-2013,TOTAL,443406,443406,1147411,1147411,1472436,1366952,1472436,1366952,319149,160532,319149,160532,4909886,4909886
21-02-2013,Client,234893,167364,708135,249073,780537,358875,795666,844095,270027,87380,143663,73310,2439847,2273171
21-02-2013,TOTAL,459448,459448,1164465,1164465,1600936,1407109,1600936,1407109,337250,154581,337250,154581,5123789,5123789
21-02-2013,DII,7766,8025,16056,17630,179306,39824,0,0,32,0,0,0,242984,25655
21-02-2013,Pro,45223,84625,164158,167742,248237,201883,395234,363542,33699,38295,155902,59563,731495,1226608
21-02-2013,FII,171566,199434,276116,730020,392856,806527,410036,199472,33492,28906,37685,21708,1709463,1598355
22-02-2013,Pro,47454,84687,171093,174724,239405,198669,384500,357007,34433,37054,156566,62451,728108,1219935
22-02-2013,DII,7831,8025,15918,16570,179638,36223,0,0,32,0,0,0,239642,24595
22-02-2013,TOTAL,464339,464339,1178132,1178132,1625481,1427589,1625481,1427589,336134,158079,336134,158079,5189754,5189754
22-02-2013,FII,164233,215948,285433,727371,386546,831411,431249,207432,33310,32050,37032,21633,1732983,1640665
22-02-2013,Client,244821,155679,705688,259467,819892,361286,809732,863150,268359,88975,142536,73995,2489021,2304559
25-02-2013,Client,261203,157660,703734,271696,851020,367333,837886,839829,268325,90176,141082,74912,2541791,2323065
25-02-2013,FII,173407,239851,293364,724299,393724,835826,445389,234382,32063,31605,36732,22115,1759989,1702768
25-02-2013,TOTAL,485908,485908,1191780,1191780,1655215,1432007,1655215,1432007,335264,159150,335264,159150,5259324,5259324
25-02-2013,DII,7802,8735,16338,15608,159638,35623,0,0,48,0,0,0,219449,24343
25-02-2013,Pro,43496,79662,178344,180177,250833,193225,371940,357796,34828,37369,157450,62123,738095,1209148
26-02-2013,Client,290179,160733,696914,279819,966355,319787,839921,879445,278117,86562,143432,72671,2637914,2376021
26-02-2013,DII,8170,8035,16113,14669,159638,32230,0,0,48,0,0,0,216199,22704
26-02-2013,FII,240391,350409,309105,725634,393694,878092,473370,221670,30991,34476,38621,22631,1886749,1832335
26-02-2013,Pro,51918,71481,174264,176274,243262,215815,449658,344809,37001,38950,164104,64686,761210,1271012
26-02-2013,TOTAL,590658,590658,1196396,1196396,1762949,1445924,1762949,1445924,346157,159988,346157,159988,5502072,5502072
27-02-2013,Client,301333,156175,678130,298576,978361,380143,860863,844321,271327,94201,142532,71589,2703495,2374056
27-02-2013,DII,11882,7375,16149,14367,159811,17595,0,0,48,0,0,0,205485,21742
27-02-2013,FII,259798,369841,336129,714081,402004,855067,495913,229417,35295,35468,38661,22213,1923761,1870126
27-02-2013,Pro,44172,83794,158324,161708,288715,196844,472115,375911,40338,37876,165815,73743,766269,1333086
27-02-2013,TOTAL,617185,617185,1188732,1188732,1828891,1449649,1828891,1449649,347008,167545,347008,167545,5599010,5599010
28-02-2013,Pro,32111,50607,99730,109837,180379,125865,201425,192113,11740,18323,51623,22529,468148,628134
28-02-2013,TOTAL,352371,352371,893704,893704,1033406,948012,1033406,948012,92183,46433,92183,46433,3366109,3366109
28-02-2013,FII,128874,168151,195152,605658,231433,588352,342234,172321,3240,61,5725,1655,1147112,1295744
28-02-2013,DII,20352,7818,12984,11997,159760,25559,0,0,0,0,0,0,218655,19815
28-02-2013,Client,171034,125795,585838,166212,461834,208236,489747,583578,77203,28049,34835,22249,1532194,1422416
01-03-2013,Client,196576,132700,583737,191319,518776,257713,572355,615083,99024,39601,52276,28840,1695427,1592573
01-03-2013,DII,20159,7808,13853,11748,159767,21665,0,0,0,0,0,0,215444,19556
01-03-2013,FII,126793,175187,210245,601962,258830,606861,352957,189127,17989,5059,12227,6666,1225777,1338126
01-03-2013,Pro,37178,65011,104259,107065,190931,120594,202992,202623,15730,21113,68240,30267,489805,676198
01-03-2013,TOTAL,380706,380706,912094,912094,1128304,1006833,1128304,1006833,132743,65773,132743,65773,3626453,3626453
04-03-2013,Client,205108,141358,576423,202766,560641,291755,609667,678427,111871,47162,59914,33168,1792960,1725300
04-03-2013,TOTAL,408827,408827,920052,920052,1198165,1089441,1198165,1089441,158284,79275,158284,79275,3854044,3854044
04-03-2013,DII,16791,7813,14515,11717,159729,22065,0,0,6,0,0,0,213106,19530
04-03-2013,Pro,36071,74390,104123,108021,201483,149475,227867,216155,16785,22842,82211,35864,530779,744508
04-03-2013,FII,150857,185266,224991,597548,276312,626146,360631,194859,29622,9271,16159,10243,1317199,1364706
05-03-2013,Pro,34859,88614,105851,117542,235232,151208,222356,274164,19987,23466,82715,42171,570603,827562
05-03-2013,DII,16806,8413,14188,12439,159723,20920,0,0,6,0,0,0,211643,20852
05-03-2013,FII,149291,177515,237475,587438,311622,625495,358813,205683,33802,10463,17589,12526,1368148,1359564
05-03-2013,Client,210940,137354,571992,212087,537228,379639,662636,697415,113159,57831,66650,37063,1870789,1813205
05-03-2013,TOTAL,411896,411896,929506,929506,1243805,1177262,1243805,1177262,166954,91760,166954,91760,4021183,4021183
06-03-2013,DII,16814,8663,15424,11938,162273,20995,0,0,6,0,0,0,215512,20601
06-03-2013,Client,222891,150161,572593,231300,512493,450995,679396,731798,114566,74634,72115,43179,1948172,1907949
06-03-2013,FII,159066,180677,249433,579917,332736,637591,348277,218452,37718,12657,21290,18225,1429201,1366838
06-03-2013,TOTAL,432171,432171,945416,945416,1253123,1262610,1253123,1262610,174781,111046,174781,111046,4179147,4179147
06-03-2013,Pro,33400,92670,107966,122261,245621,153029,225450,312360,22491,23755,81376,49642,586262,883759
07-03-2013,Pro,35671,103704,112830,128903,260055,162665,236555,334471,24655,24062,85347,57486,619938,946466
07-03-2013,TOTAL,442550,442550,955581,955581,1264291,1326081,1264291,1326081,187139,124762,187139,124762,4300404,4300404
07-03-2013,FII,161503,169280,254990,579297,354383,639729,342047,239156,41810,15705,24048,19748,1468120,1373576
07-03-2013,DII,16654,8663,16019,11880,162273,23705,0,0,0,0,0,0,218651,20543
07-03-2013,Client,228722,160903,571742,235501,487580,499982,685689,752454,120674,84995,77744,47528,1993695,1959819
08-03-2013,DII,16848,8895,17581,11458,162273,28236,0,0,0,0,0,0,224938,20353
08-03-2013,TOTAL,450478,450478,955747,955747,1253903,1455723,1253903,1455723,188595,134316,188595,134316,4438762,4438762
08-03-2013,Client,226243,170483,557490,238490,443225,629782,685305,807174,119876,94298,82010,51024,2070914,2034486
08-03-2013,FII,170985,159518,265428,573487,375070,629455,337837,250220,42351,15261,25914,23419,1498550,1370395
08-03-2013,Pro,36402,111582,115248,132312,273335,168250,230761,398329,26368,24757,80671,59873,644360,1013528
11-03-2013,Pro,35452,107407,115364,135908,260040,180702,249944,451255,27084,25630,84649,66684,644272,1095847
11-03-2013,DII,16080,8890,18205,11972,162273,28296,0,0,0,0,0,0,224854,20862
11-03-2013,FII,175149,165921,272345,570016,431935,681707,345655,279328,38985,15792,25399,24472,1615913,1410791
11-03-2013,Client,229273,173736,559126,247144,450686,672100,709335,832222,129978,102712,85999,52978,2143875,2101414
11-03-2013,TOTAL,455954,455954,965040,965040,1304934,1562805,1304934,1562805,196047,144134,196047,144134,4628914,4628914
12-03-2013,Client,222113,163591,562474,247110,465331,644988,709390,896155,139912,102224,89245,54657,2137042,2160148
12-03-2013,DII,16040,8890,17155,12248,162274,27345,0,0,0,0,0,0,222814,21138
12-03-2013,FII,172289,180431,277234,570125,463231,875396,365370,340936,35601,16952,26255,27083,1840703,1510200
12-03-2013,Pro,35946,93476,113619,140999,255541,206771,271617,517409,26324,29485,86337,66921,667686,1176759
12-03-2013,TOTAL,446388,446388,970482,970482,1346377,1754500,1346377,1754500,201837,148661,201837,148661,4868245,4868245
13-03-2013,TOTAL,435998,435998,981181,981181,1408917,1810751,1408917,1810751,215887,152066,215887,152066,5004800,5004800
13-03-2013,DII,15940,8365,16170,13430,162274,23525,0,0,0,0,0,0,217909,21795
13-03-2013,Pro,37240,90532,117161,148318,242379,216864,287604,518099,25513,31769,94699,68558,670926,1207810
13-03-2013,FII,161824,177545,280326,571331,466702,902275,374282,360888,33511,18736,26001,26615,1863374,1536662
13-03-2013,Client,220994,159556,567524,248102,537562,668087,747031,931764,156863,101561,95187,56893,2252591,2238533
14-03-2013,Client,213724,163303,573550,237172,560503,647496,745895,901878,153572,106939,96515,56873,2255784,2201636
14-03-2013,DII,13648,8790,17390,13718,162274,23410,0,0,10,0,0,0,216732,22508
14-03-2013,FII,160599,174875,282925,583318,455569,812776,381594,330422,32069,20919,27088,28485,1764857,1525782
14-03-2013,Pro,39514,80517,121097,160754,238071,191434,288928,442816,27787,26823,89835,69323,644726,1132173
14-03-2013,TOTAL,427485,427485,994962,994962,1416417,1675116,1416417,1675116,213438,154681,213438,154681,4882099,4882099
15-03-2013,Client,196771,156912,574297,221506,608610,596138,751996,905579,169926,105905,103280,58316,2251647,2197589
15-03-2013,Pro,36908,78101,122868,161448,220076,180186,300037,440465,26017,28129,96987,67115,614184,1144153
15-03-2013,FII,170638,174858,279823,598906,451277,863275,390204,316965,32897,22052,28583,30655,1819962,1540171
15-03-2013,DII,14399,8845,18294,13422,162274,23410,0,0,10,0,0,0,218387,22267
15-03-2013,TOTAL,418716,418716,995282,995282,1442237,1663009,1442237,1663009,228850,156086,228850,156086,4904180,4904180
18-03-2013,FII,167180,195308,279168,598334,440417,893535,421459,303222,33173,21993,28887,31194,1835466,1578404
18-03-2013,Client,199053,149532,574911,219569,672016,575071,754979,940307,183528,108254,108790,60222,2312833,2233399
18-03-2013,TOTAL,422878,422878,1001663,1001663,1490266,1692474,1490266,1692474,242842,158543,242842,158543,5008666,5008666
18-03-2013,DII,14320,8890,18647,13711,162274,23800,0,0,10,0,0,0,219051,22601
18-03-2013,Pro,42325,69148,128937,170049,215559,200068,313828,448945,26131,28296,105165,67127,641316,1174262
19-03-2013,FII,160085,216235,280908,599079,460382,855416,466122,256763,31471,20719,28058,29311,1808981,1595568
19-03-2013,Pro,52021,88831,139083,173674,224329,210972,399932,415247,25093,31575,117714,63612,683073,1259010
19-03-2013,TOTAL,453742,453742,1013227,1013227,1674397,1578934,1674397,1578934,258375,152598,258375,152598,5131273,5131273
19-03-2013,Client,227509,141131,574079,226812,827412,483870,808343,906924,201801,100304,112603,59675,2414975,2255488
19-03-2013,DII,14127,7545,19157,13662,162274,28676,0,0,10,0,0,0,224244,21207
20-03-2013,TOTAL,445944,445944,1026066,1026066,1794565,1562710,1794565,1562710,282080,152585,282080,152585,5263950,5263950
20-03-2013,Pro,57457,84716,151825,185671,242306,211610,470905,383634,26575,34094,134727,63698,723867,1323351
20-03-2013,FII,150120,218936,284975,603959,450771,847288,500450,258359,31404,22110,29002,29317,1786668,1640023
20-03-2013,DII,14261,7545,18902,13624,162274,28456,0,0,10,0,0,0,223903,21169
20-03-2013,Client,224106,134747,570364,222812,939214,475356,823210,920717,224091,96381,118351,59570,2529512,2279407
21-03-2013,Client,232221,124007,552287,230192,963748,465647,840262,893890,228044,98404,119842,59552,2540351,2267745
21-03-2013,FII,147855,221173,295056,594061,466847,825704,510503,242365,29940,20993,29956,28111,1786395,1626169
21-03-2013,TOTAL,441468,441468,1031948,1031948,1846953,1513175,1846953,1513175,286931,152255,286931,152255,5272730,5272730
21-03-2013,Pro,47117,88803,164120,192667,253943,207161,496188,376920,28937,32826,137133,64592,734104,1356303
21-03-2013,DII,14275,7485,20485,15028,162415,14663,0,0,10,32,0,0,211880,22513
22-03-2013,Client,225746,118223,545170,228948,980043,476936,846822,913712,232204,99337,122382,59653,2559436,2289740
22-03-2013,DII,14538,7485,20542,14692,162654,12185,0,0,0,52,0,0,209971,22177
22-03-2013,FII,151644,236107,298336,589927,485179,825383,521096,252078,29536,21876,30341,31218,1811954,1660767
22-03-2013,Pro,48383,78496,170988,201469,251352,200406,511310,349120,31238,32408,140255,62802,734775,1343452
22-03-2013,TOTAL,440311,440311,1035036,1035036,1879228,1514910,1879228,1514910,292978,153673,292978,153673,5316136,5316136
25-03-2013,Client,226428,122739,545395,233792,1006222,504739,865270,857997,231356,100376,119777,59673,2614516,2259248
25-03-2013,Pro,45410,83760,171110,198479,269193,200864,555430,406596,32499,33999,140393,62071,753075,1446729
25-03-2013,TOTAL,494112,494112,1043151,1043151,1954102,1519074,1954102,1519074,291951,154328,291951,154328,5456718,5456718
25-03-2013,FII,204752,282128,305219,595713,515913,801931,533402,254481,28096,19901,31781,32584,1875812,1730089
25-03-2013,DII,17522,5485,21427,15167,162774,11540,0,0,0,52,0,0,213315,20652
26-03-2013,TOTAL,533732,533732,1035738,1035738,1935892,1549655,1935892,1549655,294730,151911,294730,151911,5501658,5501658
26-03-2013,Pro,46608,83435,156289,181579,252963,198239,532496,401557,33723,33094,143764,62069,720916,1404900
26-03-2013,DII,18640,3630,20327,14382,163318,11540,0,0,0,0,0,0,213825,18012
26-03-2013,Client,237079,124401,541645,241513,984437,553195,846516,867649,232698,99352,119545,59544,2648406,2259168
26-03-2013,FII,231405,322266,317477,598264,535174,786681,556880,280449,28309,19465,31421,30298,1918511,1819578
28-03-2013,FII,123668,140337,217753,538654,254647,505685,326448,133302,916,2,198,46,1102671,1138985
28-03-2013,Pro,21076,45987,87685,99519,160642,138239,173172,211698,11431,11061,38821,18184,430134,587381
28-03-2013,DII,17786,3590,12113,12098,163318,9430,0,0,0,0,0,0,202647,15688
28-03-2013,Client,134668,107284,473335,140615,351283,265337,430270,573691,53312,27805,26640,20638,1305740,1299138
28-03-2013,TOTAL,297198,297198,790886,790886,929890,918691,929890,918691,65659,38868,65659,38868,3041192,3041192
01-04-2013,DII,17810,3590,12328,11922,163318,2118,0,0,0,0,0,0,195574,15512
01-04-2013,Client,158904,113519,494106,158794,406968,317166,507630,624380,73356,39637,40177,28033,1490137,1472533
01-04-2013,FII,119848,151117,222170,540747,269409,527532,336277,143292,7861,6292,7174,5693,1153112,1184300
01-04-2013,TOTAL,324164,324164,818384,818384,1025543,1001773,1025543,1001773,97122,60096,97122,60096,3327082,3327082
01-04-2013,Pro,27602,55938,89780,106921,185848,154957,181636,234101,15905,14167,49771,26370,488259,654737
02-04-2013,Pro,33725,62662,92776,115790,200868,168859,203590,280667,20152,16965,53434,32080,533345,748223
02-04-2013,TOTAL,349869,349869,839794,839794,1080852,1120724,1080852,1120724,117283,74575,117283,74575,3583097,3583097
02-04-2013,FII,126824,153291,229909,544665,299609,556334,339425,149193,12191,8449,14002,8444,1233316,1209020
02-04-2013,DII,17819,3590,12713,10944,163318,2118,0,0,7,0,0,0,195975,14534
02-04-2013,Client,171501,130326,504396,168395,417057,393413,537837,690864,84933,49161,49847,34051,1620461,1611320
03-04-2013,Client,187829,132680,507388,186683,499299,382267,600181,702348,107667,53972,59259,37679,1738422,1718830
03-04-2013,DII,17819,3660,12580,10652,163982,2268,0,0,7,0,0,0,196656,14312
03-04-2013,FII,133590,185222,240658,538489,318589,568802,337868,152139,13556,11090,17974,11400,1286285,1243092
03-04-2013,Pro,42144,59820,95604,120406,198610,177512,242431,276362,20234,21147,64231,37130,555251,800380
03-04-2013,TOTAL,381382,381382,856230,856230,1180480,1130849,1180480,1130849,141464,86209,141464,86209,3776614,3776614
04-04-2013,Client,208681,124137,510195,195742,646160,331729,646028,747349,130903,54722,69181,40033,1882390,1822470
04-04-2013,DII,17699,3660,13645,10336,164247,5029,0,0,7,16,0,0,200643,13996
04-04-2013,FII,130523,217172,244379,533709,329849,647652,384221,158626,13962,11583,18359,11497,1377948,1323584
04-04-2013,Pro,48845,60779,98253,126685,189463,189718,299470,268153,21947,24101,79279,38892,572327,873258
04-04-2013,TOTAL,405748,405748,866472,866472,1329719,1174128,1329719,1174128,166819,90422,166819,90422,4033308,4033308
05-04-2013,Pro,60785,57296,103675,132712,199737,173017,330323,251558,21422,25962,85193,41319,584598,898401
05-04-2013,DII,17703,3660,14058,10453,164247,4824,0,0,9,16,0,0,200857,14113
05-04-2013,FII,121960,248220,249446,533732,345895,666918,402118,162869,16867,13706,18767,13686,1414792,1379392
05-04-2013,Client,225769,117041,513498,203780,728770,324358,706208,754690,142366,59233,76704,43912,1993994,1902335
05-04-2013,TOTAL,426217,426217,880677,880677,1438649,1169117,1438649,1169117,180664,98917,180664,98917,4194241,4194241
08-04-2013,Client,237506,118411,515339,209288,776952,331368,728581,768651,149145,64581,81710,45953,2074891,1952594
08-04-2013,Pro,64641,59928,105801,136053,204450,168459,349522,260207,22765,26673,89151,45581,592789,940442
08-04-2013,DII,17725,3590,14660,10483,164248,4824,0,0,9,16,0,0,201482,14073
08-04-2013,TOTAL,442125,442125,886418,886418,1497752,1197419,1497752,1197419,190734,105709,190734,105709,4320157,4320157
08-04-2013,FII,122253,260196,250618,530594,352102,692768,419649,168561,18815,14439,19873,14175,1450995,1413048
09-04-2013,Client,257025,126256,512069,226426,795728,339742,754706,810212,160559,71927,88212,49924,2137050,2055736
09-04-2013,DII,17712,3590,15471,10312,164183,4824,0,0,9,16,0,0,202215,13902
09-04-2013,FII,128834,267365,267788,523338,376430,740050,436192,184281,19104,15230,20908,15451,1547436,1447535
09-04-2013,Pro,62859,69219,107555,142807,220652,204128,366095,294251,25490,28305,96042,50103,648989,1018517
09-04-2013,TOTAL,466430,466430,902883,902883,1556993,1288744,1556993,1288744,205162,115478,205162,115478,4535690,4535690
10-04-2013,Client,268507,125879,508973,240855,773631,424453,752861,850536,166143,84970,92539,53565,2226677,2116235
10-04-2013,DII,17704,3590,15779,10418,164183,4869,0,0,9,16,0,0,202560,14008
10-04-2013,FII,136435,282766,279091,514658,387230,740878,450265,190724,19402,16729,21821,17170,1579765,1477404
10-04-2013,Pro,63089,73500,114406,152318,227016,197612,348934,326552,29295,28537,100489,59517,659955,1061310
10-04-2013,TOTAL,485735,485735,918249,918249,1552060,1367812,1552060,1367812,214849,130252,214849,130252,4668957,4668957
11-04-2013,Pro,69313,88129,117590,163479,246076,191985,328136,365736,40095,35598,119809,81836,700657,1147125
11-04-2013,FII,146871,283614,305018,508882,409002,752297,430607,201978,21010,19271,25717,23990,1653469,1474788
11-04-2013,DII,17713,3590,16324,11019,164183,4869,0,0,29,68,0,0,203186,14609
11-04-2013,TOTAL,505821,505821,948954,948954,1540827,1443862,1540827,1443862,253414,183210,253414,183210,4876088,4876088
11-04-2013,Client,271924,130488,510022,265574,721566,494711,782084,876148,192280,128273,107888,77384,2318776,2239566
12-04-2013,Client,284686,133982,515173,272921,781564,471430,792990,893465,209976,106449,108948,74757,2369278,2277063
12-04-2013,DII,19684,2390,16541,11017,164183,2904,0,0,29,30,0,0,203371,13407
12-04-2013,FII,150738,302089,312112,516345,407103,757540,449041,201055,22255,20767,26662,24744,1670515,1519936
12-04-2013,Pro,63451,80098,127472,171015,223512,187891,334331,325245,33459,39839,130109,67584,675624,1108382
12-04-2013,TOTAL,518559,518559,971298,971298,1576362,1419765,1576362,1419765,265719,167085,265719,167085,4918788,4918788
15-04-2013,Client,295833,134735,514301,279506,759235,546988,789867,917856,219096,123561,114346,79904,2459014,2316214
15-04-2013,DII,19721,2390,16598,11622,164183,2774,0,0,51,30,0,0,203357,14012
15-04-2013,FII,159564,314885,318537,511030,409397,760978,448675,209000,23809,21995,30497,26396,1694280,1540483
15-04-2013,Pro,68975,92083,130901,178179,249193,188711,343466,372595,35641,36546,133754,75832,709967,1195909
15-04-2013,TOTAL,544093,544093,980337,980337,1582008,1499451,1582008,1499451,278597,182132,278597,182132,5066618,5066618
16-04-2013,Pro,65326,110720,135501,182744,284870,184132,330750,448007,41161,35412,132899,83706,746402,1288826
16-04-2013,DII,19763,4890,17439,10816,164183,4884,0,0,51,30,0,0,206350,15706
16-04-2013,FII,159884,270303,324878,505991,466540,717943,421411,240495,26019,22673,33806,28258,1717937,1500264
16-04-2013,Client,280946,140006,510642,288909,643935,712845,807367,931302,218833,138761,119359,84912,2505962,2371855
16-04-2013,TOTAL,525919,525919,988460,988460,1559528,1619804,1559528,1619804,286064,196876,286064,196876,5176651,5176651
17-04-2013,DII,19773,4890,18387,10975,164183,4884,0,0,51,30,0,0,207308,15865
17-04-2013,Pro,64185,107836,145482,190946,280674,181891,341219,471136,43195,36717,139628,85921,752144,1336686
17-04-2013,Client,276093,151048,517928,295572,621950,752455,804047,917225,229075,140923,125335,87704,2538424,2380931
17-04-2013,TOTAL,522932,522932,1008380,1008380,1553361,1651984,1553361,1651984,300906,201200,300906,201200,5238763,5238763
17-04-2013,FII,162881,259158,326583,510887,486554,712754,408095,263623,28585,23530,35943,27575,1740887,1505281
18-04-2013,Pro,68716,115496,163668,204351,284819,195912,311392,569737,46969,36197,132172,84214,796281,1417362
18-04-2013,TOTAL,526190,526190,1019185,1019185,1501285,1780964,1501285,1780964,291083,200742,291083,200742,5319449,5319449
18-04-2013,FII,173931,243074,323432,509951,506946,717814,397359,276539,26754,22924,35326,30923,1771801,1493172
18-04-2013,DII,19810,4890,17922,10907,164181,4954,0,0,41,30,0,0,206938,15797
18-04-2013,Client,263733,162730,514163,293976,545339,862284,792534,934688,217319,141591,123585,85605,2544429,2393118
22-04-2013,DII,19764,4890,17947,10972,164181,4954,0,0,41,30,0,0,206917,15862
22-04-2013,TOTAL,515447,515447,1040187,1040187,1467045,1785344,1467045,1785344,289185,203427,289185,203427,5300635,5300635
22-04-2013,Client,244900,181419,514971,288061,549542,910145,813328,932293,214284,144061,121969,83401,2577903,2420471
22-04-2013,FII,181839,210189,334935,535502,496901,706298,368819,269619,27654,24167,34283,31344,1771794,1449756
22-04-2013,Pro,68944,118949,172334,205652,256421,163947,284898,583432,47206,35169,132933,88682,744021,1414546
23-04-2013,Pro,65261,115795,153708,190772,267021,176617,310677,620102,47304,36408,131587,85305,746319,1454238
23-04-2013,DII,19595,4890,16393,11096,165105,4954,0,0,41,30,0,0,206118,15986
23-04-2013,FII,202211,198411,324668,539394,485479,724284,365592,273286,31895,25301,38813,31732,1793838,1447228
23-04-2013,Client,219512,187483,511629,265136,551544,921782,792880,934249,213362,138660,122202,83362,2556489,2385312
23-04-2013,TOTAL,506579,506579,1006398,1006398,1469149,1827637,1469149,1827637,292602,200399,292602,200399,5302764,5302764
25-04-2013,Client,111715,198795,516157,173179,211454,390487,517547,610774,61561,27740,38308,22296,1319114,1560899
25-04-2013,DII,19549,4890,9549,12781,164905,4874,0,0,0,0,0,0,198877,17671
25-04-2013,FII,226845,71337,236779,561754,383321,525899,295944,133991,580,1837,1250,21,1375261,1064297
25-04-2013,Pro,24615,107702,102954,117725,230093,117479,176282,293974,14550,12164,37133,19424,501855,752240
25-04-2013,TOTAL,382724,382724,865439,865439,989773,1038739,989773,1038739,76691,41741,76691,41741,3395107,3395107
26-04-2013,FII,247913,82377,238479,581071,396019,534266,298853,151338,8643,10292,11469,8259,1435612,1133367
26-04-2013,Client,111528,210863,544048,184672,261611,417917,557440,659045,93075,41761,54119,34991,1469940,1701130
26-04-2013,TOTAL,401317,401317,906092,906092,1048567,1103958,1048567,1103958,121705,70788,121705,70788,3652427,3652427
26-04-2013,DII,19511,5490,9813,13319,166099,8388,0,0,0,10,0,0,203821,18809
26-04-2013,Pro,22365,102587,113752,127030,224838,143387,192274,293575,19987,18725,56117,27538,543054,799121
29-04-2013,Client,115445,218265,556885,190930,287467,461323,589550,677139,107078,50856,62891,41307,1579054,1780082
29-04-2013,DII,19410,5490,12051,14757,166099,8888,0,0,0,10,0,0,206458,20247
29-04-2013,FII,253275,87343,240025,596490,402151,540956,300946,174108,10420,13274,14502,10775,1460101,1184164
29-04-2013,Pro,24817,101849,120361,127145,233148,144659,198369,304579,24021,20156,64126,32214,567162,828282
29-04-2013,TOTAL,412947,412947,929322,929322,1088865,1155826,1088865,1155826,141519,84296,141519,84296,3812775,3812775
30-04-2013,Client,119135,218027,556072,187910,298253,496309,621589,710733,122168,62665,73604,47507,1654602,1859370
30-04-2013,Pro,21976,102188,120478,121358,245889,138240,196839,331101,30008,24842,72478,41460,581433,865424
30-04-2013,FII,259810,94754,243295,607454,417464,583717,309184,186187,13503,15069,19597,13609,1532858,1230785
30-04-2013,DII,19538,5490,12479,15602,166006,9755,0,0,0,0,0,0,207778,21092
30-04-2013,TOTAL,420459,420459,932324,932324,1127612,1228021,1127612,1228021,165679,102576,165679,102576,3976671,3976671
02-05-2013,Client,130921,252813,577471,196369,331617,621373,671606,765994,124174,76928,80485,52659,1862484,2019926
02-05-2013,TOTAL,475121,475121,970608,970608,1245058,1375207,1245058,1375207,175047,118349,175047,118349,4359390,4359390
02-05-2013,DII,19410,6790,19684,15558,166006,11355,0,0,0,0,0,0,216455,22348
02-05-2013,Pro,30371,108444,131204,122936,279962,149455,251542,369333,34713,24466,71346,49355,650171,972956
02-05-2013,FII,294419,107074,242249,635745,467473,593024,321910,239880,16160,16955,23216,16335,1630280,1344160
03-05-2013,Client,126331,250568,590323,191308,368879,647200,689190,775826,138029,80161,89028,57771,1950923,2053691
03-05-2013,DII,19381,6790,28017,15269,166006,12855,0,0,0,0,0,0,226259,22059
03-05-2013,FII,297240,110464,233283,650806,466383,602801,324581,262062,17628,17645,24255,16397,1634980,1388565
03-05-2013,Pro,29442,104572,131905,126145,253999,163044,241496,388012,34124,27518,76498,51156,640032,987879
03-05-2013,TOTAL,472394,472394,983528,983528,1255267,1425900,1255267,1425900,189781,125324,189781,125324,4452194,4452194
06-05-2013,FII,315129,114154,235010,656693,463826,594228,327808,275871,19417,19090,27626,19349,1646700,1421501
06-05-2013,Client,121841,257372,596558,199687,380663,702789,699246,805960,142362,89281,93100,60277,2033494,2115642
06-05-2013,TOTAL,487078,487078,998782,998782,1271214,1470013,1271214,1470013,198012,135385,198012,135385,4560484,4560484
06-05-2013,DII,19351,6790,30533,15581,166006,12655,0,0,0,0,0,0,228545,22371
06-05-2013,Pro,30757,108762,136681,126821,260719,160341,244160,388182,36233,27014,77286,55759,651745,1000970
07-05-2013,Client,130828,287939,617397,205551,364583,804507,692637,835470,143313,98310,97040,64210,2158938,2182847
07-05-2013,TOTAL,526626,526626,1022154,1022154,1306218,1588982,1306218,1588982,201172,145034,201172,145034,4790186,4790186
07-05-2013,DII,19499,7290,29818,15558,166006,12888,0,0,0,0,0,0,228211,22848
07-05-2013,Pro,36568,110613,142134,127611,287270,167055,279625,428604,38496,27210,76126,60982,698733,1083561
07-05-2013,FII,339731,120784,232805,673434,488359,604532,333956,324908,19363,19514,28006,19842,1704304,1500930
08-05-2013,Client,125987,314594,634428,210262,360771,835566,703739,848757,149877,105758,100811,66878,2212387,2245041
08-05-2013,DII,19561,7290,28368,14671,166606,13188,0,0,0,16,0,0,227739,21961
08-05-2013,FII,353710,99223,232509,686209,510789,632332,345015,348032,20088,20198,29462,21559,1769626,1529500
08-05-2013,Pro,36269,114420,147903,132066,293971,164783,283383,449080,39011,27839,78703,65374,709776,1123026
08-05-2013,TOTAL,535527,535527,1043208,1043208,1332137,1645869,1332137,1645869,208976,153811,208976,153811,4919528,4919528
09-05-2013,FII,365769,100551,233061,695128,506609,642418,344467,341246,23075,22111,36077,24111,1793043,1541580
09-05-2013,DII,19419,7290,28105,14616,166606,13188,0,0,20,16,0,0,227354,21906
09-05-2013,Pro,31538,117708,148551,133003,286271,161057,274163,461334,40665,30576,84205,68984,698658,1139397
09-05-2013,Client,127510,318687,644664,211634,381741,845465,722597,859548,161097,109741,104575,69349,2270218,2286390
09-05-2013,TOTAL,544236,544236,1054381,1054381,1341227,1662128,1341227,1662128,224857,162444,224857,162444,4989273,4989273
10-05-2013,Client,133751,342323,659700,216443,367534,884363,722839,879431,164456,116140,107917,71935,2325944,2340888
10-05-2013,DII,19346,7490,26278,14686,168802,12876,0,0,20,16,0,0,227338,22176
10-05-2013,FII,383642,107320,237860,704743,551450,636121,352977,344363,23041,23043,36803,25594,1855157,1571800
10-05-2013,Pro,34649,114255,151140,139106,292806,163248,304776,472814,41771,30419,84568,72089,714033,1187608
10-05-2013,TOTAL,571388,571388,1074978,1074978,1380592,1696608,1380592,1696608,229288,169618,229288,169618,5122472,5122472
11-05-2013,TOTAL,571228,571228,1076255,1076255,1382095,1706895,1382095,1706895,230358,170521,230358,170521,5137352,5137352
11-05-2013,Client,133581,343786,660751,216833,366498,891800,723742,883215,165446,117174,108553,72241,2335250,2348370
11-05-2013,DII,19346,7490,26278,14686,168802,12876,0,0,20,16,0,0,227338,22176
11-05-2013,Pro,34659,112686,151469,140324,295278,165506,305143,479919,41851,30288,85002,72686,719051,1195760
11-05-2013,FII,383642,107266,237757,704412,551517,636713,353210,343761,23041,23043,36803,25594,1855713,1571046
13-05-2013,FII,372565,97501,235151,710250,520942,676248,375443,322252,23434,24338,38387,26685,1852678,1570518
13-05-2013,Pro,23879,112635,148063,141844,282468,167151,294702,465617,38405,33306,90125,70101,693272,1175024
13-05-2013,Client,125362,324472,665158,206145,439687,807089,741754,875495,179426,111688,112773,72582,2328410,2333221
13-05-2013,DII,19225,6423,24842,14975,168802,12876,0,0,20,36,0,0,225801,21398
13-05-2013,TOTAL,541031,541031,1073214,1073214,1411899,1663364,1411899,1663364,241285,169368,241285,169368,5100161,5100161
14-05-2013,Client,125255,333848,678832,213005,457558,828523,746827,908140,187020,116908,116771,75180,2394096,2393771
14-05-2013,Pro,26421,117306,154230,146753,273083,170581,294589,471000,39251,32688,94319,72936,696254,1196903
14-05-2013,FII,397640,111658,242094,724201,517523,687016,375800,319756,24766,26037,39967,27537,1895076,1598919
14-05-2013,DII,19119,5623,24406,15603,169052,12776,0,0,20,20,0,0,225393,21226
14-05-2013,TOTAL,568435,568435,1099562,1099562,1417216,1698896,1417216,1698896,251057,175653,251057,175653,5210819,5210819
15-05-2013,Client,146148,389250,690043,222777,432297,905866,754415,917294,175963,126130,113832,77986,2476447,2475554
15-05-2013,TOTAL,631437,631437,1137618,1137618,1435793,1810711,1435793,1810711,246483,185046,246483,185046,5447088,5447088
15-05-2013,DII,19257,6890,23727,16423,169052,12748,0,0,20,20,0,0,224824,23313
15-05-2013,Pro,51862,115206,173629,153745,287065,183768,306414,529929,45423,32052,91698,78384,773799,1275376
15-05-2013,FII,414170,120091,250219,744673,547379,708329,374964,363488,25077,26844,40953,28676,1972018,1672845
16-05-2013,FII,427205,131178,252784,753789,550578,712022,380977,380786,27437,28217,43703,29808,1998243,1720241
16-05-2013,DII,19267,7590,23554,16781,169172,12748,0,0,30,20,0,0,224791,24371
16-05-2013,TOTAL,643377,643377,1146681,1146681,1455383,1838208,1455383,1838208,251311,191874,251311,191874,5526834,5526834
16-05-2013,Pro,53044,114133,177995,154784,286254,190802,304737,546015,45423,32045,92117,82327,785563,1294113
16-05-2013,Client,143861,390476,692348,221327,449379,922636,769669,911407,178421,131592,115491,79739,2518237,2488109
17-05-2013,Pro,58151,109184,180541,159069,267862,197895,302152,543250,45968,33394,97232,84169,783811,1295056
17-05-2013,FII,419372,133265,253585,758209,566064,720737,384936,401776,28711,29914,45156,30160,2018383,1753502
17-05-2013,TOTAL,641210,641210,1154372,1154372,1460207,1862679,1460207,1862679,262542,197344,262542,197344,5578354,5578354
17-05-2013,DII,19661,7590,22096,17259,169142,12748,0,0,30,20,0,0,223697,24849
17-05-2013,Client,144026,391171,698150,219835,457139,931299,773119,917653,187833,134016,120154,83015,2552463,2504947
20-05-2013,Client,140873,387827,701944,213695,452407,908892,786316,901709,199618,135394,123993,84334,2539128,2497874
20-05-2013,DII,20427,7590,21242,17145,169142,12748,0,0,30,20,0,0,223609,24735
20-05-2013,FII,427499,137445,249173,763252,594644,704689,380448,376575,30170,30826,49467,32501,2037001,1739688
20-05-2013,Pro,53347,109284,180710,158977,246360,177795,295789,525840,45338,35002,101696,84407,738552,1275993
20-05-2013,TOTAL,642146,642146,1153069,1153069,1462553,1804124,1462553,1804124,275156,201242,275156,201242,5538290,5538290
21-05-2013,DII,20565,7590,18894,17889,169356,12748,0,0,10,20,0,0,221593,25479
21-05-2013,Client,133987,384402,709591,211285,482378,874320,776401,915602,214289,132011,127785,85483,2546576,2500958
21-05-2013,FII,447694,145131,245953,767053,582027,715017,386311,354964,31519,33398,52273,33846,2055608,1739578
21-05-2013,TOTAL,645392,645392,1159509,1159509,1465380,1769285,1465380,1769285,289583,202944,289583,202944,5532093,5532093
21-05-2013,Pro,43146,108269,185071,163282,231619,167200,302668,498719,43765,37515,109525,83615,708316,1266078
22-05-2013,Pro,35559,108774,193987,175432,233180,172734,306585,518259,43991,40373,119129,87337,719824,1315516
22-05-2013,DII,20226,4241,17953,18293,169476,12868,0,0,10,20,0,0,220553,22534
22-05-2013,FII,471453,150323,244926,774778,554545,722186,394417,334795,31454,34935,52559,33958,2059499,1740830
22-05-2013,Client,134460,398360,733282,221645,529716,866216,785915,920950,231644,133202,135411,87235,2628520,2549516
22-05-2013,TOTAL,661698,661698,1190148,1190148,1486917,1774004,1486917,1774004,307099,208530,307099,208530,5628396,5628396
23-05-2013,Client,129922,357858,720295,208801,576318,721980,765903,911538,262171,117805,142729,84995,2528491,2471824
23-05-2013,DII,20169,4041,17154,20708,169476,28007,0,0,10,0,0,0,234816,24749
23-05-2013,FII,449053,144000,251048,776407,522445,785522,407020,300689,31903,42012,64263,36723,2081983,1729102
23-05-2013,Pro,25442,118687,196572,179153,256309,189220,351625,512502,48356,44868,135448,82967,760767,1380382
23-05-2013,TOTAL,624586,624586,1185069,1185069,1524548,1724729,1524548,1724729,342440,204685,342440,204685,5606057,5606057
24-05-2013,Client,129256,360309,728342,207837,605761,790196,773405,942357,265169,121545,142932,86926,2640269,2513766
24-05-2013,TOTAL,617511,617511,1190613,1190613,1563526,1778323,1563526,1778323,348105,207614,348105,207614,5705692,5705692
24-05-2013,DII,20165,5141,17599,23330,169477,27547,0,0,10,0,0,0,234798,28471
24-05-2013,Pro,24164,120607,198326,179471,255870,186853,347628,523492,48570,44387,143092,83612,758170,1397902
24-05-2013,FII,443926,131454,246346,779975,532418,773727,442493,312474,34356,41682,62081,37076,2072455,1765553
27-05-2013,Pro,29822,125522,205302,191529,281725,194659,365617,588690,51700,43367,141826,87207,806575,1500391
27-05-2013,DII,20345,5690,18024,25084,169477,27187,0,0,10,0,0,0,235043,30774
27-05-2013,FII,449591,131593,279126,815735,503407,758973,410830,320300,34966,40837,60489,37641,2066900,1776588
27-05-2013,Client,128844,365797,741357,211461,585899,862968,764061,934797,261188,128725,145549,88081,2708981,2509746
27-05-2013,TOTAL,628602,628602,1243809,1243809,1540508,1843787,1540508,1843787,347864,212929,347864,212929,5817499,5817499
28-05-2013,DII,20484,5690,17844,25489,170844,27087,0,0,10,0,0,0,236269,31179
28-05-2013,Client,135980,388332,756712,216268,558914,914195,748396,933458,257260,135612,146480,90507,2758673,2523441
28-05-2013,FII,465473,128627,312185,855698,489886,746221,390419,323110,34579,41304,60149,38095,2089648,1796098
28-05-2013,TOTAL,651117,651117,1294120,1294120,1481045,1866123,1481045,1866123,344089,219936,344089,219936,5856430,5856430
28-05-2013,Pro,29180,128468,207379,196665,261401,178620,342230,609555,52240,43020,137460,91334,771840,1505712
29-05-2013,Pro,26173,131261,201429,186011,264468,193653,357885,618602,51712,44235,142857,91614,781670,1528230
29-05-2013,TOTAL,664308,664308,1308867,1308867,1507461,1891111,1507461,1891111,346362,214410,346362,214410,5932519,5932519
29-05-2013,FII,492203,142058,338324,882904,484589,748927,384588,316670,32517,35977,55429,34248,2132537,1815897
29-05-2013,DII,20519,9260,18078,24784,171482,27087,0,0,10,31,0,0,237207,34044
29-05-2013,Client,125413,381729,751036,215168,586922,921444,764988,955839,262123,134167,148076,88548,2781105,2554348
30-05-2013,Client,90671,235043,572673,162125,246663,338997,469534,570679,63293,28530,37344,23208,1340827,1497933
30-05-2013,TOTAL,425557,425557,999196,999196,932774,989259,932774,989259,75901,43465,75901,43465,3466152,3466152
30-05-2013,DII,20035,8847,10175,24772,171485,23155,0,0,0,0,0,0,224850,33619
30-05-2013,Pro,20895,140534,131940,130352,211280,138091,172238,268935,11705,13679,36104,20233,527590,768396
30-05-2013,FII,293956,41133,284408,681947,303346,489016,291002,149645,903,1256,2453,24,1372885,1166204
31-05-2013,Pro,18673,115130,133771,143517,192663,161176,197121,268616,14845,17951,54138,23770,539079,802292
31-05-2013,DII,20363,9012,10275,26765,171525,38342,0,0,0,0,0,0,240505,35777
31-05-2013,FII,242966,50544,297612,687735,320512,533860,315194,173218,4202,5290,7679,3096,1404442,1237466
31-05-2013,Client,98494,205810,580446,164087,347756,326895,520141,618439,97247,36464,54477,32839,1487302,1595793
31-05-2013,TOTAL,380496,380496,1022104,1022104,1032456,1060273,1032456,1060273,116294,59705,116294,59705,3671328,3671328
03-06-2013,FII,211878,55543,306790,684119,322772,600018,337731,192682,7385,12849,11718,12647,1461692,1294440
03-06-2013,DII,20495,8178,12605,27119,171485,38342,0,0,0,0,0,0,242927,35297
03-06-2013,TOTAL,358586,358586,1032641,1032641,1124136,1129362,1124136,1129362,144070,80545,144070,80545,3869340,3869340
03-06-2013,Client,105677,194106,575486,173279,429422,324155,563601,660308,119216,46181,64133,38775,1600137,1694202
03-06-2013,Pro,20536,100759,137760,148124,200457,166847,222804,276372,17469,21515,68219,29123,564584,845401
04-06-2013,Client,111162,186777,580161,177481,464925,341706,586350,697277,135237,51328,71853,43582,1684519,1763320
04-06-2013,DII,20668,6858,15464,27946,171485,38852,0,0,0,0,0,0,246469,34804
04-06-2013,FII,200691,58542,307708,686455,334028,619369,349365,193923,9083,14650,13023,14802,1485529,1316110
04-06-2013,Pro,20967,101311,139012,150463,201800,180913,236523,289640,19639,23345,79083,30939,585676,887959
04-06-2013,TOTAL,353488,353488,1042345,1042345,1172238,1180840,1172238,1180840,163959,89323,163959,89323,4002193,4002193
05-06-2013,FII,189499,67446,307781,695337,331384,647565,374893,185472,10207,15995,13110,15541,1502431,1351799
05-06-2013,DII,21345,6858,17353,28905,174670,42630,0,0,0,0,0,0,255998,35763
05-06-2013,TOTAL,347658,347658,1054606,1054606,1225111,1235668,1225111,1235668,174517,95522,174517,95522,4133082,4133082
05-06-2013,Pro,23856,92776,139491,151918,205152,182708,249344,292990,21046,24533,84441,32876,596786,904345
05-06-2013,Client,112958,180578,589981,178446,513905,362765,600874,757206,143264,54994,76966,47105,1777867,1841175
06-06-2013,TOTAL,334185,334185,1062288,1062288,1274410,1285907,1274410,1285907,188629,103584,188629,103584,4249003,4249003
06-06-2013,Pro,25248,82582,135957,148532,203160,187272,267961,310244,22720,27445,91569,35186,601802,936074
06-06-2013,FII,157174,73450,308477,699487,356392,691098,387303,175336,11213,17465,14423,17203,1541819,1367202
06-06-2013,DII,21918,6807,19531,28955,174670,42630,0,0,0,0,0,0,258749,35762
06-06-2013,Client,129845,171346,598323,185314,540188,364907,619146,800327,154696,58674,82637,51195,1846633,1909965
07-06-2013,FII,149240,82658,312418,705932,372384,759734,411355,183105,11498,18645,15027,17488,1623919,1415565
07-06-2013,Pro,22078,78702,131927,146768,208594,198398,284234,315604,23321,28766,94751,35793,613084,955852
07-06-2013,TOTAL,330405,330405,1067503,1067503,1332659,1341506,1332659,1341506,199639,107159,199639,107159,4378871,4378871
07-06-2013,Client,138813,162187,601109,185591,574719,374108,637070,842797,164820,59748,89861,53878,1913317,1971384
07-06-2013,DII,20274,6858,22049,29212,176962,9266,0,0,0,0,0,0,228551,36070
10-06-2013,Client,141697,165602,600034,185319,609627,372541,667582,862018,176293,61370,96721,55594,1961562,2032836
10-06-2013,DII,20407,6858,24226,30598,176902,12769,0,0,0,0,0,0,234304,37456
10-06-2013,FII,147785,81118,318141,709558,393327,776845,412365,180797,12495,19468,16021,17634,1668061,1417493
10-06-2013,Pro,20995,77306,131121,148047,202374,201625,302283,320965,24044,29808,100090,37418,609967,986109
10-06-2013,TOTAL,330884,330884,1073522,1073522,1382230,1363780,1382230,1363780,212832,110646,212832,110646,4473894,4473894
11-06-2013,Pro,40990,71942,135409,152176,194200,200976,356127,322553,24671,32652,111442,37384,628898,1051624
11-06-2013,DII,20665,6858,26101,30179,176902,15908,0,0,0,0,0,0,239576,37037
11-06-2013,FII,137789,134758,320057,725571,363515,880793,424061,178930,13111,20097,16726,18670,1735362,1498716
11-06-2013,Client,160114,146000,603153,176794,718570,296620,672999,892814,193659,60566,103273,57261,2032682,2049141
11-06-2013,TOTAL,359558,359558,1084720,1084720,1453187,1394297,1453187,1394297,231441,113315,231441,113315,4636518,4636518
12-06-2013,Client,173601,139120,612010,176864,801459,318974,693150,914361,206049,63778,108160,61357,2175871,2093012
12-06-2013,DII,20744,6087,26108,30061,176902,9504,0,0,0,0,0,0,233258,36148
12-06-2013,FII,150752,164568,325128,737022,344339,905144,471201,187070,15507,20830,19393,18885,1761700,1598139
12-06-2013,Pro,37460,72782,141805,161104,210617,201291,368966,333482,25271,34711,119274,39077,651155,1094685
12-06-2013,TOTAL,382557,382557,1105051,1105051,1533317,1434913,1533317,1434913,246827,119319,246827,119319,4821984,4821984
13-06-2013,Client,196382,137934,612452,185056,876307,326696,704259,937450,218095,66168,113444,62508,2296100,2140651
13-06-2013,TOTAL,413874,413874,1115012,1115012,1614387,1461231,1614387,1461231,260434,123127,260434,123127,4988065,4988065
13-06-2013,DII,20847,4887,26426,30266,176902,6744,0,0,0,0,0,0,230919,35153
13-06-2013,Pro,35725,79356,146178,159227,221753,181382,407766,339079,26529,36433,127162,40845,648000,1153435
13-06-2013,FII,160920,191697,329956,740463,339425,946409,502362,184702,15810,20526,19828,19774,1813046,1658826
14-06-2013,TOTAL,413010,413010,1112532,1112532,1566713,1496028,1566713,1496028,259204,127300,259204,127300,4974787,4974787
14-06-2013,Client,186083,137277,605351,193882,811119,367340,700704,951989,214831,73513,114313,64518,2258237,2162683
14-06-2013,FII,171275,183249,333938,732993,364314,949453,494333,181055,15404,19820,21369,20280,1854204,1633279
14-06-2013,DII,20943,4787,27208,28832,176902,6629,0,0,530,0,0,0,232212,33619
14-06-2013,Pro,34709,87697,146035,156825,214378,172606,371676,362984,28439,33967,123522,42502,630134,1145206
17-06-2013,Client,199383,132918,604497,208862,825792,415406,709857,968860,218262,79974,117693,66781,2343314,2204971
17-06-2013,DII,20878,6487,26667,28679,176822,6629,0,0,530,0,0,0,231526,35166
17-06-2013,FII,187647,210616,339476,720875,355685,938387,494849,168600,15836,20767,21937,21014,1857798,1637891
17-06-2013,Pro,37008,94895,150796,163020,224565,152232,378158,375194,28906,32475,123904,45421,625982,1180592
17-06-2013,TOTAL,444916,444916,1121436,1121436,1582864,1512654,1582864,1512654,263534,133216,263534,133216,5058620,5058620
18-06-2013,DII,20466,6538,27579,27942,176742,5038,0,0,0,0,0,0,229825,34480
18-06-2013,TOTAL,463289,463289,1132530,1132530,1626938,1507840,1626938,1507840,267576,137889,267576,137889,5136062,5136062
18-06-2013,Client,213056,136176,606504,230887,855876,415313,738976,957925,220851,84214,119289,67017,2395814,2250270
18-06-2013,FII,193683,227644,345408,707265,360122,927504,489587,176274,16488,20005,23113,20455,1863210,1644338
18-06-2013,Pro,36084,92931,153039,166436,234198,159985,398375,373641,30237,33670,125174,50417,647213,1206974
19-06-2013,FII,194822,241193,356943,698262,359941,899701,497037,178627,16637,20207,24512,19934,1848251,1659565
19-06-2013,Pro,39692,100266,159054,171970,240450,174357,403862,387684,30587,33823,126346,54004,677963,1244132
19-06-2013,TOTAL,481226,481226,1144406,1144406,1642630,1542554,1642630,1542554,272047,142655,272047,142655,5225518,5225518
19-06-2013,Client,226234,134449,601422,246277,865553,463719,741731,976243,224823,88625,121189,68717,2470376,2288606
19-06-2013,DII,20478,5318,26987,27897,176686,4777,0,0,0,0,0,0,228928,33215
20-06-2013,TOTAL,562720,562720,1193044,1193044,1771737,1540711,1771737,1540711,292526,139182,292526,139182,5499920,5499920
20-06-2013,Pro,49845,128550,171544,186429,240748,181779,455439,400796,29231,36255,142238,51307,709402,1364759
20-06-2013,FII,205175,289035,372227,700598,363684,971736,551539,200914,17152,21171,24300,20653,1951145,1787039
20-06-2013,Client,287139,143417,622804,276096,990619,367972,764759,939001,246143,81756,125988,67222,2596433,2316483
20-06-2013,DII,20561,1718,26469,29921,176686,19224,0,0,0,0,0,0,242940,31639
21-06-2013,Client,299528,149775,617945,295355,1003294,419635,764744,960359,253136,80577,126820,65146,2674115,2362199
21-06-2013,DII,20559,518,24884,30602,176686,19224,0,0,0,0,0,0,241353,31120
21-06-2013,FII,197701,291051,388342,694228,377646,975082,555817,229653,16748,22129,25004,22045,1977648,1817798
21-06-2013,Pro,49334,125778,179877,190863,267861,203020,504926,426949,30335,37980,148395,53495,768407,1450406
21-06-2013,TOTAL,567122,567122,1211048,1211048,1825487,1616961,1825487,1616961,300219,140686,300219,140686,5661523,5661523
24-06-2013,Client,315928,151434,618777,314056,1093731,390966,797599,973731,269138,74782,130288,61646,2763322,2428754
24-06-2013,TOTAL,608632,608632,1239071,1239071,1920120,1663482,1920120,1663482,319805,137336,319805,137336,5888446,5888446
24-06-2013,DII,20622,601,23862,32901,176540,16324,0,0,0,0,0,0,237348,33502
24-06-2013,Pro,50759,140797,184849,195682,261530,202522,521320,466579,32525,40140,163623,54680,772325,1542681
24-06-2013,FII,221323,315800,411583,696432,388319,1053670,601201,223172,18142,22414,25894,21010,2115451,1883509
25-06-2013,Pro,52027,121328,183280,201527,256193,206605,552316,447687,35351,40921,164903,62488,774377,1550249
25-06-2013,DII,26419,550,20240,34507,176418,16324,0,0,0,0,0,0,239401,35057
25-06-2013,TOTAL,628218,628218,1254288,1254288,1922256,1680928,1922256,1680928,318951,145230,318951,145230,5949871,5949871
25-06-2013,FII,236003,351093,435558,698961,390790,1027706,574312,226830,16947,22514,24148,20752,2129518,1896096
25-06-2013,Client,313769,155247,615210,319293,1098855,430293,795628,1006411,266653,81795,129900,61990,2806575,2468469
26-06-2013,Client,316453,156465,600573,320371,1164110,429477,853586,970855,272177,83514,129806,63738,2866304,2494821
26-06-2013,FII,231674,344748,463820,705368,416195,1036773,598743,237337,16258,21805,22244,19398,2186525,1927838
26-06-2013,TOTAL,623531,623531,1250865,1250865,2011537,1682746,2011537,1682746,323320,147264,323320,147264,6039263,6039263
26-06-2013,DII,26430,550,18013,34423,176296,3222,0,0,0,0,0,0,223961,34973
26-06-2013,Pro,48974,121768,168459,190703,254936,213274,559208,474554,34885,41945,171270,64128,762473,1581631
27-06-2013,DII,25400,572,13548,33889,173078,340,0,0,0,0,0,0,212366,34461
27-06-2013,Client,122489,123746,510930,142616,316455,225395,439527,652023,59172,28564,31390,20119,1263005,1409421
27-06-2013,FII,139462,115735,267251,603554,282082,629115,310247,102479,203,131,882,300,1318244,1133197
27-06-2013,TOTAL,306228,306228,907212,907212,950877,1025154,950877,1025154,71276,40762,71276,40762,3301509,3301509
27-06-2013,Pro,18877,66175,115483,127153,179262,170304,201103,270652,11901,12067,39004,20343,507894,724430
28-06-2013,Client,117099,149126,506910,165199,302350,356256,484517,728476,76021,43359,45433,30194,1401995,1602945
28-06-2013,DII,25260,2970,15887,35352,174122,3724,0,0,0,0,0,0,218993,38322
28-06-2013,FII,199209,117014,283725,595772,331033,633308,315542,111051,5289,5555,5933,5310,1458119,1150622
28-06-2013,Pro,18573,91031,120665,130864,188861,153456,196307,307217,19544,16771,49488,30181,517870,805088
28-06-2013,TOTAL,360141,360141,927187,927187,996366,1146744,996366,1146744,100854,65685,100854,65685,3596977,3596977
01-07-2013,Pro,16335,96170,122302,132467,199689,150597,211759,324352,26223,18748,53994,39584,533894,858326
01-07-2013,DII,24909,5150,15853,35202,174122,3614,0,0,0,0,0,0,218498,40352
01-07-2013,FII,217937,132677,289714,596127,385020,623646,318270,126943,5556,6117,6618,5765,1527990,1186400
01-07-2013,Client,123559,148743,505516,169589,313796,429533,542598,756095,81806,58087,52973,37603,1512297,1707601
01-07-2013,TOTAL,382740,382740,933385,933385,1072627,1207390,1072627,1207390,113585,82952,113585,82952,3792679,3792679
02-07-2013,Client,127950,146484,510140,179081,362460,441391,558459,764098,96439,63059,61404,41604,1601439,1751130
02-07-2013,DII,22478,5150,17147,34876,174122,3614,0,0,0,0,0,0,217361,40026
02-07-2013,FII,217653,137646,299637,602967,378916,640059,326726,156411,7474,7559,9587,7574,1551298,1240911
02-07-2013,Pro,15245,94046,124463,134463,187847,151797,218160,316352,26876,21334,59798,42774,527562,865593
02-07-2013,TOTAL,383326,383326,951387,951387,1103345,1236861,1103345,1236861,130789,91952,130789,91952,3897660,3897660
03-07-2013,Client,132157,141283,521143,190941,434176,408823,563126,784157,115994,66375,70589,46502,1678668,1796598
03-07-2013,TOTAL,381666,381666,978096,978096,1150371,1256462,1150371,1256462,152465,99636,152465,99636,4018696,4018696
03-07-2013,DII,22363,3974,15223,37650,174122,2734,0,0,0,0,0,0,214442,41624
03-07-2013,Pro,18841,83658,131725,137419,196825,176858,246999,330712,27134,25815,71474,45270,577198,915532
03-07-2013,FII,208305,152751,310005,612086,345248,668047,340246,141593,9337,7446,10402,7864,1548388,1264942
04-07-2013,TOTAL,388802,388802,993689,993689,1181300,1346252,1181300,1346252,166505,111310,166505,111310,4187858,4187858
04-07-2013,Client,139589,139286,521328,198412,404793,460881,582966,830731,124412,75829,78444,49999,1726832,1879838
04-07-2013,FII,207311,151097,321171,613221,379018,695522,344553,159354,11298,8077,10941,8644,1622397,1287810
04-07-2013,DII,22403,5150,16307,38497,176259,2564,0,0,0,0,0,0,217533,43647
04-07-2013,Pro,19499,93269,134883,143559,221230,187285,253781,356167,30795,27404,77120,52667,621096,976563
05-07-2013,Client,146886,143595,520211,199188,410483,512092,614680,847687,130967,83940,83091,55487,1804579,1943728
05-07-2013,DII,22403,6730,16360,38304,177706,2564,0,0,0,0,0,0,219033,45034
05-07-2013,FII,214611,154221,330294,617070,388680,698605,347465,161026,12150,12401,13206,12933,1656741,1305921
05-07-2013,Pro,18997,98351,135012,147315,219705,199317,234429,403865,31788,28467,78608,56388,633286,1018956
05-07-2013,TOTAL,402897,402897,1001877,1001877,1196574,1412578,1196574,1412578,174905,124808,174905,124808,4313639,4313639
08-07-2013,Pro,21727,96022,139280,156255,217571,221760,250304,406272,33708,31719,87576,56316,665765,1052745
08-07-2013,TOTAL,389566,389566,1021060,1021060,1223623,1442459,1223623,1442459,196344,130304,196344,130304,4403356,4403356
08-07-2013,FII,196960,152086,335185,616921,355481,704215,352184,157055,14329,13315,18026,15498,1619485,1311770
08-07-2013,DII,21332,5778,15471,38835,178609,2714,0,0,0,0,0,0,218126,44613
08-07-2013,Client,149547,135680,531124,209049,471962,513770,621135,879132,148307,85270,90742,58490,1899980,1994228
09-07-2013,Client,152658,139335,535144,206225,468425,535314,640721,878848,159253,96669,98205,64581,1947463,2027915
09-07-2013,FII,209569,153168,335271,630503,375117,727188,363412,166386,14886,14339,20414,17097,1676370,1350980
09-07-2013,TOTAL,405090,405090,1031652,1031652,1249343,1466626,1249343,1466626,211206,142810,211206,142810,4506727,4506727
09-07-2013,Pro,22191,107197,145285,155929,225876,203924,245210,421392,37067,31799,92587,61132,666142,1083447
09-07-2013,DII,20672,5390,15952,38995,179925,200,0,0,0,3,0,0,216752,44385
10-07-2013,Pro,23180,106671,145690,154371,232898,195691,256611,400716,38475,34712,101600,68037,670646,1088006
10-07-2013,TOTAL,411402,411402,1032481,1032481,1297000,1450377,1297000,1450377,233655,158883,233655,158883,4583798,4583798
10-07-2013,FII,207927,157463,339794,627040,382269,729024,376108,185471,16740,14840,24245,19543,1690594,1389870
10-07-2013,DII,21050,4910,15896,39075,179933,180,0,0,0,3,0,0,217062,43985
10-07-2013,Client,159245,142358,531101,211995,501900,525482,664281,864190,178440,109328,107810,71303,2005496,2061937
11-07-2013,FII,263670,161474,340604,630045,407389,742522,361450,189492,18817,18047,31879,26248,1791049,1400588
11-07-2013,Client,135249,152664,514989,194031,411239,589442,645452,885052,214043,159833,136586,100633,2024795,2114418
11-07-2013,TOTAL,443310,443310,1020233,1020233,1239876,1506684,1239876,1506684,286862,220576,286862,220576,4717541,4717541
11-07-2013,DII,21180,6230,15826,38733,180193,60,0,0,7,22,0,0,217288,44963
11-07-2013,Pro,23211,122942,148814,157424,241055,174660,232974,432140,53995,42674,118397,93695,684409,1157572
12-07-2013,Client,147230,174324,521016,214517,353755,721979,632172,913365,188482,152022,121281,87478,2084484,2143137
12-07-2013,DII,20623,5830,14838,38943,180169,3460,0,0,7,22,0,0,219119,44773
12-07-2013,FII,275604,170995,359511,632002,444815,725904,351865,218870,21185,16561,26778,25443,1843580,1425953
12-07-2013,Pro,26177,118485,152803,162706,249766,169949,244468,489057,44377,34042,105992,89726,677114,1210434
12-07-2013,TOTAL,469634,469634,1048168,1048168,1228505,1621292,1228505,1621292,254051,202647,254051,202647,4824297,4824297
15-07-2013,Client,156848,181237,524667,224880,369502,765282,657535,918587,191266,152311,119528,88890,2159876,2190657
15-07-2013,Pro,27785,114758,156265,168206,233306,166400,234715,497686,44141,34073,108576,89489,661970,1213430
15-07-2013,TOTAL,487354,487354,1060507,1060507,1231349,1636456,1231349,1636456,258285,204198,258285,204198,4878149,4878149
15-07-2013,DII,19200,5260,15557,38807,179527,4460,0,0,7,22,0,0,218773,44067
15-07-2013,FII,283521,186099,364018,628614,449014,700314,339099,220183,22871,17792,30181,25819,1837530,1429995
16-07-2013,Client,142575,166961,536279,210931,425360,682950,668247,928627,209898,146144,122722,86194,2143206,2183682
16-07-2013,DII,18349,7510,14344,41622,179647,2560,0,0,7,22,0,0,214929,49132
16-07-2013,FII,276250,188105,362214,645082,449298,761371,356873,210707,22564,19671,30203,27030,1891368,1458000
16-07-2013,Pro,29415,104013,162846,178048,231299,168345,260484,475892,41739,35848,121283,88461,669492,1228181
16-07-2013,TOTAL,466589,466589,1075683,1075683,1285604,1615226,1285604,1615226,274208,201685,274208,201685,4918995,4918995
17-07-2013,Client,147027,173716,539901,217962,485892,682326,694844,937570,219826,144375,126379,88772,2219347,2239243
17-07-2013,DII,18898,9110,13789,41918,179647,2900,0,0,27,22,0,0,215283,51028
17-07-2013,FII,287132,192209,364598,645593,445957,774936,359856,211727,26140,22989,31214,28501,1921752,1469100
17-07-2013,Pro,32886,110908,173318,186133,235373,186281,292169,497146,45048,39205,133448,89318,712111,1309122
17-07-2013,TOTAL,485943,485943,1091606,1091606,1346869,1646443,1346869,1646443,291041,206591,291041,206591,5068493,5068493
18-07-2013,Pro,37839,111067,185322,208968,243688,188245,269721,546086,51769,38651,133426,95303,745514,1364571
18-07-2013,DII,19146,10850,14388,48248,180478,2900,0,0,47,32,0,0,216991,59098
18-07-2013,TOTAL,509851,509851,1123007,1123007,1324129,1727585,1324129,1727585,296813,221006,296813,221006,5202391,5202391
18-07-2013,FII,300713,205860,373492,643703,468505,774101,347630,231496,27579,24487,35197,30669,1968877,1494555
18-07-2013,Client,152153,182074,549805,222088,431458,762339,706778,950003,217418,157836,128190,95034,2271009,2284167
19-07-2013,Client,145485,192641,569039,218054,471153,764422,726215,938672,224478,163704,132821,98480,2338281,2306883
19-07-2013,DII,17410,10850,14618,49775,181493,2900,0,0,47,48,0,0,216516,60625
19-07-2013,FII,316238,204732,368501,653760,472230,786467,356867,268713,29555,26451,34577,31155,1999442,1549804
19-07-2013,Pro,36757,107667,189233,219802,236706,169891,278500,516295,53575,40011,140257,100579,726173,1363100
19-07-2013,TOTAL,515890,515890,1141391,1141391,1361582,1723680,1361582,1723680,307655,230214,307655,230214,5280412,5280412
22-07-2013,Client,144030,212911,588694,222754,489720,798764,727116,938347,223522,163158,130172,97569,2407888,2328869
22-07-2013,DII,17542,11726,14624,50447,181521,2000,0,0,47,48,0,0,215782,62173
22-07-2013,FII,345853,210707,375408,664655,462701,777898,354518,277112,28767,25477,34281,30526,2016104,1571799
22-07-2013,Pro,34113,106194,195377,236247,233180,172393,285488,535596,53245,40685,141128,101273,728993,1405926
22-07-2013,TOTAL,541538,541538,1174103,1174103,1367122,1751055,1367122,1751055,305581,229368,305581,229368,5368767,5368767
23-07-2013,TOTAL,598320,598320,1201444,1201444,1341723,1796909,1341723,1796909,294947,228136,294947,228136,5461479,5461479
23-07-2013,Client,151318,247584,608743,236552,468793,830846,718609,931713,211903,164021,125240,96753,2435624,2356451
23-07-2013,FII,397476,228534,381895,673173,456725,794564,355515,272357,28836,25677,34561,29720,2085173,1593860
23-07-2013,DII,17334,10416,14628,50840,184872,2000,0,0,47,66,0,0,218947,61256
23-07-2013,Pro,32192,111786,196178,240879,231333,169499,267599,592839,54161,38372,135146,101663,721735,1449912
24-07-2013,Client,158121,274245,642868,241817,567146,709701,703039,940893,224540,155541,128550,94427,2457917,2382971
24-07-2013,DII,17006,8942,13527,53963,183765,1800,0,0,40,66,0,0,216204,62905
24-07-2013,FII,416038,231674,382356,696010,428860,829880,360907,235684,31950,27344,35077,30524,2116428,1589876
24-07-2013,Pro,35803,112107,189311,236272,209706,167320,325531,532124,52544,42125,145447,100125,696809,1451606
24-07-2013,TOTAL,626968,626968,1228062,1228062,1389477,1708701,1389477,1708701,309074,225076,309074,225076,5487358,5487358
25-07-2013,Pro,21411,104409,118918,170303,171205,138093,180132,237435,14096,12844,34122,20620,476567,747021
25-07-2013,TOTAL,452999,452999,981757,981757,939105,930317,939105,930317,71748,45507,71748,45507,3421433,3421433
25-07-2013,FII,303240,125016,288030,588246,336044,541973,301180,98581,4550,3950,3190,2906,1477787,1119119
25-07-2013,DII,14665,8452,10854,46392,191872,1300,0,0,0,44,0,0,218735,54844
25-07-2013,Client,113683,215122,563955,176816,239984,248951,457793,594301,53102,28669,34436,21981,1248344,1500449
26-07-2013,Client,130422,228555,581767,199187.5,293462,258834,504081,650969,74138,40684,48860,30993,1379307,1662645.5
26-07-2013,TOTAL,469229,469229,1016864.5,1016864.5,1022598,1017383,1022598,1017383,101387,66444,101387,66444,3693905.5,3693905.5
26-07-2013,DII,14922,8417,10951,49757,188872,1460,0,0,0,44,0,0,216249,58174
26-07-2013,Pro,22483,101816,128751.5,174780,185231,151356,207510,257297,18190,16357,46114,27935,522368.5,815452
26-07-2013,FII,301402,130441,295395,593140,355033,605733,311007,109117,9059,9359,6413,7516,1575981,1157634
29-07-2013,Pro,23632,102380,133405,181862,184102,157593,227342,260134,20999,18875,55159,32578,538606,859455
29-07-2013,DII,15303,8506,10914,49967,189985,1490,0,0,0,22,0,0,217714,58473
29-07-2013,TOTAL,470164,470164,1037214,1037214,1064684,1061169,1064684,1061169,120315,76441,120315,76441,3829987,3829987
29-07-2013,FII,299838,127806,296927,600473,359330,636993,322454,124908,10653,10596,7323,8039,1614337,1191003
29-07-2013,Client,131391,231472,595968,204912,331267,265093,514888,676127,88663,46948,57833,35824,1459330,1721056
30-07-2013,Client,141842,224998,602800,204942,429735,255620,567378,720818,106371,50206,66168,40321,1586574,1824625
30-07-2013,DII,14331,7686,10982,50459,189985,1630,0,0,0,22,0,0,216950,58145
30-07-2013,FII,274185,131645,304557,613609,364045,693411,329998,141162,12924,11721,9343,8805,1660843,1234562
30-07-2013,Pro,28062,94091,133986,183315,175307,192923,261696,281604,22421,22755,66205,35578,575454,922489
30-07-2013,TOTAL,458420,458420,1052325,1052325,1159072,1143584,1159072,1143584,141716,84704,141716,84704,4039821,4039821
31-07-2013,Client,150037,206798,591739,198072,476755,255139,563559,756813,121326,54309,73753,43288,1649305,1842283
31-07-2013,DII,16596,2847,11992,52337,189985,410,0,0,0,0,0,0,218983,55184
31-07-2013,FII,251625,148944,325370,634623,343063,758331,337367,142060,14211,12567,11149,8950,1705167,1283093
31-07-2013,Pro,30947,90616,139164,183233,174917,181451,283794,296458,27598,26915,78233,41553,580992,973887
31-07-2013,TOTAL,449205,449205,1068265,1068265,1184720,1195331,1184720,1195331,163135,93791,163135,93791,4154447,4154447
01-08-2013,FII,249912,146523,340387,632434,370108,796662,358591,157809,16740,14598,13303,12129,1788407,1320789
01-08-2013,TOTAL,451656,451656,1082607,1082607,1251512,1252060,1251512,1252060,184298,105312,184298,105312,4327445,4327445
01-08-2013,Client,159218,205077,588501,213997,494498,277254,601942,773096,135796,60139,80149,47182,1715406,1921443
01-08-2013,DII,19065,3176,11788,54536,191473,1285,0,0,0,0,0,0,223611,57712
01-08-2013,Pro,23461,96880,141931,181640,195433,176859,290979,321155,31762,30575,90846,46001,600021,1027501
02-08-2013,Client,165275,195713,577746,215776,546387,264338,621706,808906,147523,61521,84384,51023,1762790,1977508
02-08-2013,Pro,22915,92103,145155,179165,203761,186069,322131,332315,33509,34351,100482,48852,625760,1075048
02-08-2013,FII,226774,142966,355998,640992,384822,853284,381767,163812,18287,17751,14453,13748,1856916,1357738
02-08-2013,DII,19041,3223,11748,54714,190634,1342,0,0,0,0,0,0,222765,57937
02-08-2013,TOTAL,434005,434005,1090647,1090647,1325604,1305033,1325604,1305033,199319,113623,199319,113623,4468231,4468231
05-08-2013,FII,221591,150827,361381,641423,387793,842514,394042,163983,20410,24151,17499,15172,1857840,1382946
05-08-2013,TOTAL,429056,429056,1102423,1102423,1363649,1318736,1363649,1318736,210843,124939,210843,124939,4549646,4549646
05-08-2013,Pro,23153,91185,150747,191957,218423,190493,335608,336295,37756,34541,104325,56508,655113,1115878
05-08-2013,DII,19359,3223,12871,57203,190634,1342,0,0,0,0,0,0,224206,60426
05-08-2013,Client,164953,183821,577424,211840,566799,284387,633999,818458,152677,66247,89019,53259,1812487,1990396
06-08-2013,Client,180973,173708,565252,202248,669047,235462,660750,836688,164828,66114,92140,55206,1881676,2020740
06-08-2013,DII,19694,90,12607,55973,192176,30467,0,0,0,0,0,0,254944,56063
06-08-2013,FII,246933,197048,370331,653179,373911,910503,407342,194222,23140,26227,18949,16778,1951045,1487518
06-08-2013,Pro,25029,101783,151826,188616,218357,195076,385399,340598,36868,37985,113747,58342,665141,1188485
06-08-2013,TOTAL,472629,472629,1100016,1100016,1453491,1371508,1453491,1371508,224836,130326,224836,130326,4752806,4752806
07-08-2013,Pro,29676,103011,152516,190185,232533,224257,395547,376794,42027,38663,115439,66836,719672,1247812
07-08-2013,TOTAL,453058,453058,1105504,1105504,1503476,1420154,1503476,1420154,232704,144533,232704,144533,4859429,4859429
07-08-2013,FII,220279,189050,381035,662823,352722,915555,444507,187342,24204,27577,20263,18478,1921372,1522463
07-08-2013,DII,23520,90,13029,55644,192926,17336,0,0,0,0,0,0,246811,55734
07-08-2013,Client,179583,160907,558924,196852,725295,263006,663422,856018,166473,78293,97002,59219,1971574,2033420
08-08-2013,Client,175919,161307,558166,193813,731442,295321,659224,876233,175096,88868,102194,64811,2024812,2057582
08-08-2013,DII,24081,102,13433,55361,192984,19623,0,0,70,0,0,0,250191,55463
08-08-2013,FII,230008,184052,380406,675764,364195,908649,478029,187633,26179,28695,23366,19496,1938132,1568340
08-08-2013,Pro,30722,115269,156173,183240,244724,214653,396092,374380,44160,39395,119945,72651,729827,1261577
08-08-2013,TOTAL,460730,460730,1108178,1108178,1533345,1438246,1533345,1438246,245505,156958,245505,156958,4942962,4942962
12-08-2013,Client,166882,130825,520381,190921,725210,332722,690174,893994,190418,100795,109010,71964,2036408,2086888
12-08-2013,TOTAL,445827,445827,1078429,1078429,1542022,1484006,1542022,1484006,261550,170116,261550,170116,4981950,4981950
12-08-2013,DII,22290,710,14126,53462,192976,19515,0,0,59,32,0,0,248998,54172
12-08-2013,Pro,30167,130287,159384,166355,255092,225392,379032,400949,44093,39633,128457,78259,753761,1283339
12-08-2013,FII,226488,184005,384538,667691,368744,906377,472816,189063,26980,29656,24083,19893,1942783,1557551
13-08-2013,TOTAL,435235,435235,1082509,1082509,1507538,1482895,1507538,1482895,267239,177819,267239,177819,4953235,4953235
13-08-2013,Client,173846,126162,513907,206439,675482,402550,696484,920696,191974,108746,111982,75448,2066505,2137211
13-08-2013,FII,209566,177305,387967,656903,392987,864782,437931,184002,28243,30901,25605,20576,1914446,1502322
13-08-2013,DII,21268,2710,14857,52301,192944,19615,0,0,26,32,0,0,248742,55011
13-08-2013,Pro,30555,129058,165778,166866,246125,195948,373123,378197,46996,38140,129652,81795,723542,1258691
14-08-2013,Client,199479,135214,514439,235190,636465,451935,703215,935253,194914,113804,115207,77132,2111036,2201211
14-08-2013,DII,19123,2710,17101,51628,192957,19753,0,0,13,32,0,0,248979,54338
14-08-2013,FII,209667,201583,402605,644011,414027,853249,398605,188232,28534,32776,26977,21630,1940858,1481038
14-08-2013,Pro,32960,121722,162081,165397,230963,191361,372592,392813,47680,36635,128957,84485,701680,1265966
14-08-2013,TOTAL,461229,461229,1096226,1096226,1474412,1516298,1474412,1516298,271141,183247,271141,183247,5002553,5002553
16-08-2013,Pro,40884,137023,151414,168567,273018,222249,474110,447908,40870,44548,146927,79695,772983,1454230
16-08-2013,TOTAL,518770,518770,1111560,1111560,1652346,1576807,1652346,1576807,288122,174199,288122,174199,5321804,5321804
16-08-2013,FII,218098,245192,430790,644185,423446,978785,452766,204706,29701,31324,26732,23207,2112144,1596788
16-08-2013,DII,18048,1445,16692,49472,194085,20926,0,0,13,80,0,0,249844,50917
16-08-2013,Client,241740,135110,512664,249336,761797,354847,725470,924193,217538,98247,114463,71297,2186833,2219869
19-08-2013,DII,20748,245,17629,50137,194098,20826,0,0,13,48,0,0,253362,50382
19-08-2013,TOTAL,573341,573341,1148862,1148862,1798795,1555207,1798795,1555207,307749,176519,307749,176519,5560473,5560473
19-08-2013,Client,263789,134408,520201,259879,874043,370352,749083,918262,233331,95550,118989,72169,2357266,2252790
19-08-2013,FII,228755,300953,447376,648864,453623,940036,490852,205143,31609,32770,29982,25445,2134169,1701239
19-08-2013,Pro,60049,137735,163656,189982,277031,223993,558860,431802,42796,48151,158778,78905,815676,1556062
20-08-2013,Client,286901,141622,527830,286301,894865,420335,751922,935818,238463,99032,122212,74138,2467426,2312013
20-08-2013,FII,240981,317895,458204,635744,441084,980227,515159,235291,31697,33249,30633,26491,2185442,1761213
20-08-2013,Pro,70564,160721,181967,221123,314847,217585,577829,464492,45092,48235,162432,79887,878290,1666484
20-08-2013,TOTAL,620338,620338,1191832,1191832,1844910,1635601,1844910,1635601,315277,180516,315277,180516,5788474,5788474
20-08-2013,DII,21892,100,23831,48664,194114,17454,0,0,25,0,0,0,257316,48764
21-08-2013,Client,317390,150011,517942,323096,904775,414294,764773,902289,243611,94077,120474,72026,2492089,2332669
21-08-2013,DII,20924,100,26779,46550,194114,14967,0,0,47,0,0,0,256831,46650
21-08-2013,FII,281178,347641,489365,607973,461064,997006,551046,244967,31658,34928,31070,26561,2295199,1809258
21-08-2013,Pro,83125,204865,197099,253566,341446,219274,585580,498285,43644,48100,167416,78518,932688,1788230
21-08-2013,TOTAL,702617,702617,1231185,1231185,1901399,1645541,1901399,1645541,318960,177105,318960,177105,5976807,5976807
22-08-2013,FII,95810,184103,200472,293255,368166,232546,585523,528955,47394,47887,165122,82945,992275,1839903
22-08-2013,Client,20226,201,28229,49179,194114,12016,0,0,72,0,0,0,254657,49380
22-08-2013,TOTAL,,,,,,,,,,,,,,
22-08-2013,DII,278895,374461,504971,607188,467522,1029801,550844,283494,34121,34092,33887,27387,2349402,1877261
22-08-2013,Pro,710141,710141,1278559,1278559,1901666,1764610,1901666,1764610,321490,184504,321490,184504,6160970,6160970
23-08-2013,Client,325235,153304,540206,351219,817845,566999,782133,976634,238005,109872,125496,76514,2598162,2465300
23-08-2013,DII,20011,201,29709,48865,195315,12071,0,0,70,0,0,0,257176,49066
23-08-2013,FII,261587,381522,526140,595905,523223,1002205,545845,294845,35665,34480,35994,28707,2383300,1882818
23-08-2013,Pro,107042,178848,211857,311923,384854,228462,593259,538258,48745,45474,160995,84605,1026434,1867888
23-08-2013,TOTAL,713875,713875,1307912,1307912,1921237,1809737,1921237,1809737,322485,189826,322485,189826,6265072,6265072
26-08-2013,TOTAL,728620,728620,1324845,1324845,1933156,1793704,1933156,1793704,325749,194794,325749,194794,6300868,6300868
26-08-2013,FII,256549,412529,540420,589331,533874,947489,536692,298658,34648,35043,36405,28161,2348023,1901776
26-08-2013,DII,19191,0,28316,47960,195349,1187,0,0,65,0,0,0,244108,47960
26-08-2013,Client,342431,154580,542073,366899,873732,602030,806458,964591,241376,114935,128497,78208,2716577,2499233
26-08-2013,Pro,110449,161511,214036,320655,330201,242998,590006,530455,49660,44816,160847,88425,992160,1851899
27-08-2013,Client,360050,150323,542512,380204,973092,484635,806302,917663,261649,106230,129735,77837,2728168,2462064
27-08-2013,TOTAL,750989,750989,1346475,1346475,2039614,1745256,2039614,1745256,343750,190328,343750,190328,6416412,6416412
27-08-2013,DII,20772,7,30610,48964,195352,12600,0,0,45,60,0,0,259439,48971
27-08-2013,Pro,108611,162742,206990,319137,332054,275353,685476,506821,47032,49146,177149,83950,1019186,1935275
27-08-2013,FII,261556,437917,566363,598170,539116,972668,547836,320772,35024,34892,36866,28541,2409619,1970102
28-08-2013,FII,272139,462578,611358,602450,548080,1021043,576656,334578,36452,36347,36482,28205,2525419,2040949
28-08-2013,Pro,111094,148990,197210,328100,344634,272026,704465,538235,52823,51616,188655,92116,1029403,2000561
28-08-2013,TOTAL,772563,772563,1379371,1379371,2072698,1815778,2072698,1815778,355114,196228,355114,196228,6591752,6591752
28-08-2013,Client,374676,160578,542056,399304,984632,502189,791577,942965,265794,108245,129977,75907,2777592,2500308
28-08-2013,DII,14654,417,28747,49517,195352,20520,0,0,45,20,0,0,259338,49934
29-08-2013,TOTAL,412925,412925,1002766,1002766,996631,1154920,996631,1154920,69481,44674,69481,44674,3681397,3681397
29-08-2013,Pro,43466,99124,112683,195077,211912,195175,253431,354000,13105,9282,37620,25431,585623,964683
29-08-2013,FII,169423,177676,400352,537958,307920,684287,335831,171296,3351,1366,1958,2004,1566699,1226723
29-08-2013,DII,14396,140,20645,51250,193539,19663,0,0,0,0,0,0,248243,51390
29-08-2013,Client,185640,135985,469086,218481,283260,255795,407369,629624,53025,34026,29903,17239,1280832,1438601
30-08-2013,Client,227753,156934,484973,273918,323496,327385,471841,698126,71146,46770,41431,24334,1481523,1666584
30-08-2013,TOTAL,470572,470572,1081056,1081056,1081981,1315215,1081981,1315215,96152,64348,96152,64348,4109324,4109324
30-08-2013,DII,11297,145,33251,53119,193569,19783,0,0,0,0,0,0,257900,53264
30-08-2013,Pro,47210,115340,124674,196946,230497,228245,266095,413724,18663,12372,49527,34885,661661,1076517
30-08-2013,FII,184312,198153,438158,557073,334419,739802,344045,203365,6343,5206,5194,5129,1708240,1312959
02-09-2013,Client,240605,161261,487741,285606,323724,401162,502916,741534,79126,57625,50410,28554,1589983,1770281
02-09-2013,DII,10452,2040,33824,52871,193609,20523,0,0,24,0,0,0,258432,54911
02-09-2013,FII,185831,200737,455283,557065,386182,757001,363423,231325,7776,7016,7440,6524,1799089,1366514
02-09-2013,Pro,50651,123501,127432,208738,241759,233022,278935,438849,26554,13275,55630,42838,692693,1148491
02-09-2013,TOTAL,487539,487539,1104280,1104280,1145274,1411708,1145274,1411708,113480,77916,113480,77916,4340197,4340197
03-09-2013,TOTAL,503588,503588,1122508,1122508,1207358,1442037,1207358,1442037,129995,82815,129995,82815,4488301,4488301
03-09-2013,Client,264938,146271,491176,300868,379486,356485,530495,743623,96136,57455,56138,33564,1645676,1810959
03-09-2013,FII,168286,251700,472391,570999,422872,781534,363648,258123,9954,8131,8589,7926,1863168,1460985
03-09-2013,DII,10804,2095,32843,52790,193649,28860,0,0,24,0,0,0,266180,54885
03-09-2013,Pro,59560,103522,126098,197851,211351,275158,313215,440291,23881,17229,65268,41325,713277,1161472
04-09-2013,Client,261871,154880,500123,311168,372817,424871,534188,790444,100891,66983,63682,37246,1727556,1891608
04-09-2013,DII,10832,1762,32484,53238,193609,36579,0,0,24,0,0,0,273528,55000
04-09-2013,FII,166052,225202,488007,576573,444941,807903,388735,286013,11039,10024,9472,9102,1927966,1495097
04-09-2013,Pro,61264,118175,130067,209702,237779,288358,326223,481254,27531,17041,66331,47700,762040,1249385
04-09-2013,TOTAL,500019,500019,1150681,1150681,1249146,1557711,1249146,1557711,139485,94048,139485,94048,4691090,4691090
05-09-2013,TOTAL,487643,487643,1140582,1140582,1268965,1576808,1268965,1576808,140893,107783,140893,107783,4722674,4722674
05-09-2013,FII,169741,183516,487744,554066,467714,785131,399655,315223,10937,10703,10820,9860,1931970,1473140
05-09-2013,Client,248487,164598,492528,312502,336653,505960,553761,778490,93777,78910,65492,41020,1756315,1915863
05-09-2013,Pro,59351,135927,129806,221074,270489,249014,315549,483095,36155,18170,64581,56903,762985,1277129
05-09-2013,DII,10064,3602,30504,52940,194109,36703,0,0,24,0,0,0,271404,56542
06-09-2013,Client,239945,183689,471925,316602,312945,601682,566832,787202,94002,88166,70537,43554,1808665,1968416
06-09-2013,DII,9756,3602,29623,52054,194672,38133,0,0,19,0,0,0,272203,55656
06-09-2013,FII,194266,170175,505532,539867,485248,779246,405619,344667,13288,11769,13077,11451,1989349,1484856
06-09-2013,Pro,56932,143433,130327,228884,294712,231247,315126,518439,41915,20163,65610,65093,775296,1336585
06-09-2013,TOTAL,500899,500899,1137407,1137407,1287577,1650308,1287577,1650308,149224,120098,149224,120098,4845513,4845513
10-09-2013,Pro,48831,166568,133131,227550,310200,212738,324846,547490,47696,19911,68004,74534,772507,1408992
10-09-2013,TOTAL,553135,553135,1128318,1128318,1336226,1788372,1336226,1788372,155817,134612,155817,134612,5096480,5096480
10-09-2013,FII,281364,155413,502879,540592,519798,808901,423398,435053,14061,13945,14407,13285,2140948,1582148
10-09-2013,DII,6862,5977,27759,52413,195173,39476,0,0,29,0,0,0,269299,58390
10-09-2013,Client,216078,225177,464549,307763,311055,727257,587982,805829,94031,100756,73406,46793,1913726,2046950
11-09-2013,Client,205983,221448,474077,298775,350281,723566,589204,806811,101154,106943,77553,50394,1962004,2044185
11-09-2013,TOTAL,546444,546444,1129979,1129979,1363672,1809771,1363672,1809771,167285,143634,167285,143634,5160785,5160785
11-09-2013,DII,5667,6977,27424,52394,195173,41031,0,0,39,0,0,0,269334,59371
11-09-2013,Pro,47263,146977,135492,235227,294493,197878,324047,544683,51047,21804,74100,79276,747977,1404310
11-09-2013,FII,287531,171042,492986,543583,523725,847296,450421,458277,15045,14887,15632,13964,2181470,1652919
12-09-2013,FII,293038,188890,490104,551835,519630,883787,475666,491189,16750,15240,17132,13836,2218549,1738548
12-09-2013,DII,5433,6992,24747,51705,195273,41285,0,0,29,0,0,0,266767,58697
12-09-2013,TOTAL,545461,545461,1124465,1124465,1401286,1834143,1401286,1834143,181663,147054,181663,147054,5234072,5234072
12-09-2013,Pro,48215,141958,140617,227682,281021,201925,326226,527367,47987,24241,80701,79277,744006,1383211
12-09-2013,Client,198775,207621,468997,293243,405362,707146,599394,815587,116897,107573,83830,53941,2004750,2053616
13-09-2013,FII,273594,169358,489688,557456,527176,904052,479331,491725,16986,15809,17571,13969,2227305,1729410
13-09-2013,DII,5448,7000,22228,51615,195273,41229,0,0,29,0,0,0,264207,58615
13-09-2013,TOTAL,520258,520258,1131122,1131122,1418587,1877360,1418587,1877360,186809,153174,186809,153174,5287310,5287310
13-09-2013,Client,192059,203804,473523,284821,421962,716696,614169,844443,120963,113064,87972,55869,2038267,2091078
13-09-2013,Pro,49157,140096,145683,237230,274176,215383,325087,541192,48831,24301,81266,83336,757531,1408207
16-09-2013,Client,184000,198300,470088,274837,455045,698752,631783,806805,128173,114466,91816,58466,2050524,2062007
16-09-2013,Pro,44496,134500,148854,238182,259707,217971,316683,565160,48830,26292,84313,84597,746150,1423435
16-09-2013,FII,278605,175033,481285,555199,516525,899637,479034,485624,17454,16583,18352,14278,2210089,1727520
16-09-2013,DII,7152,6420,21114,53123,196223,41229,0,0,24,0,0,0,265742,59543
16-09-2013,TOTAL,514253,514253,1121341,1121341,1427500,1857589,1427500,1857589,194481,157341,194481,157341,5272505,5272505
17-09-2013,Client,173687,203288,474518,270289,475326,738968,638366,833366,133845,118413,95289,60437,2114757,2101035
17-09-2013,Pro,41185,136194,151810,239805,262629,224665,317788,577383,48181,25775,85931,85813,754245,1442914
17-09-2013,DII,7317,6411,19198,52272,196223,42071,0,0,24,0,0,0,264833,58683
17-09-2013,FII,278217,154513,473939,557099,513626,900512,491650,495467,18047,16874,18877,14812,2201215,1732418
17-09-2013,TOTAL,500406,500406,1119465,1119465,1447804,1906216,1447804,1906216,200097,161062,200097,161062,5335050,5335050
18-09-2013,Client,161441,207147,476979,258540,520645,795659,657044,850752,135187,125736,96253,61785,2215647,2131521
18-09-2013,DII,7173,7614,19700,51588,196223,42269,0,0,14,0,0,0,265379,59202
18-09-2013,FII,290500,162111,467983,570061,507360,889119,499440,514029,17702,16860,19277,15760,2189524,1780678
18-09-2013,Pro,47852,130094,155265,239738,276928,230741,344672,593007,49749,24827,87122,89878,785362,1484511
18-09-2013,TOTAL,506966,506966,1119927,1119927,1501156,1957788,1501156,1957788,202652,167423,202652,167423,5455912,5455912
19-09-2013,Pro,37827,133525,157338,243827,303528,220958,353133,695510,54231,26829,84241,99450,800711,1609686
19-09-2013,TOTAL,541772,541772,1103852,1103852,1485299,2038721,1485299,2038721,198030,181424,198030,181424,5549098,5549098
19-09-2013,FII,370852,142661,443298,582760,540007,910050,495302,539979,18532,18454,20360,19586,2301193,1800648
19-09-2013,DII,7344,10710,20894,51428,196223,42269,0,0,54,0,0,0,266784,62138
19-09-2013,Client,125749,254876,482322,225837,445541,865444,636864,803232,125213,136141,93429,62388,2180410,2076626
20-09-2013,Client,88470,246772,483561,196779,434823,792490,651499,785828,139908,132688,96985,63070,2071940,2040933
20-09-2013,TOTAL,516683,516683,1078219,1078219,1477670,1999182,1477670,1999182,212899,180197,212899,180197,5464850,5464850
20-09-2013,DII,10521,6320,19474,51229,196123,55461,0,0,54,0,0,0,281633,57549
20-09-2013,Pro,35242,122405,155616,235370,283986,215867,350840,682325,53126,28849,93422,98137,772686,1582499
20-09-2013,FII,382450,141186,419568,594841,562738,935364,475331,531029,19811,18660,22492,18990,2338591,1783869
23-09-2013,Client,95508,244808,505709,197776,563465,716811,688967,797065,163084,126516,101090,63996,2171093,2093702
23-09-2013,DII,5831,1410,18862,50545,196173,70697,0,0,34,0,0,0,291597,51955
23-09-2013,FII,419013,182133,418970,624312,541363,1019954,504927,561350,19156,19157,22536,19043,2437613,1914301
23-09-2013,Pro,38204,130205,167955,238863,284852,225935,391959,674982,48793,30877,107441,93511,796616,1636961
23-09-2013,TOTAL,558556,558556,1111496,1111496,1585853,2033397,1585853,2033397,231067,176550,231067,176550,5696919,5696919
24-09-2013,FII,464264,199635,424906,650005,536305,1024574,513781,579180,18132,19080,22354,19231,2487261,1984186
24-09-2013,Pro,38269,133624,169775,243261,277754,227154,398590,688182,49766,32202,111986,97908,794920,1673551
24-09-2013,DII,5856,1154,18333,52373,196173,69943,0,0,34,4,0,0,290343,53527
24-09-2013,Client,108341,282317,540187,207562,610240,743916,708101,798225,169216,131496,102808,65643,2303396,2164656
24-09-2013,TOTAL,616730,616730,1153201,1153201,1620472,2065587,1620472,2065587,237148,182782,237148,182782,5875920,5875920
25-09-2013,FII,467226,207943,419069,655629,522196,1025528,503239,572865,20130,19482,25001,18253,2473631,1982930
25-09-2013,Pro,42888,132739,160961,235166,267544,207648,439271,662292,51577,35360,116541,98599,765978,1684608
25-09-2013,TOTAL,629581,629581,1161752,1161752,1665181,2029386,1665181,2029386,245657,184282,245657,184282,5915839,5915839
25-09-2013,Client,113216,288174,563956,216908,679268,726067,722671,794229,173916,129436,104115,67430,2385859,2193527
25-09-2013,DII,6251,725,17766,54049,196173,70143,0,0,34,4,0,0,290371,54774
26-09-2013,Pro,12716,122511,109284,153014,204464,133820,211311,250917,14237,10677,23497,18610,485198,779860
26-09-2013,DII,6050,331,7528,47361,195813,56825,0,0,0,0,0,0,266216,47692
26-09-2013,TOTAL,439473,439473,895405,895405,970909,980941,970909,980941,59465,38274,59465,38274,3384467,3384467
26-09-2013,FII,343360,103188,345325,520526,338525,499507,303722,252777,2963,2618,3248,1124,1532298,1184585
26-09-2013,Client,77347,213443,433268,174504,232107,290789,455876,477247,42265,24979,32720,18540,1100755,1372330
27-09-2013,Client,86298,210181,451567,187728,271899,319562,476635,526873,60563,35036,47539,26231,1224925,1475187
27-09-2013,FII,339929,108625,351792,529415,351159,518453,310568,256362,5584,5938,7973,4508,1572855,1217451
27-09-2013,TOTAL,444031,444031,923389,923389,1015516,1042974,1015516,1042974,87063,55395,87063,55395,3568368,3568368
27-09-2013,Pro,11733,124894,111924,158162,196560,148134,228313,259739,20916,14421,31551,24656,503688,827315
27-09-2013,DII,6071,331,8106,48084,195898,56825,0,0,0,0,0,0,266900,48415
30-09-2013,TOTAL,437480,437480,937967,937967,1074788,1080297,1074788,1080297,106240,66508,106240,66508,3703280,3703280
30-09-2013,Pro,15258,121768,114113,163953,207190,155351,247411,267072,23187,18143,40894,28001,533242,869099
30-09-2013,FII,314712,114697,359067,531950,356827,562593,324589,258578,6392,7228,9705,6268,1606819,1245787
30-09-2013,DII,6647,331,8179,48639,196023,57350,0,0,0,0,0,0,268199,48970
30-09-2013,Client,100863,200684,456608,193425,314748,305003,502788,554647,76661,41137,55641,32239,1295020,1539424
01-10-2013,Pro,16121,114830,119841,165317,229810,163632,266065,284085,26922,20009,45815,31011,576335,907123
01-10-2013,TOTAL,432121,432121,953163,953163,1126404,1171097,1126404,1171097,120020,75765,120020,75765,3878570,3878570
01-10-2013,DII,13343,331,8051,48964,196023,47928,0,0,0,0,0,0,265345,49295
01-10-2013,FII,300743,112961,361010,535717,375371,593201,349854,285157,9156,7974,13169,7191,1647455,1304049
01-10-2013,Client,101914,203999,464261,203165,325200,366336,510485,601855,83942,47782,61036,37563,1389435,1618103
03-10-2013,Client,117923,226663,478992,211596,306787,433392,521568,632235,87932,56242,67426,41995,1481268,1701483
03-10-2013,DII,11881,75,7956,48637,197537,46988,0,0,0,0,0,0,264362,48712
03-10-2013,FII,308833,112628,360714,543519,401473,607481,362943,296141,10859,9834,14492,8336,1699194,1338059
03-10-2013,Pro,20717,119988,127116,171026,246661,164342,267947,323827,31519,20280,48392,36025,610635,967205
03-10-2013,TOTAL,459354,459354,974778,974778,1152458,1252203,1152458,1252203,130310,86356,130310,86356,4055459,4055459
04-10-2013,FII,320064,113295,366064,551108,423995,618881,372823,298321,11715,11102,16939,9590,1751821,1362076
04-10-2013,Pro,17720,121619,129476,167600,245354,165494,271492,335069,34090,23072,51856,39427,615206,987063
04-10-2013,Client,114935,229138,480659,217060,319978,449717,542550,648600,95392,61923,72402,47080,1522604,1756830
04-10-2013,DII,11508,175,8044,48475,197538,47898,0,0,0,0,0,0,264988,48650
04-10-2013,TOTAL,464227,464227,984243,984243,1186865,1281990,1186865,1281990,141197,96097,141197,96097,4154619,4154619
07-10-2013,Client,110799,219157,482147,220675,340827,475644,552506,674135,107725,68422,79092,52532,1585564,1798097
07-10-2013,DII,13761,230,8522,48749,198638,47073,0,0,20,0,0,0,268014,48979
07-10-2013,FII,296511,99348,365065,554786,446270,621767,402572,309329,12684,11633,19519,11484,1753930,1397038
07-10-2013,Pro,16591,118927,131395,162919,250434,174547,281091,335567,37086,24665,58904,40704,634718,998112
07-10-2013,TOTAL,437662,437662,987129,987129,1236169,1319031,1236169,1319031,157515,104720,157515,104720,4242226,4242226
08-10-2013,Client,114871,215036,479742,219774,358791,485143,571279,672873,117472,73092,84539,56279,1629111,1819780
08-10-2013,FII,288748,96780,368910,559326,457153,637658,403310,341453,14294,13798,21799,14095,1780561,1436763
08-10-2013,TOTAL,429592,429592,989271,989271,1254252,1346266,1254252,1346266,168600,113560,168600,113560,4301541,4301541
08-10-2013,Pro,17442,117117,131720,160540,239177,176392,279663,331940,36814,26670,62262,43186,628215,994708
08-10-2013,DII,8531,659,8899,49631,199131,47073,0,0,20,0,0,0,263654,50290
10-10-2013,FII,320274,93421,373595,585588,484247,664913,429809,370293,16962,16911,27825,13440,1876902,1520376
10-10-2013,TOTAL,466147,466147,1023430,1023430,1305515,1441445,1305515,1441445,211736,162331,211736,162331,4610604,4610604
10-10-2013,DII,7412,1953,9467,49711,199454,47373,0,0,25,0,0,0,263731,51664
10-10-2013,Pro,21598,122574,132118,168086,254784,182024,284103,367455,50355,34257,75729,68965,675136,1086912
10-10-2013,Client,116863,248199,508250,220045,367030,547135,591603,703697,144394,111163,108182,79926,1794835,1951652
11-10-2013,Client,111429,276328,517586,223461,365590,611928,637738,690391,142886,115810,100628,66273,1865229,1994819
11-10-2013,DII,6530,3403,9292,48445,199454,47413,0,0,0,0,0,0,262689,51848
11-10-2013,FII,355294,94176,376741,593501,495427,630472,407455,387096,14591,17819,28731,15312,1890344,1526271
11-10-2013,Pro,24108,123454,134472,172684,267347,159709,282625,372035,45961,25889,74079,77933,657486,1102810
11-10-2013,TOTAL,497361,497361,1038091,1038091,1327818,1449522,1327818,1449522,203438,159518,203438,159518,4675748,4675748
14-10-2013,Client,107799,286652,526012,227154,379705,669168,652481,699192,154027,125102,108431,71387,1961813,2045297
14-10-2013,FII,369556,84899,376215,600988,493746,623128,417811,410988,16317,19014,30419,17213,1897976,1562318
14-10-2013,TOTAL,507712,507712,1050094,1050094,1351477,1507716,1351477,1507716,218392,170882,218392,170882,4806273,4806273
14-10-2013,Pro,23935,132158,137450,173568,278572,167987,281185,397536,48048,26766,79542,82282,682758,1146271
14-10-2013,DII,6422,4003,10417,48384,199454,47433,0,0,0,0,0,0,263726,52387
15-10-2013,FII,398176,88115,373659.4,609752.4,482951,652975,414710,421260,16301,19873,32064,19481,1943935.4,1585382.4
15-10-2013,Pro,17929,149442,138614,163893.2,292108,187674,283554,430346,48057,29437,82049,83764,713819,1193048.2
15-10-2013,Client,100054,280853,518608,219515.4,401031,654506,677280,691052,159356,124053,109633,70118,1957608,2048451.4
15-10-2013,TOTAL,522349,522349,1041059.4,1041059.4,1375544,1542658,1375544,1542658,223746,173363,223746,173363,4878719.4,4878719.4
15-10-2013,DII,6190,3939,10178,47898.4,199454,47503,0,0,32,0,0,0,263357,51837.4
17-10-2013,Client,97725,285020,524449,222152,422376,677224,670530,687676,174626,124869,114206,70911,2021269,2050495
17-10-2013,DII,6291,3031,9841,47802,200961,47433,0,0,2420,10,0,0,266956,50833
17-10-2013,FII,409859,94743,370217,613628,484067,636824,421662,449314,16903,20243,33527,19812,1938113,1632686
17-10-2013,Pro,15822,146903,145187,166112,258453,207841,273665,432332,46467,30054,92683,84453,703824,1196148
17-10-2013,TOTAL,529697,529697,1049694,1049694,1365857,1569322,1365857,1569322,240416,175176,240416,175176,4930162,4930162
18-10-2013,Pro,22938,145003,149370,173775,277048,195660,267203,481537,52549,29901,85398,93986,727466,1246902
18-10-2013,TOTAL,542966,542966,1060493,1060493,1341202,1664560,1341202,1664560,232056,187054,232056,187054,5028331,5028331
18-10-2013,FII,408698,71019,369248,615447,455374,633172,400492,462719,16335,19969,33390,21326,1902796,1604393
18-10-2013,DII,6288,4519,10120,47611,200961,47373,0,0,2420,10,0,0,267172,52130
18-10-2013,Client,105042,322425,531755,223660,407819,788355,673507,720304,160752,137174,113268,71742,2130897,2124906
21-10-2013,Client,101672,319622,538150,224994,423194,835042,666464,746878,164891,143182,115324,74109,2206131,2147391
21-10-2013,FII,414785,71711,366310,623938,441250,619728,404077,453862,17941,21187,35108,21697,1881201,1610393
21-10-2013,TOTAL,542551,542551,1076121,1076121,1346534,1692370,1346534,1692370,240713,194018,240713,194018,5092307,5092307
21-10-2013,Pro,24783,146518,157058,178685,281144,189187,275993,491630,55438,29639,90281,98212,737249,1281319
21-10-2013,DII,1311,4700,14603,48504,200946,48413,0,0,2443,10,0,0,267726,53204
22-10-2013,DII,1311,4420,19393,49471,200946,24062,0,0,2443,10,0,0,248165,53891
22-10-2013,FII,423451,77351,366236,633783,435810,637120,420519,469812,19886,21588,37138,22271,1904091,1660874
22-10-2013,Pro,27145,149251,161571,183572,285675,191070,269941,487964,57272,31142,96835,101491,753875,1289054
22-10-2013,Client,104475,325360,546344,226718,441421,861580,673392,756056,172925,148285,118553,77263,2275030,2177342
22-10-2013,TOTAL,556382,556382,1093544,1093544,1363852,1713832,1363852,1713832,252526,201025,252526,201025,5181161,5181161
23-10-2013,Client,104833,316664,540760,226043,487924,804940,666867,761507,181469,144249,118381,78132,2264175,2167594
23-10-2013,DII,1128,3912,18721,49330,201046,23660,0,0,2443,10,0,0,247008,53242
23-10-2013,FII,429612,84201,370205,640542,424114,722774,461824,470030,20629,22782,39149,23358,1990116,1719104
23-10-2013,Pro,22896,153692,167293,181064,278775,200768,263168,520605,55132,32372,102143,97923,757236,1318595
23-10-2013,TOTAL,558469,558469,1096979,1096979,1391859,1752142,1391859,1752142,259673,199413,259673,199413,5258535,5258535
24-10-2013,Client,110156,317156,542361,227186,506594,802540,670668,749106,187510,142592,118556,77646,2291753,2160318
24-10-2013,FII,435429,92320,371411,648924,417126,729272,468877,473772,21451,23033,39946,22803,1997722,1746642
24-10-2013,TOTAL,573178,573178,1106631,1106631,1417652,1734848,1417652,1734848,266689,198181,266689,198181,5297179,5297179
24-10-2013,Pro,26490,159790,173104,181347,292106,198251,278107,511970,54085,32546,108187,97732,776582,1337133
24-10-2013,DII,1103,3912,19755,49174,201826,4785,0,0,3643,10,0,0,231122,53086
25-10-2013,Pro,37063,159779,188828,187267,283267,194449,289189,507773,52705,32984,112924,96693,789296,1353625
25-10-2013,DII,1072,3912,19383,49048,201826,6685,0,0,3643,10,0,0,232619,52960
25-10-2013,Client,111867,320911,546115,229877,547007,804812,661227,768124,196943,142759,120214,79007,2349503,2179360
25-10-2013,TOTAL,586199,586199,1120390,1120390,1454275,1738684,1454275,1738684,274192,198404,274192,198404,5372144,5372144
25-10-2013,FII,436197,101597,366064,654198,422175,732738,503859,462787,20901,22651,41054,22704,2000726,1786199
28-10-2013,FII,441977,103943,375393,676983,401415,747424,510852,472028,20661,21392,40616,22939,2008262,1827361
28-10-2013,TOTAL,603225,603225,1158462,1158462,1485571,1741528,1485571,1741528,279490,195014,279490,195014,5463290,5463290
28-10-2013,Client,108791,329016,558371,230572,601609,785218,658302,772425,207055,139553,120168,78644,2400597,2189127
28-10-2013,DII,867,2171,19015,49718,201826,8797,0,0,1263,10,0,0,231778,51889
28-10-2013,Pro,51590,168095,205683,201189,280721,200089,316417,497075,50511,34059,118706,93431,822653,1394913
29-10-2013,DII,819,875,19385,49714,201821,8797,0,0,1263,10,0,0,232095,50589
29-10-2013,Client,139518,389150,601562,255501,537295,973645,664499,791408,191742,150705,117880,77985,2594467,2296423
29-10-2013,FII,507032,134239,384137,690914,423235,737611,515376,519600,19891,21788,39879,24404,2093694,1924412
29-10-2013,TOTAL,703669,703669,1212912,1212912,1455435,1891819,1455435,1891819,270365,206180,270365,206180,5740380,5740380
29-10-2013,Pro,56300,179405,207828,216783,293084,171766,275560,580811,57469,33677,112606,103791,820124,1468956
30-10-2013,Client,143096,404091,612368,265035,538509,1041166,694007,805898,193171,155004,118296,79316,2683314,2366643
30-10-2013,DII,689,850,18888,50282,201821,8797,0,0,1263,10,0,0,231468,51132
30-10-2013,FII,524026,145232,392606,700717,433894,721725,471000,544209,19400,21300,39072,24160,2112951,1924390
30-10-2013,Pro,55114,172752,204639,212467,288834,163643,298051,585224,56891,34610,113357,107448,803731,1489299
30-10-2013,TOTAL,722925,722925,1228501,1228501,1463058,1935331,1463058,1935331,270725,210924,270725,210924,5831464,5831464
31-10-2013,Pro,18205,150522,135170,123621,215910,105159,164828,252321,15520,10348,23722,16794,500312,731808
31-10-2013,TOTAL,563436,563436,1025079,1025079,931336,932968,931336,932968,64583,36866,64583,36866,3554268,3554268
31-10-2013,FII,447012,55215,336706,639823,270656,422766,328978,202739,3661,1334,2631,31,1482135,1229417
31-10-2013,DII,10221,490,6625,49546,202371,4222,0,0,1200,0,0,0,224639,50036
31-10-2013,Client,87998,357209,546578,212089,242399,400821,437530,477908,44202,25184,38230,20041,1347182,1543007
01-11-2013,Client,80186,364947,558089,219394,265798,479995,484990,526627,66317,36711,55425,27997,1487096,1679380
01-11-2013,DII,10296,490,7729,51282,202371,4222,0,0,1200,0,0,0,225818,51772
01-11-2013,FII,458989,51572,351033,642026,295769,469587,343781,235914,12183,4791,8594,2670,1592352,1284557
01-11-2013,Pro,21795,154257,143386,147535,249162,130279,184329,321542,23031,14650,38712,25485,582303,871860
01-11-2013,TOTAL,571266,571266,1060237,1060237,1013100,1084083,1013100,1084083,102731,56152,102731,56152,3887569,3887569
03-11-2013,Client,82100,367532,559425,222749,271282,496048,486467,537979,69773,38369,58106,29233,1516997,1702066
03-11-2013,FII,458519,51341,351392,641843,296209,470285,343281,236612,12183,4791,8594,2670,1593379,1284341
03-11-2013,TOTAL,572965,572965,1061310,1061310,1020671,1101103,1020671,1101103,106803,58034,106803,58034,3920886,3920886
03-11-2013,Pro,22050,153602,142764,145436,250809,130548,190923,326512,23647,14874,40103,26131,584692,882707
03-11-2013,DII,10296,490,7729,51282,202371,4222,0,0,1200,0,0,0,225818,51772
05-11-2013,TOTAL,563049,563049,1084431,1084431,1052493,1132237,1052493,1132237,129543,68789,129543,68789,4030542,4030542
05-11-2013,FII,446670,63498,355871,652884,310564,490440,349185,254989,14593,6567,11370,3428,1624705,1335354
05-11-2013,Pro,22191,146404,147798,161659,237637,133064,195882,306865,26307,18430,51187,29594,585427,891591
05-11-2013,DII,13429,390,8348,51863,202390,4222,0,0,1208,0,0,0,229597,52253
05-11-2013,Client,80759,352757,572414,218025,301902,504511,507426,570383,87435,43792,66986,35767,1590813,1751344
06-11-2013,Client,82498,334123,575890,212650,335082,485215,506217,591144,104032,46042,73790,40503,1628759,1758427
06-11-2013,DII,13286,387,8186,52719,203491,6265,0,0,1208,0,0,0,232436,53106
06-11-2013,FII,430485,77649,352688,662796,313169,511573,353088,260013,14500,8379,12479,3630,1630794,1369655
06-11-2013,Pro,19971,134081,147093,155692,218713,153159,211150,305055,25650,20393,59121,30681,584979,895780
06-11-2013,TOTAL,546240,546240,1083857,1083857,1070455,1156212,1070455,1156212,145390,74814,145390,74814,4076968,4076968
07-11-2013,DII,11826,154,9557,53256,204220,6183,0,0,1208,0,0,0,232994,53410
07-11-2013,Client,79904,330520,577578,211792,360259,475582,517252,613631,122235,48813,82313,46080,1664371,1801588
07-11-2013,TOTAL,534308,534308,1095031,1095031,1124509,1174777,1124509,1174777,166124,81753,166124,81753,4176502,4176502
07-11-2013,FII,423521,70400,357604,670495,323225,537923,378753,258242,15264,9545,13766,4848,1667082,1396504
07-11-2013,Pro,19057,133234,150292,159488,236805,155089,228504,302904,27417,23395,70045,30825,612055,925000
08-11-2013,Client,82316,316037,603300,219764,409202,432352,507923,627121,139799,54820,90444,51067,1721789,1812356
08-11-2013,DII,12769,154,9608,54642,203740,8161,0,0,1246,0,0,0,235524,54796
08-11-2013,FII,407563,90274,359254,686660,319443,568932,394730,246170,15409,11026,14565,5135,1681627,1437534
08-11-2013,Pro,21086,117269,157221,168317,214557,158234,244289,294388,28865,25746,80310,35390,605709,939963
08-11-2013,TOTAL,523734,523734,1129383,1129383,1146942,1167679,1146942,1167679,185319,91592,185319,91592,4244649,4244649
11-11-2013,Pro,22427,112351,161179,174376,218396,177321,264595,301604,28696,27853,93790,36096,635872,982812
11-11-2013,DII,15068,171,10014,55468,203740,7066,0,0,1236,0,0,0,237124,55639
11-11-2013,Client,89457,314449,618349,222236,472079,414473,542914,648163,161489,57915,98220,54970,1813762,1880952
11-11-2013,TOTAL,512570,512570,1148213,1148213,1214652,1194028,1214652,1194028,208101,97406,208101,97406,4374970,4374970
11-11-2013,FII,385618,85599,358671,696133,320437,595168,407143,244261,16680,11638,16091,6340,1688212,1455567
12-11-2013,Client,105423,316235,645832,225246,549998,377515,569771,668530,184168,59198,106154,58393,1922134,1944329
12-11-2013,DII,10836,163,10533,56529,203760,3861,0,0,1236,0,0,0,230226,56692
12-11-2013,FII,382819,105905,357260,712218,329112,643563,420246,244850,19869,13014,19153,8084,1745637,1510456
12-11-2013,Pro,31138,107913,166019,185651,217763,214380,310616,325939,31103,32170,111069,37905,692573,1079093
12-11-2013,TOTAL,530216,530216,1179644,1179644,1300633,1239319,1300633,1239319,236376,104382,236376,104382,4590570,4590570
13-11-2013,FII,374690,102921,359876,728739,348335,661646,436947,246846,19913,13701,20204,9484,1778161,1545141
13-11-2013,Client,109831,314105,658773,224305,573821,386029,588488,691391,196867,70454,112525,63584,1995775,1994398
13-11-2013,TOTAL,526958,526958,1198034,1198034,1344189,1259774,1344189,1259774,250798,115512,250798,115512,4695265,4695265
13-11-2013,DII,9530,179,10755,57344,203999,3787,0,0,1236,0,0,0,229307,57523
13-11-2013,Pro,32907,109753,168630,187646,218034,208312,318754,321537,32782,31357,118069,42444,692022,1098203
14-11-2013,Client,98430,304435,642231,229494,563481,417164,610106,689675,192550,77549,112331,65450,1991405,2011491
14-11-2013,DII,8310,195,11713,56279,204009,3532,0,0,1236,0,0,0,228800,56474
14-11-2013,FII,371478,95936,369030,722441,366990,663521,440191,249375,19061,14108,20117,11227,1804188,1539287
14-11-2013,Pro,29492,107144,169925,184685,223019,183727,307202,328894,35342,29786,115741,44766,671291,1088432
14-11-2013,TOTAL,507710,507710,1192899,1192899,1357499,1267944,1357499,1267944,248189,121443,248189,121443,4695684,4695684
18-11-2013,Client,96270,315136,644307,236751,469010,538408,614943,687339,183970,89873,110626,66813,2021838,2031608
18-11-2013,Pro,34211,106665,173699,191024,254511,163085,308889,373711,39074,27689,112754,52624,692269,1145667
18-11-2013,FII,377898,91480,368763,716895,403223,617753,407006,258452,20852,15288,21752,13415,1803777,1509000
18-11-2013,DII,4997,95,12685,54784,204094,256,0,0,1236,2,0,0,223270,54879
18-11-2013,TOTAL,513376,513376,1199454,1199454,1330838,1319502,1330838,1319502,245132,132852,245132,132852,4741154,4741154
19-11-2013,Client,99399,324680,651113,244675,491675,593776,631814,717916,181786,101437,113260,70350,2119186,2102695
19-11-2013,FII,388303,99587,370767,723629,415734,617811,430227,267266,21078,15441,23086,13605,1829134,1557400
19-11-2013,TOTAL,532183,532183,1218303,1218303,1360383,1377187,1360383,1377187,245849,143342,245849,143342,4877247,4877247
19-11-2013,Pro,39948,107250,179588,194706,247880,165504,298342,392005,41749,26462,109503,59387,701131,1161193
19-11-2013,DII,4533,666,16835,55293,205094,96,0,0,1236,2,0,0,227796,55959
20-11-2013,TOTAL,522282,522282,1227281,1227281,1418161,1317826,1418161,1317826,258355,141728,258355,141728,4885633,4885633
20-11-2013,Pro,32753,107074,186187,198734,218059,170851,326683,371886,39394,30155,115523,56244,677399,1176144
20-11-2013,DII,5285,131,18033,55695,204994,1987,0,0,1236,0,0,0,231535,55826
20-11-2013,Client,98090,311994,657266,235338,558615,513859,639594,703435,196191,95822,116556,71580,2119843,2078497
20-11-2013,FII,386154,103083,365795,737514,436493,631129,451884,242505,21534,15751,26276,13904,1856856,1575166
21-11-2013,TOTAL,525434,525434,1248434,1248434,1555254,1320645,1555254,1320645,271224,137313,271224,137313,5058304,5058304
21-11-2013,Pro,39202,111389,203044,209226,222805,214586,417678,368583,36244,32845,130505,51626,748726,1289007
21-11-2013,FII,367580,123743,365506,747066,429382,664352,481558,214654,17857,17381,26255,14506,1862058,1607782
21-11-2013,DII,6538,173,17742,59092,208094,2441,0,0,1242,0,0,0,236057,59265
21-11-2013,Client,112114,290129,662142,233050,694973,439266,656018,737408,215881,87087,114464,71181,2211463,2102250
22-11-2013,Client,104696,268619,663117,235672,711878,456019,686830,746789,223374,87903,120094,73113,2246987,2131117
22-11-2013,FII,380810,135774,367039,751713,462200,686322,505279,229202,18619,18230,26448,15736,1933220,1664152
22-11-2013,TOTAL,526570,526570,1273719,1273719,1612249,1350010,1612249,1350010,281605,140411,281605,140411,5184564,5184564
22-11-2013,Pro,33700,121996,225203,225509,230066,205228,420140,374019,38376,34278,135063,51562,766851,1328289
22-11-2013,DII,7364,181,18360,60825,208105,2441,0,0,1236,0,0,0,237506,61006
25-11-2013,DII,7361,65,18594,65131,208055,2286,0,0,36,0,0,0,236332,65196
25-11-2013,FII,394370,131769,396161,783793,465909,678574,462064,241842,18161,18527,26807,16466,1971702,1662741
25-11-2013,Pro,40547,114817,231153,237991,232759,199734,387858,450177,43162,30629,129152,58890,777984,1378885
25-11-2013,TOTAL,540031,540031,1327930,1327930,1531770,1451315,1531770,1451315,275877,149298,275877,149298,5276221,5276221
25-11-2013,Client,97753,293380,682022,241015,625047,570721,681848,759296,214518,100142,119918,73942,2290203,2169399
26-11-2013,Pro,45585,115969,236845,243961,218606,206614,426327,417703,43878,33069,139978,58916,784597,1402854
26-11-2013,DII,9011,140,19222,72499,208005,2486,0,0,36,0,0,0,238760,72639
26-11-2013,FII,396194,134122,402458,802887,465243,673226,459138,248830,17842,19313,26430,15847,1974276,1687254
26-11-2013,Client,101408,301967,710057,249235,711304,525311,717693,741104,226075,99050,121423,76669,2373205,2208091
26-11-2013,TOTAL,552198,552198,1368582,1368582,1603158,1407637,1603158,1407637,287831,151432,287831,151432,5370838,5370838
27-11-2013,Client,108053,314681,725985,250965,742332,557803,707547,777137,230151,102013,123073,77710,2466337,2251113
27-11-2013,DII,9067,149,19166,82110,208005,2321,0,0,36,0,0,0,238595,82259
27-11-2013,FII,410947,149083,402991,810240,474033,680474,480047,249739,17894,18466,26441,15153,2004805,1730703
27-11-2013,Pro,45176,109330,219959,224786,227980,212383,464756,426105,44198,33521,142765,61137,783217,1428879
27-11-2013,TOTAL,573243,573243,1368101,1368101,1652350,1452981,1652350,1452981,292279,154000,292279,154000,5492954,5492954
28-11-2013,Pro,31820,87997,156591,151001,142026,162336,201901,219233,12260,11219,25100,13132,516252,698364
28-11-2013,DII,7675,74,14713,102228,208365,9241,0,0,0,0,0,0,239994,102302
28-11-2013,TOTAL,437050,437050,1156308,1156308,947188,909624,947188,909624,60729,36030,60729,36030,3546929,3546929
28-11-2013,FII,315633,73265,348127,690449,344550,484600,339219,115463,1115,760,1407,703,1494785,1220506
28-11-2013,Client,81922,275714,636877,212630,252247,253447,406068,574928,47354,24051,34222,22195,1295898,1525757
29-11-2013,Client,97892,300266,652109,228959,275391,300132,457497,632829,62336,37771,49605,30356,1425631,1699512
29-11-2013,FII,336834,76641,356041,698875,353189,547782,344428,134164,3805,2939,3921,2474,1600590,1260503
29-11-2013,TOTAL,473603,473603,1188726,1188726,1009713,1032437,1009713,1032437,85060,53666,85060,53666,3843205,3843205
29-11-2013,Pro,31484,96622,162790,154415,172445,168082,207788,265444,18919,12956,31534,20836,566676,776639
29-11-2013,DII,7393,74,17786,106477,208688,16441,0,0,0,0,0,0,250308,106551
02-12-2013,Pro,29755,100622,165427,159700,196685,166145,219125,285770,23360,15311,39760,26931,596683,831908
02-12-2013,TOTAL,491606,491606,1206899,1206899,1096610,1083099,1096610,1083099,105973,67940,105973,67940,4052127,4052127
02-12-2013,FII,354877,77901,357887,705657,395620,576017,362260,145580,6385,5356,7048,3798,1696142,1302244
02-12-2013,DII,7562,65,18220,107977,223794,16441,0,0,0,0,0,0,266017,108042
02-12-2013,Client,99412,313018,665365,233565,280511,324496,515225,651749,76228,47273,59165,37211,1493285,1809933
03-12-2013,Client,98400,313161,677086,236355,299514,323621,550061,685561,85469,52302,65539,42257,1536392,1892934
03-12-2013,FII,366195,84768,357483,715521,422318,633437,378199,169460,9019,8550,8608,4611,1797002,1361167
03-12-2013,TOTAL,503918,503918,1224279,1224279,1167262,1157618,1167262,1157618,119792,78136,119792,78136,4251005,4251005
03-12-2013,Pro,32189,105917,169032,162571,221627,181757,239002,302597,25279,17284,45645,31268,647168,887000
03-12-2013,DII,7134,72,20678,109832,223803,18803,0,0,25,0,0,0,270443,109904
04-12-2013,TOTAL,493738,493738,1228385,1228385,1215410,1226189,1215410,1226189,134703,85386,134703,85386,4383811,4383811
04-12-2013,Client,98766,296434,680153,238665,366246,340255,571947,722380,97994,55319,71906,46474,1638733,1947806
04-12-2013,FII,353224,86252,356086,722736,416376,667691,393727,187880,12252,10073,10384,6033,1815702,1407012
04-12-2013,Pro,33232,111004,168743,156340,208846,201111,249736,315929,24422,19994,52413,32879,656348,918301
04-12-2013,DII,8516,48,23403,110644,223942,17132,0,0,35,0,0,0,273028,110692
05-12-2013,TOTAL,520798,520798,1253317,1253317,1275087,1208392,1275087,1208392,146617,94514,146617,94514,4498725,4498725
05-12-2013,DII,6735,73,24499,112212,223632,6292,0,0,35,0,0,0,261193,112285
05-12-2013,Client,97961,314010,672897,261553,358956,356155,626579,696467,104337,64257,80805,49475,1654563,2028889
05-12-2013,FII,380530,88956,376196,716084,471536,668216,403154,189879,14137,10511,10603,7292,1921126,1415968
05-12-2013,Pro,35572,117759,179725,163468,220963,177729,245354,322046,28108,19746,55209,37747,661843,941583
06-12-2013,DII,5914,73,28543,113017,223334,6332,0,0,1437,0,0,0,265560,113090
06-12-2013,Pro,43101,119637,185497,170432,255862,185191,290882,332877,29593,20376,60769,41304,719620,1015901
06-12-2013,TOTAL,532237,532237,1279784,1279784,1373869,1270142,1373869,1270142,160220,102776,160220,102776,4719028,4719028
06-12-2013,Client,102395,322679,686866,267021,427670,398730,656045,741739,114904,71320,87108,53693,1801885,2128285
06-12-2013,FII,380827,89848,378878,729314,467003,679889,426942,195526,14286,11080,12343,7779,1931963,1461752
09-12-2013,Client,90406,353089,694881,282838,375521,477561,681527,706726,117993,83948,94372,57564,1840310,2176116
09-12-2013,DII,4383,73,33177,114685,215338,2732,0,0,1982,0,0,0,257612,114758
09-12-2013,FII,448584,96475,395335,742080,502326,648208,379181,195149,14812,10893,11883,8453,2020158,1433221
09-12-2013,Pro,37033,130769,193686,177476,229969,168543,262446,395169,34119,19981,62651,48805,683331,1077316
09-12-2013,TOTAL,580406,580406,1317079,1317079,1323154,1297044,1323154,1297044,168906,114822,168906,114822,4801411,4801411
10-12-2013,Client,91755,361438,719854,286476,377725,499105,634739,724492,135135,85950,102120,62689,1909524,2171954
10-12-2013,DII,4440,73,32684,116155,208567,2732,0,0,1982,0,0,0,250405,116228
10-12-2013,FII,459402,101535,386492,756037,486680,620077,374380,203915,13750,11609,12710,8121,1978010,1456698
10-12-2013,Pro,36468,129019,198849,179211,207773,171136,271626,364643,34053,21550,70090,48299,669829,1062888
10-12-2013,TOTAL,592065,592065,1337879,1337879,1280745,1293050,1280745,1293050,184920,119109,184920,119109,4807768,4807768
11-12-2013,Pro,39482,129026,203288,178261,205569,178889,294968,351210,33041,22390,78246,47854,682659,1079565
11-12-2013,TOTAL,600443,600443,1347829,1347829,1285273,1295274,1285273,1295274,199661,120281,199661,120281,4848761,4848761
11-12-2013,FII,467417,106808,382087,766534,487294,613348,378978,199806,13837,11915,13775,7352,1975898,1473253
11-12-2013,DII,4216,73,31090,116733,208567,2732,0,0,1982,0,0,0,248587,116806
11-12-2013,Client,89328,364536,731364,286301,383843,500305,611327,744258,150801,85976,107640,65075,1941617,2179137
12-12-2013,Client,90487,349482,740037,283129,432839,460888,622802,753805,168635,83378,115006,66925,1976264,2191149
12-12-2013,FII,466500,122626,376909,779227,483838,625720,384672,189663,14521,12200,14500,7708,1979688,1498396
12-12-2013,TOTAL,602685,602685,1354955,1354955,1323263,1286142,1323263,1286142,217554,121358,217554,121358,4905957,4905957
12-12-2013,Pro,40753,130437,207312,176157,195690,196802,315789,342674,32416,25780,88048,46725,698753,1099830
12-12-2013,DII,4945,140,30697,116442,210896,2732,0,0,1982,0,0,0,251252,116582
13-12-2013,DII,6290,123,31198,116706,211118,2732,0,0,1982,0,0,0,253320,116829
13-12-2013,FII,442062,127813,366168,794243,477716,661442,387397,181533,14461,12895,15836,7969,1974744,1514791
13-12-2013,Pro,46688,125755,213806,181682,187017,183420,335991,333460,31257,27516,98741,44343,689704,1119972
13-12-2013,TOTAL,598402,598402,1373881,1373881,1364943,1281881,1364943,1281881,233408,118777,233408,118777,4971292,4971292
13-12-2013,Client,103362,344711,762709,281250,489092,434287,641555,766888,185708,78366,118831,66465,2053524,2219700
16-12-2013,Pro,51963,124166,220873,189599,193072,193317,351595,336101,32192,28066,103687,49647,719483,1154795
16-12-2013,DII,6816,216,33280,117657,209890,2932,0,0,1982,0,0,0,254900,117873
16-12-2013,FII,445449,149541,367863,794839,472879,674746,376793,214480,14504,12632,15606,8964,1988073,1560223
16-12-2013,Client,107143,337448,767054,286975,502435,439610,649888,760024,193189,86714,122574,68801,2096145,2225710
16-12-2013,TOTAL,611371,611371,1389070,1389070,1378276,1310605,1378276,1310605,241867,127412,241867,127412,5058601,5058601
17-12-2013,Client,113215,340107,764712,286672,534645,450711,652707,764537,198376,94018,124634,71085,2155677,2239742
17-12-2013,DII,6902,133,33945,116985,208662,2892,0,0,1982,0,0,0,254383,117118
17-12-2013,FII,444549,149454,370040,797466,469074,674907,399259,217463,15341,13469,16157,9917,1987380,1589716
17-12-2013,Pro,51742,126714,223056,190630,206290,208454,366705,354964,34578,28109,109486,54594,752229,1203093
17-12-2013,TOTAL,616408,616408,1391753,1391753,1418671,1336964,1418671,1336964,250277,135596,250277,135596,5149669,5149669
18-12-2013,Pro,44256,126390,228260,207702,249086,203024,372390,402484,39937,27322,103746,62955,791885,1275667
18-12-2013,DII,6016,21,30449,117972,207494,2792,0,0,1972,0,0,0,248723,117993
18-12-2013,TOTAL,636367,636367,1393102,1393102,1444569,1404364,1444569,1404364,245084,146928,245084,146928,5270414,5270414
18-12-2013,FII,471458,158335,359907,792584,467876,673077,414325,230843,14677,12924,15620,10503,1999919,1622210
18-12-2013,Client,114637,351621,774486,274844,520113,525471,657854,771037,188498,106682,125718,73470,2229887,2254544
19-12-2013,Client,114008,308778,734699,246360,566911,530099,682135,750112,205451,107342,126174,75566,2258510,2189125
19-12-2013,DII,6777,109,20308,118371,207266,2792,0,0,25,0,0,0,237168,118480
19-12-2013,FII,439184,145312,340222,782294,505877,685381,429767,244709,15003,13716,18009,11414,1999383,1631505
19-12-2013,Pro,35055,140825,241893,190097,236769,184372,404921,407823,40601,27724,116897,61802,766414,1322365
19-12-2013,TOTAL,595024,595024,1337122,1337122,1516823,1402644,1516823,1402644,261080,148782,261080,148782,5261475,5261475
20-12-2013,DII,5970,1029,19734,118339,205985,2792,0,0,25,0,0,0,234506,119368
20-12-2013,TOTAL,622575,622575,1337599,1337599,1453907,1532697,1453907,1532697,250981,157937,250981,157937,5355696,5355696
20-12-2013,Client,116334,314139,709379,241105,479876,654239,678156,778811,189605,119045,124784,76093,2268478,2213088
20-12-2013,FII,460648,155862,353251,784068,515338,691252,419462,248011,14872,12903,17566,13290,2048264,1638259
20-12-2013,Pro,39623,151545,255235,194087,252708,184414,356289,505875,46479,25989,108631,68554,804448,1384981
23-12-2013,Client,113333,321749,695703,236996,469838,692635,693380,784085,189373,121230,122013,75512,2282112,2233735
23-12-2013,DII,5767,2029,19610,114966,204108,2792,0,0,30,10,0,0,232317,116995
23-12-2013,FII,470973,149695,386011,804742,520624,687195,405798,260854,14188,11723,18482,12956,2090714,1652527
23-12-2013,Pro,41108,157708,259364,203984,251137,187925,346529,525608,45848,27651,108944,72146,813033,1414919
23-12-2013,TOTAL,631181,631181,1360688,1360688,1445707,1570547,1445707,1570547,249439,160614,249439,160614,5418176,5418176
24-12-2013,Client,114021,326189,691804,233079,527041,690517,715778,778881,188894,118658,120800,75276,2330935,2250003
24-12-2013,DII,5375,1782,19288,112797,202880,2822,0,0,30,10,0,0,230405,114579
24-12-2013,FII,496408,168623,382404,801244,519608,692270,404501,287109,13393,11337,18939,12622,2115420,1693038
24-12-2013,Pro,37210,156420,235240,181616,244344,185300,373594,504919,45866,28946,108444,71053,776906,1396046
24-12-2013,TOTAL,653014,653014,1328736,1328736,1493873,1570909,1493873,1570909,248183,158951,248183,158951,5453666,5453666
26-12-2013,DII,4526,1000,6870,106776,195398,0,0,0,0,0,0,0,206794,107776
26-12-2013,FII,337761,76598,290089,649853,275144,307089,240043,66124,0,0,562,29,1210083,1033209
26-12-2013,TOTAL,460219,460219,1036171,1036171,799965,676198,799965,676198,59879,31004,59879,31004,3063436,3063436
26-12-2013,Client,96967,293635,607115,163961,148704,249118,397060,418335,46315,19191,35983,20880,1167410,1329854
26-12-2013,Pro,20965,88986,132097,115581,180719,119991,162862,191739,13564,11813,23334,10095,479149,592597
27-12-2013,Client,95069,289930,616085,168620,162053,296612,428066,439016,63767,25717,50329,27171,1259303,1403132
27-12-2013,FII,340438,77006,287741,647569,277622,293336,241987,73196,2195,1421,3146,908,1202753,1043812
27-12-2013,TOTAL,460227,460227,1040127,1040127,828781,706247,828781,706247,83001,42075,83001,42075,3160458,3160458
27-12-2013,Pro,19579,92291,129407,113316,193258,116299,158728,194035,17039,14937,29526,13996,490519,601892
27-12-2013,DII,5141,1000,6894,110622,195848,0,0,0,0,0,0,0,207883,111622
30-12-2013,Client,101216,294865,619781,172502,190841,314949,482106,471686,76794,30116,58210,32025,1333697,1511394
30-12-2013,FII,348026,79040,291036,649905,310440,319535,244809,78469,3799,3091,5902,2365,1275927,1060490
30-12-2013,TOTAL,474306,474306,1055844,1055844,918183,771820,918183,771820,100032,51331,100032,51331,3371516,3371516
30-12-2013,Pro,19528,99401,138067,117244,221054,137336,191268,221665,19439,18124,35920,16941,553548,682439
30-12-2013,DII,5536,1000,6960,116193,195848,0,0,0,0,0,0,0,208344,117193
31-12-2013,FII,353253,83764,293646,658900,313519,318402,244113,80614,5271,4248,8281,2807,1288339,1078479
31-12-2013,Client,105950,300278,629957,179432,199578,341130,494324,482142,86148,37069,65604,37342,1399832,1559122
31-12-2013,TOTAL,486422,486422,1075641,1075641,933206,794784,933206,794784,114096,61116,114096,61116,3465265,3465265
31-12-2013,DII,6324,1000,7562,118245,195848,1200,0,0,0,0,0,0,210934,119245
31-12-2013,Pro,20895,101380,144476,119064,224261,134052,194769,232028,22677,19799,40211,20967,566160,708419
01-01-2014,Client,108250,303767,639032,186641,201271,350347,508887,485580,93099,41176,71153,40556,1433175,1596584
01-01-2014,FII,354563,85458,293900,658658,333158,320592,247044,82688,5759,4519,8951,3152,1312491,1085951
01-01-2014,TOTAL,491510,491510,1088761,1088761,962268,811047,962268,811047,122986,66546,122986,66546,3543118,3543118
01-01-2014,Pro,22416,101285,148255,123482,231991,138908,206337,242779,24128,20851,42882,22838,586549,739603
01-01-2014,DII,6281,1000,7574,119980,195848,1200,0,0,0,0,0,0,210903,120980
02-01-2014,DII,5829,165,6813,120006,195848,1380,0,0,5,0,0,0,209875,120171
02-01-2014,FII,356457,88169,298649,664835,340268,336294,259295,79888,8596,6334,14230,5055,1346598,1111472
02-01-2014,Pro,18930,102210,144903,111593,238151,155967,239338,240262,25740,26231,52023,23771,609922,769197
02-01-2014,TOTAL,483258,483258,1071675,1071675,1025268,819173,1025268,819173,143235,75817,143235,75817,3618426,3618426
02-01-2014,Client,102042,292714,621310,175241,251001,325532,526635,499023,108894,43252,76982,46991,1452031,1617586
03-01-2014,Pro,16100,103342,154122,117343,226875,173690,255320,253619,28043,29297,59475,27651,628127,816750
03-01-2014,DII,7292,195,7232,120670,195848,180,0,0,5,0,0,0,210557,120865
03-01-2014,FII,323976,74963,301719,679302,340302,389658,269904,85629,9376,8227,15656,7215,1373258,1132669
03-01-2014,Client,104610,273478,631064,176822,274857,337238,512658,561518,126807,50292,89100,52950,1524868,1666526
03-01-2014,TOTAL,451978,451978,1094137,1094137,1037882,900766,1037882,900766,164231,87816,164231,87816,3736810,3736810
06-01-2014,Client,106348,261546,628820,178651,311609,344779,545395,576569,146854,56090,99104,57415,1594500,1718680
06-01-2014,DII,7270,1175,8633,121859,196848,350,0,0,5,0,0,0,213106,123034
06-01-2014,FII,328082,91913,309240,683897,336144,416591,268956,92262,12307,9817,20188,9114,1412181,1166330
06-01-2014,Pro,19882,106948,160113,122399,229867,186141,260117,279030,29308,30834,69182,30212,656145,867888
06-01-2014,TOTAL,461582,461582,1106806,1106806,1074468,947861,1074468,947861,188474,96741,188474,96741,3875932,3875932
07-01-2014,TOTAL,461636,461636,1107338,1107338,1115569,985953,1115569,985953,206839,108729,206839,108729,3986064,3986064
07-01-2014,Pro,21630,105682,162207,123671,239409,206921,286747,304220,27960,34392,78467,32928,692519,931715
07-01-2014,DII,7302,1122,8448,122202,196848,350,0,0,5,0,0,0,212953,123324
07-01-2014,Client,112882,227843,620208,174988,354186,349881,558004,592829,165570,60803,107199,63749,1663530,1724612
07-01-2014,FII,319822,126989,316475,686477,325126,428801,270818,88904,13304,13534,21173,12052,1417062,1206413
08-01-2014,TOTAL,455562,455562,1105987,1105987,1116367,1018739,1116367,1018739,219715,118518,219715,118518,4034888,4034888
08-01-2014,Pro,22310,100909,163044,121469,236144,217328,278126,312327,29484,37280,82659,36242,705590,931732
08-01-2014,Client,120861,224544,619937,178045,362393,368551,569980,610951,177024,67407,115140,70260,1716173,1768920
08-01-2014,FII,305023,128981,314644,684854,320982,432380,268261,95461,13202,13831,21916,12016,1400062,1211489
08-01-2014,DII,7368,1128,8362,121619,196848,480,0,0,5,0,0,0,213063,122747
09-01-2014,TOTAL,455125,455125,1114335,1114335,1146951,1038520,1146951,1038520,254354,146242,254354,146242,4155527,4155527
09-01-2014,DII,7400,1134,7970,120956,196848,480,0,0,18,0,0,0,212716,122090
09-01-2014,FII,293487,132419,316639,686542,304921,464565,281383,100413,15190,16099,25538,13434,1410901,1239729
09-01-2014,Pro,21480,99602,163560,121321,253591,215512,285212,319235,34401,43367,97991,48080,731911,971441
09-01-2014,Client,132758,221970,626166,185516,391591,357963,580356,618872,204745,86776,130825,84728,1799999,1822267
10-01-2014,Client,137126,224083,630615,190547,388132,374734,587036,625467,206675,91350,128873,84065,1828632,1840071
10-01-2014,FII,293077,127373,322387,692760,330166,470673,296343,103501,17455,16715,29970,14478,1450473,1264425
10-01-2014,TOTAL,460523,460523,1124064,1124064,1179801,1043188,1179801,1043188,257116,148224,257116,148224,4212916,4212916
10-01-2014,Pro,23532,108000,162554,120214,264655,197381,296422,314220,32968,40159,98273,49681,721249,986810
10-01-2014,DII,6788,1067,8508,120543,196848,400,0,0,18,0,0,0,212562,121610
13-01-2014,TOTAL,477994,477994,1134031,1134031,1154187,1149201,1154187,1149201,257646,160681,257646,160681,4333740,4333740
13-01-2014,Client,133985,241033,628444,188758,327516,478668,581730,669129,204107,102039,131195,86541,1874759,1898386
13-01-2014,FII,308983,113607,328093,701047,346774,474941,282254,107254,16353,18172,28022,16701,1493316,1248885
13-01-2014,Pro,28555,121764,167358,123918,282609,195312,290203,372818,37168,40470,98429,57439,751472,1064571
13-01-2014,DII,6471,1590,10136,120308,197288,280,0,0,18,0,0,0,214193,121898
14-01-2014,TOTAL,483607,483607,1147195,1147195,1189328,1131317,1189328,1131317,271031,165900,271031,165900,4388378,4388378
14-01-2014,DII,6375,1990,10606,120440,196848,280,0,0,18,0,0,0,214127,122430
14-01-2014,Client,135084,234856,634324,193117,361857,462854,621017,658269,217922,105824,137095,90929,1917865,1935283
14-01-2014,FII,313917,131794,333339,706409,352212,471256,283881,104416,16470,19037,28373,16653,1506231,1271526
14-01-2014,Pro,28231,114967,168926,127229,278411,196927,284430,368632,36621,41039,105563,58318,750155,1059139
15-01-2014,DII,5498,1190,11461,120440,196848,1200,0,0,18,0,0,0,215025,121630
15-01-2014,Client,126980,256693,640465,185697,322966,563112,621694,671049,219269,114555,140754,93623,1987347,1969510
15-01-2014,TOTAL,502069,502069,1152368,1152368,1191608,1192499,1191608,1192499,276271,177870,276271,177870,4492685,4492685
15-01-2014,Pro,34241,106313,160378,133763,292671,171251,282502,376667,39018,41712,104630,63985,739271,1067860
15-01-2014,FII,335350,137873,340064,712468,379123,456936,287412,144783,17966,21603,30887,20262,1551042,1333685
16-01-2014,Pro,41852,105401,158514,146470,276130,172945,271385,388079,40005,42982,110140,68483,732428,1089958
16-01-2014,TOTAL,522247,522247,1167967,1167967,1213559,1210090,1213559,1210090,291231,191743,291231,191743,4596837,4596837
16-01-2014,FII,350758,141524,343821,717107,403914,442389,292410,138864,20481,22911,33188,22690,1584274,1345783
16-01-2014,DII,5182,1190,11317,119731,197848,1200,0,0,69,0,0,0,215616,120921
16-01-2014,Client,124455,274132,654315,184659,335667,593556,649764,683147,230676,125850,147903,100570,2064519,2040175
17-01-2014,Client,117861,261356,648534,181652,380328,531776,627980,668961,251010,124633,150688,102632,2054142,1993269
17-01-2014,DII,4685,1282,10624,118762,197848,0,0,0,69,40,0,0,213266,120044
17-01-2014,FII,342550,141181,344541,718256,396128,451851,302870,133673,20042,23123,32842,23780,1578235,1352602
17-01-2014,Pro,39993,101270,157261,142290,247344,193397,290798,374390,38924,46032,126515,67416,722951,1102679
17-01-2014,TOTAL,505089,505089,1160960,1160960,1221648,1177024,1221648,1177024,310045,193828,310045,193828,4568594,4568594
20-01-2014,Pro,36111,96680,159930,149097,261519,199930,291385,424235,40955,43874,119201,70928,742319,1151526
20-01-2014,DII,5073,490,9800,119195,197848,0,0,0,69,39,0,0,212829,119685
20-01-2014,FII,325510,127374,351505,719092,387605,451141,300305,141811,19543,22323,32352,25538,1557627,1346472
20-01-2014,Client,123970,266120,653428,187279,370086,625397,625368,710422,241343,134897,150357,104667,2149121,2044213
20-01-2014,TOTAL,490664,490664,1174663,1174663,1217058,1276468,1217058,1276468,301910,201133,301910,201133,4661896,4661896
21-01-2014,Client,126910,262961,659801,191041,364907,672471,648715,709701,246092,136952,151654,105943,2207133,2070015
21-01-2014,FII,343255,142748,357006,729060,406258,440442,303045,149652,19436,21724,35189,25849,1588121,1385543
21-01-2014,TOTAL,512276,512276,1194544,1194544,1244420,1291742,1244420,1291742,308519,204017,308519,204017,4755518,4755518
21-01-2014,Pro,35221,106077,167563,154303,275207,178829,292660,432389,40922,45301,121676,72225,743043,1179330
21-01-2014,DII,6890,490,10174,120140,198048,0,0,0,2069,40,0,0,217221,120630
22-01-2014,DII,6775,290,10903,120170,198048,0,0,0,4069,40,0,0,219835,120460
22-01-2014,FII,352819,149650,355483,729395,409315,457143,309132,152684,19436,21406,37789,26084,1615602,1404734
22-01-2014,Pro,37108,104450,173956,158217,294337,176758,303627,439181,41640,45125,124116,72737,768924,1202328
22-01-2014,TOTAL,524467,524467,1201368,1201368,1266420,1324218,1266420,1324218,316503,205258,316503,205258,4838234,4838234
22-01-2014,Client,127765,270077,661026,193586,364720,690317,653661,732353,251358,138687,154598,106437,2233873,2110712
23-01-2014,DII,6975,290,10953,120253,198048,0,0,0,4129,40,0,0,220145,120543
23-01-2014,TOTAL,533032,533032,1221057,1221057,1295158,1350956,1295158,1350956,319476,206484,319476,206484,4926163,4926163
23-01-2014,Client,131631,278691,670954,196254,376563,722554,665319,740223,255346,140018,156273,107010,2297066,2143770
23-01-2014,FII,356224,149381,359171,736657,413011,457329,330823,163656,19364,21935,37968,26214,1627034,1444699
23-01-2014,Pro,38202,104670,179979,167893,307536,171073,299016,447077,40637,44491,125235,73260,781918,1217151
24-01-2014,Client,126238,267519,673980,194512,469956,574874,650236,713649,272500,129692,158195,106172,2247240,2090283
24-01-2014,DII,7893,331,10243,120429,198048,0,0,0,4114,39,0,0,220337,120760
24-01-2014,FII,344781,168111,356978,735446,403359,498635,356410,158514,19269,22008,39454,25595,1645030,1483530
24-01-2014,Pro,40924,83875,187922,178736,256495,200950,321212,402296,37560,47442,135794,67414,771293,1189327
24-01-2014,TOTAL,519836,519836,1229123,1229123,1327858,1274459,1327858,1274459,333443,199181,333443,199181,4883900,4883900
27-01-2014,TOTAL,547647,547647,1274512,1274512,1468627,1223209,1468627,1223209,350998,193258,350998,193258,5058251,5058251
27-01-2014,Pro,49338,100235,203123,197487,260546,220355,412984,403270,35888,53014,151436,63251,822264,1328663
27-01-2014,DII,11455,523,9741,122713,199552,400,0,0,4118,39,0,0,225305,123236
27-01-2014,Client,144735,263462,696367,193051,613387,458797,687099,692400,291242,117487,158780,104401,2322015,2099193
27-01-2014,FII,342119,183427,365281,761261,395142,543657,368544,127539,19750,22718,40782,25606,1688667,1507159
28-01-2014,DII,11314,392,10967,124249,199538,200,0,0,4118,49,0,0,226186,124641
28-01-2014,Client,156929,272581,706190,198863,665811,470730,690519,736197,297361,116527,160137,104535,2413548,2162832
28-01-2014,TOTAL,581320,581320,1302658,1302658,1522067,1259542,1522067,1259542,356610,192601,356610,192601,5214798,5214798
28-01-2014,Pro,48945,102361,210526,201207,273475,225252,447014,395023,35364,53209,155603,60787,846771,1361995
28-01-2014,FII,364132,205986,374975,778339,383243,563360,384534,128322,19767,22816,40870,27279,1728293,1565330
29-01-2014,Client,173659,266806,707009,218483,663742,490041,706037,738265,297089,120926,162376,107128,2452466,2199095
29-01-2014,TOTAL,572710,572710,1292818,1292818,1522224,1289984,1522224,1289984,356980,196255,356980,196255,5230971,5230971
29-01-2014,DII,8175,377,9720,122429,199538,400,0,0,4118,49,0,0,222000,122806
29-01-2014,FII,349369,200122,379842,773112,393710,560112,375362,128943,19705,23104,39811,27484,1725842,1544834
29-01-2014,Pro,41507,105405,196247,178794,265234,239431,440825,422776,36068,52176,154793,61643,830663,1364236
30-01-2014,Pro,26202,67016,129723,110361,165397,174821,214321,247954,10245,16663,39619,15316,523051,694587
30-01-2014,TOTAL,418684,418684,1068719,1068719,839296,842788,839296,842788,83962,47851,83962,47851,3301300,3301300
30-01-2014,DII,8763,377,3548,117941,199338,0,0,0,2000,0,0,0,213649,118318
30-01-2014,FII,251078,127301,294977,689376,225542,458855,242259,51598,147,520,2548,367,1231119,1113449
30-01-2014,Client,132641,223990,640471,151041,249019,209112,382716,543236,71570,30668,41795,32168,1333481,1374946
31-01-2014,TOTAL,426659,426659,1069174,1069174,902233,947122,902233,947122,110964,65495,110964,65495,3521647,3521647
31-01-2014,DII,8859,388,3465,122000,202238,0,0,0,2010,0,0,0,216572,122388
31-01-2014,Client,138278,220185,639008,153655,291323,277682,425897,612567,89911,43739,55829,40220,1479941,1508353
31-01-2014,Pro,24248,65998,131504,104632,184232,177414,223360,266755,13791,17785,46540,21538,548974,728823
31-01-2014,FII,255274,140088,295197,688887,224440,492026,252976,67800,5252,3971,8595,3737,1276160,1162083
03-02-2014,FII,240275,144330,298355,694426,250038,571221,265754,105794,7282,6468,11961,4567,1373639,1226832
03-02-2014,Client,150271,218599,654435,160699,358567,267415,473041,653352,110809,48629,66322,45970,1590126,1617983
03-02-2014,TOTAL,429229,429229,1091305,1091305,995913,1037650,995913,1037650,135828,75711,135828,75711,3765636,3765636
03-02-2014,Pro,29827,65921,133567,113797,184130,198902,257118,278504,15727,20614,57545,25174,582767,798059
03-02-2014,DII,8856,379,4948,122383,203178,112,0,0,2010,0,0,0,219104,122762
04-02-2014,DII,10355,379,6529,123482,203378,292,0,0,2030,0,0,0,222584,123861
04-02-2014,FII,237224,150302,301109,695880,265281,647697,286258,133412,7817,8726,13554,6527,1467854,1285933
04-02-2014,Pro,32968,66550,136722,119645,207902,205661,284586,300304,19877,22837,62181,27557,625967,860823
04-02-2014,TOTAL,435143,435143,1098456,1098456,1070708,1144200,1070708,1144200,150050,84616,150050,84616,3983173,3983173
04-02-2014,Client,154596,217912,654096,159449,394147,290550,499864,710484,120326,53053,74315,50532,1666768,1712556
05-02-2014,TOTAL,440881,440881,1105430,1105430,1098042,1198153,1098042,1198153,163719,93878,163719,93878,4100103,4100103
05-02-2014,Client,163791,203711,651957,164235,413735,322581,530141,733455,131288,61195,80665,54609,1744547,1766816
05-02-2014,Pro,30386,72551,139927,117409,212265,217119,279222,326343,21318,22766,66851,32201,643781,894577
05-02-2014,FII,236513,164320,306059,701042,268664,656893,288679,138355,9068,9917,16203,7068,1487114,1315667
05-02-2014,DII,10191,299,7487,122744,203378,1560,0,0,2045,0,0,0,224661,123043
06-02-2014,Client,165964,185988,640871,167913,423895,340323,542589,758992,143855,66221,87957,59109,1781129,1802548
06-02-2014,DII,10394,219,7569,121731,203378,1560,0,0,2030,0,0,0,224931,121950
06-02-2014,FII,232264,168257,315138,704846,275856,696492,304866,156826,10084,11008,18095,6755,1540842,1359645
06-02-2014,Pro,28413,82571,142362,111450,234015,228626,289689,351183,21916,24552,71833,35917,679884,942643
06-02-2014,TOTAL,437035,437035,1105940,1105940,1137144,1267001,1137144,1267001,177885,101781,177885,101781,4226786,4226786
07-02-2014,Pro,34580,80315,142574,112100,242228,231013,288625,368554,24227,23961,71457,37940,698583,958991
07-02-2014,TOTAL,422010,422010,1097223,1097223,1204583,1317137,1204583,1317137,184322,107531,184322,107531,4332806,4332806
07-02-2014,FII,220162,154799,323691,694852,337418,689530,334099,158898,10839,11528,20070,7741,1593168,1370459
07-02-2014,Client,157491,186636,623404,168908,420219,395288,581859,789685,147228,72042,92795,61850,1815672,1881733
07-02-2014,DII,9777,260,7554,121363,204718,1306,0,0,2028,0,0,0,225383,121623
10-02-2014,Client,159250,186049,627648,173525,441084,421841,597968,795299,162734,77499,100872,64751,1890056,1918464
10-02-2014,FII,218164,151262,322174,691688,343484,685345,344648,170350,11341,12291,20741,8773,1592799,1387462
10-02-2014,TOTAL,423154,423154,1104089,1104089,1238425,1349956,1238425,1349956,201295,114962,201295,114962,4431881,4431881
10-02-2014,Pro,35779,85427,145753,116334,250839,241364,295809,384307,25192,25172,79682,41438,724099,1002997
10-02-2014,DII,9961,416,8514,122542,203018,1406,0,0,2028,0,0,0,224927,122958
11-02-2014,DII,11949,416,8952,121617,203018,1406,0,0,2028,0,0,0,227353,122033
11-02-2014,FII,216569,167138,324958,686594,352497,688544,349727,176023,12237,13059,22265,9232,1607864,1410979
11-02-2014,Pro,35333,79113,147534,120271,250652,236339,308950,384342,26298,26137,84607,45125,722293,1022408
11-02-2014,TOTAL,434523,434523,1118925,1118925,1259669,1352163,1259669,1352163,214973,123072,214973,123072,4503325,4503325
11-02-2014,Client,170672,187856,637481,190443,453502,425874,600992,791798,174410,83876,108101,68715,1945815,1947905
12-02-2014,Pro,36493,80922,146589,123436,255591,232245,303925,391796,26427,26762,86718,47618,724107,1034415
12-02-2014,TOTAL,423088,423088,1118552,1118552,1266126,1353835,1266126,1353835,220509,129323,220509,129323,4511433,4511433
12-02-2014,FII,212111,159951,337987,680648,347847,677187,353490,174887,11673,13828,22909,10420,1600633,1402305
12-02-2014,DII,12625,260,9231,121011,203018,1406,0,0,2028,0,0,0,228308,121271
12-02-2014,Client,161859,181955,624745,193457,459670,442997,608711,787152,180381,88733,110882,71285,1958385,1953442
13-02-2014,TOTAL,445946,445946,1122308,1122308,1329569,1384722,1329569,1384722,236140,128979,236140,128979,4647664,4647664
13-02-2014,Pro,32372,83967,150980,121438,243805,256121,323291,408316,25155,29180,97948,45495,737613,1080455
13-02-2014,DII,12615,446,9910,119582,203018,4966,0,0,2028,0,0,0,232537,120028
13-02-2014,Client,185392,191286,623299,204232,531229,431359,643860,804162,197124,86057,114842,73247,2054460,2031629
13-02-2014,FII,215567,170247,338119,677056,351517,692276,362418,172244,11833,13742,23350,10237,1623054,1415552
14-02-2014,Pro,29295,79423,154945,124399,244054,236952,320081,400363,26737,28981,100427,48965,720964,1073658
14-02-2014,FII,213975,172197,339184,675375,353094,689122,366579,177950,11895,14401,24113,11806,1621671,1428020
14-02-2014,TOTAL,439047,439047,1125517,1125517,1314054,1378825,1314054,1378825,243409,138072,243409,138072,4638924,4638924
14-02-2014,DII,13801,286,10908,118733,203018,5006,0,0,2028,0,0,0,234761,119019
14-02-2014,Client,181976,187141,620480,207010,513888,447745,627394,800512,202749,94690,118869,77301,2061528,2018227
17-02-2014,TOTAL,443033,443033,1124911,1124911,1338572,1432205,1338572,1432205,250884,143026,250884,143026,4732631,4732631
17-02-2014,Pro,36262,86371,158502,129551,264140,233487,335970,438555,27002,29282,103196,50473,748675,1144116
17-02-2014,Client,173643,186669,616487,199786,518655,521502,661890,815845,209972,99203,122826,79839,2139462,2066855
17-02-2014,FII,219344,169707,338184,682668,351759,672150,340712,177805,11882,14541,24862,12714,1607860,1408468
17-02-2014,DII,13784,286,11738,112906,204018,5066,0,0,2028,0,0,0,236634,113192
18-02-2014,Client,166639,188403,611873,194709,484757,622209,676708,823666,205312,106268,125626,82080,2197058,2091192
18-02-2014,Pro,34056,94155,167154,134722,275633,223241,316704,531484,30668,30011,99807,54160,760763,1231032
18-02-2014,FII,229861,159513,340728,695372,370069,684997,340965,176963,12098,14177,24670,14216,1651930,1411699
18-02-2014,DII,11684,169,13521,108473,203918,1666,0,0,2025,0,0,0,232814,108642
18-02-2014,TOTAL,442240,442240,1133276,1133276,1334377,1532113,1334377,1532113,250103,150456,250103,150456,4842565,4842565
19-02-2014,Client,174728,194115,620923,207168,472524,680086,676687,856016,210836,110943,127474,83991,2270040,2145451
19-02-2014,FII,231422,155278,343576,702540,374104,697826,335669,184199,12000,14420,26143,15467,1673348,1419296
19-02-2014,TOTAL,449443,449443,1153720,1153720,1344755,1610693,1344755,1610693,256382,156200,256382,156200,4971193,4971193
19-02-2014,Pro,32648,99945,174532,141221,294209,231185,332399,570478,31521,30837,102765,56742,794932,1303550
19-02-2014,DII,10645,105,14689,102791,203918,1596,0,0,2025,0,0,0,232873,102896
20-02-2014,TOTAL,442878,442878,1172498,1172498,1351025,1589116,1351025,1589116,265728,156294,265728,156294,4977539,4977539
20-02-2014,Client,172645,192013,635115,210813,508719,631951,668567,868691,220757,110223,130227,85053,2279410,2155364
20-02-2014,FII,230765,165057,340065,711587,371720,705932,335487,190404,12407,14638,27989,15096,1675527,1445620
20-02-2014,Pro,28574,85563,182651,151961,266668,249587,346971,530021,30539,31433,107512,56145,789452,1278173
20-02-2014,DII,10894,245,14667,98137,203918,1646,0,0,2025,0,0,0,233150,98382
21-02-2014,DII,9760,105,15176,97960,203874,1326,0,0,2025,0,0,0,232161,98065
21-02-2014,FII,242030,169041,349213,720407,383286,705252,334304,197087,12113,14133,28682,16326,1706027,1465847
21-02-2014,TOTAL,448486,448486,1194218,1194218,1347094,1603528,1347094,1603528,264838,159570,264838,159570,5017734,5017734
21-02-2014,Client,170853,190116,633896,213269,490918,686253,682222,865036,217571,114301,130701,85408,2313792,2166752
21-02-2014,Pro,25843,89224,195933,162582,269016,210697,330568,541405,33129,31136,105455,57836,765754,1287070
24-02-2014,DII,10447,80,15240,98050,203831,1166,0,0,2025,0,0,0,232709,98130
24-02-2014,Pro,30404,88406,203135,167195,263195,212771,328272,578995,34846,31687,106405,62290,776038,1331563
24-02-2014,TOTAL,471850,471850,1231656,1231656,1337296,1653355,1337296,1653355,269144,164696,269144,164696,5127997,5127997
24-02-2014,FII,266471,174343,370291,748672,388484,693731,322636,190908,13404,14639,28535,17505,1747020,1482599
25-02-2014,Client,150426,225192,650070,214316,504413,772603,717790,883672,218037,115972,134750,83889,2411521,2259609
25-02-2014,DII,9892,0,15187,97445,203839,1166,0,0,2025,0,0,0,232109,97445
25-02-2014,FII,301836,176401,384640,773098,406565,706311,327051,182469,14114,13715,28407,16667,1827181,1504093
25-02-2014,Pro,30326,90887,186670,151708,267138,202615,337114,616554,36932,33058,107951,62189,756739,1366403
25-02-2014,TOTAL,492480,492480,1236567,1236567,1381955,1682695,1381955,1682695,271108,162745,271108,162745,5227550,5227550
26-02-2014,Pro,17679,72281,119915,96019,199020,142921,175869,245654,13725,14585,28693,15519,507845,634035
26-02-2014,DII,7616,0,8705,94602,202490,24,0,0,0,0,0,0,218835,94602
26-02-2014,FII,233639,60019,315036,704057,285849,358452,257681,80748,4183,883,992,434,1198042,1103931
26-02-2014,Client,96701,223335,596106,145084,192359,327631,446168,502626,54368,26593,42591,26108,1293758,1385912
26-02-2014,TOTAL,355635,355635,1039762,1039762,879718,829028,879718,829028,72276,42061,72276,42061,3218480,3218480
28-02-2014,Client,107029,218165,591032,152082,250982,392426,526560,561357,77410,38406,60410,33804,1457285,1552378
28-02-2014,DII,7345,0,8746,99535,202490,60,0,0,0,0,0,0,218641,99535
28-02-2014,FII,231597,62117,316805,694037,313194,374671,266962,97049,12404,6616,7995,4044,1255287,1132204
28-02-2014,Pro,18259,83948,122792,93721,219197,159589,192341,268340,17903,16309,39312,23483,554049,701145
28-02-2014,TOTAL,364230,364230,1039375,1039375,985863,926746,985863,926746,107717,61331,107717,61331,3485262,3485262
03-03-2014,Client,105449,208899,587245,152575,283559,418151,551703,629193,97464,43408,70954,40204,1535276,1653528
03-03-2014,FII,225634,66478,318824,691748,325182,396333,277361,103710,15215,8303,10540,4731,1289491,1154568
03-03-2014,TOTAL,357305,357305,1039992,1039992,1047551,1017656,1047551,1017656,132001,70946,132001,70946,3665451,3665451
03-03-2014,Pro,18665,81528,124935,96505,236320,193112,218487,284753,19322,19235,50507,26011,611589,757791
03-03-2014,DII,7557,400,8988,99164,202490,10060,0,0,0,0,0,0,229095,99564
04-03-2014,Pro,22249,91142,129112,113193,258537,195291,224737,337141,23916,19414,52734,32362,648519,851309
04-03-2014,FII,250549,69313,325211,686060,348983,413375,279740,119742,15291,9183,12025,5047,1362592,1171927
04-03-2014,TOTAL,393092,393092,1058530,1058530,1100846,1113119,1100846,1113119,144013,82347,144013,82347,3891947,3891947
04-03-2014,Client,114413,232637,594583,163283,291244,494393,596369,656236,104806,53750,79254,44938,1653189,1772717
04-03-2014,DII,5881,0,9624,95994,202082,10060,0,0,0,0,0,0,227647,95994
05-03-2014,FII,273305,71566,337832,685782,362387,411427,280963,144027,15757,10021,12287,6187,1410729,1200812
05-03-2014,Pro,25741,108143,130212,115613,283128,180216,228223,369313,26301,20145,56347,36506,665743,914145
05-03-2014,Client,115987,241278,586336,171701,289638,585248,628043,673611,114528,61607,88018,49080,1753344,1851731
05-03-2014,DII,5954,0,10959,92243,202076,10060,0,0,66,0,0,0,229115,92243
05-03-2014,TOTAL,420987,420987,1065339,1065339,1137229,1186951,1137229,1186951,156652,91773,156652,91773,4058931,4058931
06-03-2014,DII,4637,0,11209,91306,202137,15060,0,0,66,0,0,0,233109,91306
06-03-2014,TOTAL,443707,443707,1076637,1076637,1180180,1330845,1180180,1330845,165785,104423,165785,104423,4301577,4301577
06-03-2014,Client,121397,278461,585820,180594,295188,696245,647248,750570,117555,73835,96182,53685,1890040,2006740
06-03-2014,FII,287595,55141,345507,681543,412343,434942,292512,165678,17026,10578,13673,7365,1507991,1215912
06-03-2014,Pro,30078,110105,134101,123194,270512,184598,240420,414597,31138,20010,55930,43373,670437,987619
07-03-2014,TOTAL,507856,507856,1057989,1057989,1254605,1476511,1254605,1476511,171885,122503,171885,122503,4591349,4591349
07-03-2014,Pro,35055,131161,135567,134526,285780,184910,263533,494465,41087,23157,58939,53595,705556,1136219
07-03-2014,DII,2865,102,13144,92127,202067,15060,0,0,170,0,0,0,233306,92229
07-03-2014,Client,112652,311777,546718,175962,288840,813853,677623,765786,113140,85184,98139,57566,1960387,2086853
07-03-2014,FII,357284,64816,362560,655374,477918,462688,313449,216260,17488,14162,14807,11342,1692100,1276048
10-03-2014,Pro,41107,129289,143107,146564,292892,192434,290462,512460,43103,26019,73021,58752,738662,1210548
10-03-2014,Client,117170,319016,560211,180715,324856,864053,683337,799898,134172,93063,105318,60333,2093525,2148617
10-03-2014,TOTAL,519788,519788,1084909,1084909,1302647,1553773,1302647,1553773,196923,134813,196923,134813,4792853,4792853
10-03-2014,FII,359395,71323,367782,662613,483073,482226,328848,241415,19392,15726,18584,15728,1727594,1338511
10-03-2014,DII,2116,160,13809,95017,201826,15060,0,0,256,5,0,0,233072,95177
11-03-2014,Client,116294,324984,574096,177857,353138,864134,689793,809928,153267,98501,113826,64435,2159430,2180823
11-03-2014,FII,372136,79851,366299,678736,497390,489990,329682,247544,21760,17825,23302,18742,1765400,1377857
11-03-2014,DII,2390,160,15177,97173,201826,13408,0,0,266,5,0,0,233072,97333
11-03-2014,TOTAL,526922,526922,1104055,1104055,1328254,1566081,1328254,1566081,218546,143380,218546,143380,4887238,4887238
11-03-2014,Pro,36102,121927,148483,150289,275900,198549,308779,508609,43253,27049,81418,60203,729336,1231225
12-03-2014,Pro,37105,118194,149192,151164,280916,198143,314842,513522,43665,26899,85290,60688,735920,1243700
12-03-2014,TOTAL,528199,528199,1108566,1108566,1344898,1595136,1344898,1595136,231290,147360,231290,147360,4955449,4955449
12-03-2014,DII,2407,160,15527,96634,201826,13408,0,0,266,5,0,0,233439,96794
12-03-2014,FII,371951,81928,361380,684333,497149,500970,330431,262996,23363,19168,26362,19628,1773981,1405678
12-03-2014,Client,116736,327917,582467,176435,365007,882615,699625,818618,163996,101288,119638,67044,2212109,2209277
13-03-2014,TOTAL,551536,551536,1128019,1128019,1363443,1568410,1363443,1568410,249677,157450,249677,157450,5018535,5018535
13-03-2014,DII,2481,160,16781,97949,203526,10060,0,0,266,0,0,0,233114,98109
13-03-2014,Client,117209,333984,595726,175289,376879,868344,718414,795751,179263,105400,127112,70855,2242821,2221405
13-03-2014,Pro,36300,125143,155231,152797,269968,198903,302018,507023,45196,29773,93376,65429,735371,1245786
13-03-2014,FII,395546,92249,360281,701984,513070,491103,343011,265636,24952,22277,29189,21166,1807229,1453235
14-03-2014,FII,388548,106503,354859,715517,521328,498647,347495,265459,25639,22377,30133,21353,1811398,1486460
14-03-2014,Pro,35024,110644,168164,158556,259885,204320,304051,504254,46358,29638,98628,66849,743389,1242982
14-03-2014,Client,118140,326882,609236,172256,394358,833104,727874,780418,187439,107630,130929,71443,2249907,2209802
14-03-2014,DII,2481,164,15567,101497,203849,14060,0,0,254,0,0,0,236211,101661
14-03-2014,TOTAL,544193,544193,1147826,1147826,1379420,1550131,1379420,1550131,259690,159645,259690,159645,5040905,5040905
18-03-2014,TOTAL,552667,552667,1162658.669,1162658.669,1422426,1570555,1422426,1570555,268167,165635,268167,165635,5142108.669,5142108.669
18-03-2014,FII,394693,99930,346412.4536,727117.6273,528846,505727,352145,277502,25321,21642,31109,22750,1822641.454,1510553.627
18-03-2014,Pro,34096,114863,177354.0036,162350.7551,267011,209384,317263,533396,46271,30687,104197,70957,764803.0036,1303026.755
18-03-2014,Client,121375,337714,622960.2123,171362.2871,422720,845384,753018,759657,196338,113306,132861,71928,2322083.212,2226540.287
18-03-2014,DII,2503,160,15932,101828,203849,10060,0,0,237,0,0,0,232581,101988
19-03-2014,Pro,34146,113658,179211,162969,275231,215703,322939,534873,50322,30507,108321,77205,785120,1319965
19-03-2014,TOTAL,568842,568842,1176180,1176180,1443484,1607408,1443484,1607408,275118,176338,275118,176338,5247370,5247370
19-03-2014,DII,2695,160,16231,101064,203849,10060,0,0,237,0,0,0,233072,101224
19-03-2014,FII,408201,110729,344980,735612,529535,493938,362549,287932,24991,21979,31125,24501,1823624,1552448
19-03-2014,Client,123800,344295,635758,176535,434869,887707,757996,784603,199568,123852,135672,74632,2405554,2273733
20-03-2014,FII,401838,108683,336559,746417,530649,501889,367068,292643,24349,20697,32226,25350,1815981,1572387
20-03-2014,TOTAL,554955,554955,1175175,1175175,1471303,1569215,1471303,1569215,284719,178979,284719,178979,5234346,5234346
20-03-2014,DII,2493,160,16175,97646,203849,11060,0,0,171,0,0,0,233748,97806
20-03-2014,Pro,30151,110076,179069,161373,267226,218303,353452,516803,49062,32072,112345,76287,775883,1330336
20-03-2014,Client,120473,336036,643372,169739,469579,837963,750783,759769,211137,126210,140148,77342,2408734,2233817
21-03-2014,TOTAL,578549,578549,1208869,1208869,1504897,1584379,1504897,1584379,285187,180586,285187,180586,5342467,5342467
21-03-2014,FII,412008,143701,335273,764417,526020,528846,365964,293489,23987,17626,32231,25707,1843760,1625509
21-03-2014,Pro,39213,99977,192426,172031,248720,224418,359095,525485,49657,32739,112520,74747,787173,1343855
21-03-2014,Client,124503,334711,660015,174509,526308,820055,779838,765405,211442,130221,140436,80132,2472544,2275031
21-03-2014,DII,2825,160,21155,97912,203849,11060,0,0,101,0,0,0,238990,98072
22-03-2014,Pro,36808,100103,193728,172517,250012,220059,361528,527910,49751,33110,113775,75058,783468,1350891
22-03-2014,TOTAL,578553,578553,1211508,1211508,1507695,1587056,1507695,1587056,288023,181660,288023,181660,5354495,5354495
22-03-2014,DII,2825,160,21155,97912,203849,11060,0,0,101,0,0,0,238990,98072
22-03-2014,FII,412158,143619,335272,764886,525930,528834,365964,293489,23987,17626,32231,25808,1843807,1625997
22-03-2014,Client,126762,334671,661353,176193,527904,827103,780203,765657,214184,130924,142017,80794,2488230,2279535
24-03-2014,FII,466552,166092,344027,777720,510622,536569,374631,302157,23853,16905,30784,26739,1898528,1678123
24-03-2014,TOTAL,641353,641353,1247657,1247657,1482633,1721513,1482633,1721513,279228,185850,279228,185850,5558234,5558234
24-03-2014,DII,2778,160,21784,95433,203849,10060,0,0,101,0,0,0,238572,95593
24-03-2014,Pro,43545,106538,206880,188504,260535,234844,349230,617110,50332,32417,109851,78969,828553,1450202
24-03-2014,Client,128478,368563,674966,186000,507627,940040,758772,802246,204942,136528,138593,80142,2592581,2334316
25-03-2014,Client,128486,382547,696754,187988,528704,946558,786853,811710,202348,137378,136605,79809,2640228,2385512
25-03-2014,DII,2929,160,23579,94358,203849,10060,0,0,93,0,0,0,240510,94518
25-03-2014,FII,497439,186683,369359,826771,531091,564498,374814,319657,22575,16513,31368,27115,2001475,1766408
25-03-2014,Pro,39672,99136,206777,187352,248374,228436,350351,618185,51652,33260,108695,80227,808171,1443946
25-03-2014,TOTAL,668526,668526,1296469,1296469,1512018,1749552,1512018,1749552,276668,187151,276668,187151,5690384,5690384
26-03-2014,Pro,34703,100837,194415,178869,231826,210327,333517,630922,54097,34159,108084,82724,759527,1434953
26-03-2014,TOTAL,660282,660282,1314855,1314855,1456999,1764967,1456999,1764967,273181,190497,273181,190497,5660781,5660781
26-03-2014,FII,497778,160730,383132,858280,545864,583974,356059,346284,20992,16700,31083,28176,2048440,1780612
26-03-2014,DII,2137,160,19135,92102,203849,10060,0,0,93,0,0,0,235274,92262
26-03-2014,Client,125664,398555,718173,185604,475460,960606,767423,787761,197999,139638,134014,79597,2617540,2352954
27-03-2014,TOTAL,409709,409709,1029221,1029221,926665,772729,926665,772729,74576,38527,74576,38527,3251427,3251427
27-03-2014,DII,1045,160,7531,85180,202374,0,0,0,0,0,0,0,210950,85340
27-03-2014,Client,97661,263381,540864,140641,206457,287931,466917,419503,61790,28833,42885,20519,1223536,1353846
27-03-2014,Pro,23381,87878,134337,100823,174108,135847,201277,201489,12054,9051,31275,17902,488778,640644
27-03-2014,FII,287622,58290,346489,702577,343726,348951,258471,151737,732,643,416,106,1328163,1171597
28-03-2014,Pro,24483,97468,139866,103029,194248,166491,210968,239751,17954,10281,42445,25280,553323,718941
28-03-2014,DII,1091,160,7696,86427,201804,0,0,0,0,0,0,0,210591,86587
28-03-2014,Client,100391,266724,543527,153649,233694,344222,524384,477792,85676,40000,61417,27668,1347510,1511634
28-03-2014,TOTAL,430591,430591,1045296,1045296,998860,875540,998860,875540,109637,55447,109637,55447,3515371,3515371
28-03-2014,FII,304626,66239,354207,702191,369114,364827,263508,157997,6007,5166,5775,2499,1403947,1198209
31-03-2014,Client,99141,266612,544552,155659,272652,380907,539412,522821,105179,46052,72677,32962,1448483,1590143
31-03-2014,DII,1091,160,8258,87108,201804,0,0,0,0,0,0,0,211153,87268
31-03-2014,FII,310417,77366,357349,701099,371345,393091,269154,182572,8452,6806,9957,4270,1447460,1244418
31-03-2014,Pro,24564,91075,140253,106546,191028,190103,228263,258708,21618,12870,52615,28496,580436,765703
31-03-2014,TOTAL,435213,435213,1050412,1050412,1036829,964101,1036829,964101,135249,65728,135249,65728,3687532,3687532
01-04-2014,Client,97394,257616,549311,159712,286518,416391,558500,537012,121682,52643,83618,38544,1523939,1635002
01-04-2014,DII,1091,260,7961,88199,201804,0,0,0,47,0,0,0,210903,88459
01-04-2014,FII,306687,72619,359351,700576,393959,395730,277380,198973,9525,8237,11222,5394,1473489,1266164
01-04-2014,Pro,26094,100771,142163,110299,188558,195252,234959,271388,24546,14943,60960,31885,591556,810262
01-04-2014,TOTAL,431266,431266,1058786,1058786,1070839,1007373,1070839,1007373,155800,75823,155800,75823,3799887,3799887
02-04-2014,Pro,26257,110508,144937,119376,212504,201741,241445,309757,27925,16066,65013,37352,629430,883451
02-04-2014,DII,1329,230,15553,88002,202537,0,0,0,77,0,0,0,219496,88232
02-04-2014,FII,314342,74193,373078,704229,423526,413461,289182,212760,10630,9185,12469,5904,1544222,1298737
02-04-2014,Client,104923,261920,554140,176101,272255,475357,580195,568042,128955,61636,90105,43631,1597266,1719994
02-04-2014,TOTAL,446851,446851,1087708,1087708,1110822,1090559,1110822,1090559,167587,86887,167587,86887,3990414,3990414
03-04-2014,Client,99775,254978,557636,173733,304181,541657,589534,614402,145775,62762,98001,46895,1711786,1777543
03-04-2014,Pro,26355,108671,145469,123111,219666,204863,267074,340587,28165,19022,74886,38171,643540,952500
03-04-2014,FII,312641,75973,371787,706502,436279,456805,306787,248336,12424,9515,13554,6233,1599451,1357385
03-04-2014,DII,1081,230,16999,88545,203269,0,0,0,77,0,0,0,221426,88775
03-04-2014,TOTAL,439852,439852,1091891,1091891,1163395,1203325,1163395,1203325,186441,91299,186441,91299,4176203,4176203
04-04-2014,Client,101373,259611,582470,177145,334117,499450,597499,615466,155897,66611,104415,49992,1739918,1804128
04-04-2014,FII,287761,68962,366865,721846,438938,478078,318359,252348,14889,10421,15344,6532,1596952,1383391
04-04-2014,TOTAL,418984,418984,1123304,1123304,1186806,1197648,1186806,1197648,201277,97476,201277,97476,4225495,4225495
04-04-2014,Pro,28557,90181,150820,134710,210224,220120,270948,329834,30414,20444,81518,40952,660579,948143
04-04-2014,DII,1293,230,23149,89603,203527,0,0,0,77,0,0,0,228046,89833
07-04-2014,Client,104747,271807,597511,186171,355220,522368,596776,639883,165133,71514,110619,52693,1816493,1857949
07-04-2014,FII,293022,71401,360762,727679,430737,481765,328349,250871,14843,10437,15311,6665,1591566,1400276
07-04-2014,TOTAL,430551,430551,1144773,1144773,1182835,1235515,1182835,1235515,211511,104115,211511,104115,4309300,4309300
07-04-2014,Pro,28490,87213,156229,138220,193249,231382,257710,344761,31458,22164,85581,44757,662972,958242
07-04-2014,DII,4292,130,30271,92703,203629,0,0,0,77,0,0,0,238269,92833
09-04-2014,Pro,33998,89401,161620,143854,208007,202765,261284,374008,37579,21562,88566,51163,665531,1008276
09-04-2014,TOTAL,455401,455401,1164810,1164810,1170406,1291004,1170406,1291004,219271,114260,219271,114260,4415152,4415152
09-04-2014,FII,299757,74469,358434,728607,437625,493611,311607,243999,15272,11376,15986,7592,1616075,1382260
09-04-2014,DII,4942,130,32680,93408,203629,0,0,0,77,0,0,0,241328,93538
09-04-2014,Client,116704,291401,612076,198941,321145,594628,597515,672997,166343,81322,114719,55505,1892218,1931078
10-04-2014,Client,112403,286831,618596,199122,353818,608654,606254,716148,175261,87351,118949,60464,1956083,1987768
10-04-2014,FII,288820,73913,358509,739338,460757,523169,322724,222645,17284,12467,18942,8764,1661006,1386326
10-04-2014,TOTAL,441454,441454,1174424,1174424,1221498,1348631,1221498,1348631,233150,124528,233150,124528,4543685,4543685
10-04-2014,Pro,35753,80580,164625,143103,204216,216808,292520,409838,40501,24710,95259,55300,686613,1076600
10-04-2014,DII,4478,130,32694,92861,202707,0,0,0,104,0,0,0,239983,92991
11-04-2014,DII,6325,130,30805,94574,202973,0,0,0,104,0,0,0,240207,94704
11-04-2014,FII,283205,77244,353474,752109,464048,523685,328248,230314,20169,13539,20847,9818,1658120,1418580
11-04-2014,Pro,34176,76069,170039,142845,195840,227197,307757,403866,42608,29247,107426,60741,699107,1098704
11-04-2014,TOTAL,437211,437211,1184156,1184156,1256160,1356775,1256160,1356775,262899,139655,262899,139655,4636856,4636856
11-04-2014,Client,113505,283768,629838,194628,393299,605893,620155,722595,200018,96869,134626,69096,2039422,2024868
15-04-2014,Pro,37897,72891,173604,144450,200863,214576,344644,377076,41989,33421,121245,64133,702350,1124439
15-04-2014,DII,8949,180,27979,94006,202973,0,0,0,72,0,0,0,239973,94186
15-04-2014,FII,265631,90366,348934,750379,459526,524446,333627,216604,20142,12763,22968,10663,1631442,1424607
15-04-2014,Client,112576,261616,625459,187141,466366,579776,651457,725118,224272,99904,142262,71292,2108353,2038886
15-04-2014,TOTAL,425053,425053,1175976,1175976,1329728,1318798,1329728,1318798,286475,146088,286475,146088,4682118,4682118
16-04-2014,Client,112532,272724,644658,189843,521684,512942,665581,700518,238028,102046,149593,75885,2131890,2054144
16-04-2014,DII,9646,696,28258,95133,205006,150,0,0,57,32,0,0,243149,95829
16-04-2014,FII,282296,101472,342188,752848,446419,540803,336381,212256,21385,12788,22477,10628,1645879,1436062
16-04-2014,Pro,39529,69111,176059,153339,199629,229343,370776,370464,40694,34362,128094,62715,719616,1154499
16-04-2014,TOTAL,444003,444003,1191163,1191163,1372738,1283238,1372738,1283238,300164,149228,300164,149228,4740534,4740534
17-04-2014,Pro,40959,69687,183551,164107,204638,227560,313204,427542,43026,30786,117036,68188,730520,1159764
17-04-2014,DII,8184,130,18355,97141,203617,0,0,0,57,32,0,0,230245,97271
17-04-2014,TOTAL,479605,479605,1231504,1231504,1317752,1381592,1317752,1381592,286846,155154,286846,155154,4852453,4852453
17-04-2014,FII,301826,99719,353454,770318,460994,552019,345698,214352,21195,12479,21991,11101,1701967,1463179
17-04-2014,Client,128636,310069,676144,199938,448503,602013,658850,739698,222568,111857,147819,75865,2189721,2132239
21-04-2014,TOTAL,516023,516023,1288893,1288893,1319067,1478765,1319067,1478765,288482,160140,288482,160140,5051370,5051370
21-04-2014,Client,133326,326927,698826,209567,462292,670206,663346,777858,224157,115400,146000,75249,2304207,2198947
21-04-2014,FII,328132,114944,376716,803929,451795,568525,343001,213333,20974,12179,22004,11784,1758321,1508995
21-04-2014,Pro,46585,74022,196968,176785,202813,240034,312720,487574,43164,32529,120478,73107,762093,1244686
21-04-2014,DII,7980,130,16383,98612,202167,0,0,0,187,32,0,0,226749,98742
22-04-2014,Pro,38067,79451,189481,170743,196864,206432,312445,481276,43311,35486,124152,71573,709641,1239640
22-04-2014,DII,8011,130,16545,100582,201017,0,0,0,712,32,0,0,226317,100712
22-04-2014,Client,130192,336742,716474,212527,486733,700945,678117,799324,228575,112477,147713,77311,2375396,2251734
22-04-2014,TOTAL,535576,535576,1308874,1308874,1314291,1486288,1314291,1486288,292909,160936,292909,160936,5098874,5098874
22-04-2014,FII,359306,119253,386374,825022,429677,578911,323729,205688,20311,12941,21044,12052,1787520,1506788
23-04-2014,Client,100396,254492,713727,193803,146943,124509,384593,402852,53448,24367,45938,25263,1163390,1306941
23-04-2014,DII,4860,130,8914,109268,200917,0,0,0,737,0,0,0,215428,109398
23-04-2014,FII,231193,46089,392513,810306,301734,387435,250675,73581,2593,1280,766,0,1316748,1181417
23-04-2014,Pro,19250,54988,134943,136720,132946,122242,147272,157753,14598,14691,24672,15075,438670,536480
23-04-2014,TOTAL,355699,355699,1250097,1250097,782540,634186,782540,634186,71376,40338,71376,40338,3134236,3134236
25-04-2014,FII,214689,56843,393136,816513,345370,408444,264163,90462,8157,6674,6150,2168,1376470,1236299
25-04-2014,Client,105161,233168,721001,200049,186299,162700,439962,448597,79185,31483,62870,34913,1285829,1419559
25-04-2014,TOTAL,344279,344279,1264702,1264702,873417,720327,873417,720327,107240,57612,107240,57612,3367577,3367577
25-04-2014,DII,6179,130,10537,109984,201067,0,0,0,629,0,0,0,218412,110114
25-04-2014,Pro,18250,54138,140028,138156,140681,149183,169292,181268,19269,19455,38220,20531,486866,601605
28-04-2014,Client,114136,241791,737226,209201,211961,178451,464517,475568,91962,36423,74251,41452,1370159,1506780
28-04-2014,DII,6147,330,12770,111973,201067,240,0,0,525,0,0,0,220749,112303
28-04-2014,FII,215414,64559,393038,819913,360492,429992,277027,97881,11301,9331,8851,3144,1419568,1271375
28-04-2014,Pro,22847,51864,146271,148218,162661,154814,194637,190048,23459,22046,44145,23204,532098,652116
28-04-2014,TOTAL,358544,358544,1289305,1289305,936181,763497,936181,763497,127247,67800,127247,67800,3542574,3542574
29-04-2014,Client,115953,235608,744733,203281,243341,194527,465257,500516,107903,38500,82718,46686,1444957,1534066
29-04-2014,Pro,26956,53220,148309,142328,166220,165709,213236,196861,25513,26149,53251,24516,558856,683412
29-04-2014,FII,193750,55346,382550,830761,363758,440486,296472,103515,12155,10337,10127,3784,1403036,1300005
29-04-2014,DII,7752,237,13042,112264,201646,170,0,0,525,0,0,0,223135,112501
29-04-2014,TOTAL,344411,344411,1288634,1288634,974965,800892,974965,800892,146096,74986,146096,74986,3629984,3629984
30-04-2014,Client,115531,231456,731921,198050,268633,208174,467830,527816,123005,41197,89045,50690,1488461,1564887
30-04-2014,FII,194713,64245,386270,832480,366323,489608,316753,136671,13687,11373,12267,4688,1461974,1367104
30-04-2014,TOTAL,345927,345927,1275805,1275805,1007052,872215,1007052,872215,163616,82189,163616,82189,3746804,3746804
30-04-2014,Pro,27982,49989,145801,132074,170466,174263,222469,207728,26399,29619,62304,26811,574530,701375
30-04-2014,DII,7701,237,11813,113201,201630,170,0,0,525,0,0,0,221839,113438
02-05-2014,TOTAL,346327,346327,1289392,1289392,1029600,941415,1029600,941415,175716,90385,175716,90385,3872835,3872835
02-05-2014,Pro,29220,50691,146498,135181,174272,193002,229915,231555,28730,31791,67459,31299,603513,746100
02-05-2014,DII,6167,245,11703,113258,201630,170,0,0,525,0,0,0,220195,113503
02-05-2014,Client,120449,228233,739779,202138,278750,219075,481490,557461,131116,46906,94771,53895,1536075,1617988
02-05-2014,FII,190491,67158,391412,838815,374948,529168,318195,152399,15345,11688,13486,5191,1513052,1395244
05-05-2014,TOTAL,357165,357165,1305414,1305414,1063992,973116,1063992,973116,184512,95604,184512,95604,3979803,3979803
05-05-2014,Pro,33101,51682,148842,137950,182148,199361,240653,233982,31467,33822,71039,32685,628741,767991
05-05-2014,FII,196194,70193,393419,848469,367829,545443,336981,165725,15698,12384,14153,5705,1530967,1441226
05-05-2014,DII,6174,100,12446,113429,201687,0,0,0,525,0,0,0,220832,113529
05-05-2014,Client,121696,235190,750707,205566,312328,228312,486358,573409,136822,49398,99320,57214,1599263,1657057
06-05-2014,Client,126298,235462,756409,206251,331192,249204,510947,576727,144982,51431,107504,59142,1659516,1696033
06-05-2014,FII,186080,73218,392963,854238,387189,545772,354410,189454,17378,12018,14603,5630,1541400,1491553
06-05-2014,TOTAL,355459,355459,1312191,1312191,1102639,999708,1102639,999708,194430,97956,194430,97956,4062383,4062383
06-05-2014,Pro,36881,46679,150332,138439,184314,204732,237282,233527,31545,34507,72306,33184,642311,761417
06-05-2014,DII,6200,100,12487,113263,199944,0,0,0,525,0,17,0,219156,113380
07-05-2014,TOTAL,377502,377502,1320985,1320985,1201347,1031622,1201347,1031622,206066,102748,206066,102748,4240270,4240270
07-05-2014,DII,6407,100,12639,113639,200085,0,0,0,525,0,137,0,219656,113876
07-05-2014,FII,188666,91043,388393,861638,431852,541062,402708,210586,19313,12586,17291,6472,1581872,1589738
07-05-2014,Client,135182,239379,769434,205765,377487,273722,545283,585426,154613,54398,113250,61011,1764836,1750114
07-05-2014,Pro,47247,46980,150519,139943,191923,216838,253356,235610,31615,35764,75388,35265,673906,786542
08-05-2014,Client,140893,244025,776289,208010,415000,284659,564416,604505,160389,55523,118273,63369,1832753,1802598
08-05-2014,DII,6405,100,12741,112935,202751,0,0,0,525,0,137,0,222422,113172
08-05-2014,Pro,53589,45398,153171,137381,190837,223550,250375,239805,33402,37975,76888,35794,692524,785641
08-05-2014,FII,177455,88819,386437,870312,455470,548119,449267,212018,20400,12997,19418,7332,1600878,1647166
08-05-2014,TOTAL,378342,378342,1328638,1328638,1264058,1056328,1264058,1056328,214716,106495,214716,106495,4348577,4348577
09-05-2014,Pro,64511,50222,158475,143921,239344,243152,306002,273102,41609,38590,74886,38678,785681,886811
09-05-2014,TOTAL,412019,412019,1347530,1347530,1442767,1144631,1442767,1144631,222765,113769,222765,113769,4683481,4683481
09-05-2014,DII,5223,1200,15525,112232,207505,0,0,0,2073,0,137,0,230326,113569
09-05-2014,FII,203769,97471,393288,883030,512847,583184,539768,246574,21449,13755,21818,9758,1728292,1798419
09-05-2014,Client,138516,263126,780242,208347,483071,318295,596997,624955,157634,61424,125924,65333,1939182,1884682
12-05-2014,TOTAL,416298,416298,1354961,1354961,1597521,1254942,1597521,1254942,242299,131144,242299,131144,4997165,4997165
12-05-2014,Client,148841,267360,774247,202530,621643,400149,672753,651110,173806,72705,136066,69597,2191391,1999416
12-05-2014,Pro,63938,46477,160918,148223,228517,232220,317680,300726,42009,42596,80997,46741,770198,940844
12-05-2014,FII,198894,99861,403005,894183,540687,622573,607088,303106,24411,15843,25094,14806,1805413,1944138
12-05-2014,DII,4625,2600,16791,110025,206674,0,0,0,2073,0,142,0,230163,112767
13-05-2014,Client,139886,279094,786745,204315,634199,398209,691260,655916,178661,76900,139929,70201,2214600,2040715
13-05-2014,DII,4432,4600,20749,109734,206121,0,0,0,2168,0,137,0,233470,114471
13-05-2014,FII,249199,108143,405018,903668,553600,639703,626234,283387,25510,16921,25617,15971,1889951,1963020
13-05-2014,Pro,47932,49612,158543,153338,228319,217567,304745,316176,41779,41616,82435,49265,735756,955571
13-05-2014,TOTAL,441449,441449,1371055,1371055,1622239,1255479,1622239,1255479,248118,135437,248118,135437,5073777,5073777
14-05-2014,Pro,54566,46611,166396,164268,233540,225297,308742,305152,43086,42489,87194,52836,765374,964803
14-05-2014,TOTAL,470922,470922,1409164,1409164,1684209,1305325,1684209,1305325,261045,143874,261045,143874,5274539,5274539
14-05-2014,DII,4357,4600,22916,112055,211581,0,0,0,1708,0,137,0,240562,116792
14-05-2014,Client,153695,299585,835054,206043,690204,430586,696795,680147,189148,82167,145177,73777,2380854,2101524
14-05-2014,FII,258304,120126,384798,926798,548884,649442,678672,320026,27103,19218,28537,17261,1887749,2091420
15-05-2014,TOTAL,496050,496050,1405012,1405012,1919559,1436009,1919559,1436009,284299,152920,284299,152920,5693849,5693849
15-05-2014,Client,170816,317184,856329,193956,829290,501387,764091,745370,208690,88321,156336,79579,2654833,2256516
15-05-2014,FII,267654,123048,361188,945528,598690,711436,792049,354985,29021,20367,29786,18000,1988356,2263396
15-05-2014,Pro,52767,51218,161924,154774,276235,223186,363419,335654,44880,44232,98040,55341,803224,1058446
15-05-2014,DII,4813,4600,25571,110754,215344,0,0,0,1708,0,137,0,247436,115491
16-05-2014,TOTAL,592498,592498,1524003,1524003,1970823,1395696,1970823,1395696,282055,162462,282055,162462,5927537,5927537
16-05-2014,Client,255165,390420,958338,214898,965772,463924,751486,682206,203426,98479,152361,77116,2945104,2268487
16-05-2014,FII,256530,134505,354104,1011197,567048,704278,792299,380461,29251,19533,28229,19134,1930744,2365825
16-05-2014,Pro,75116,64173,184380,179903,235686,227494,427038,333029,47674,44450,101328,66212,814800,1171683
16-05-2014,DII,5687,3400,27181,118005,202317,0,0,0,1704,0,137,0,236889,121542
19-05-2014,Pro,63817,63084,194778,182680,232290,210882,420369,355775,57809,45118,111652,81892,804694,1215452
19-05-2014,DII,11251,1411,30379,117997,204792,0,0,0,2297,0,137,0,248719,119545
19-05-2014,Client,249074,397903,1000377,230539,902749,463588,711550,679271,207870,115936,155513,78989,2939594,2253765
19-05-2014,TOTAL,620113,620113,1558117,1558117,1904044,1409939,1904044,1409939,297849,181162,297849,181162,5971224,5971224
19-05-2014,FII,295971,157715,332583,1026901,564213,735469,772125,374893,29873,20108,30547,20281,1978217,2382462
20-05-2014,Client,241069,403105,1030228,227004,914966,487562,710785,706624,222934,121823,162181,83942,3018582,2293641
20-05-2014,Pro,64955,66371,200417,193523,217942,227033,436704,381716,61499,48572,121020,85628,820418,1284962
20-05-2014,FII,313815,158090,323172,1046718,567157,745982,757305,372237,32427,21241,35964,22066,2003794,2392380
20-05-2014,DII,9146,1419,31282,117854,204729,0,0,0,2442,0,137,0,247599,119410
20-05-2014,TOTAL,628985,628985,1585099,1585099,1904794,1460577,1904794,1460577,319302,191636,319302,191636,6090393,6090393
21-05-2014,Client,240720,416531,1067009,228768,945273,479071,705103,750418,234678,124596,166095,87352,3091347,2354267
21-05-2014,TOTAL,647226,647226,1624620,1624620,1933021,1511231,1933021,1511231,333931,196757,333931,196757,6246786,6246786
21-05-2014,DII,3392,2071,27643,117979,204729,0,0,0,2372,0,137,0,238136,120187
21-05-2014,Pro,72955,61376,204900,196685,212074,240603,463104,388140,63992,50427,129007,87526,844951,1325838
21-05-2014,FII,330159,167248,325068,1081188,570945,791557,764814,372673,32889,21734,38692,21879,2072352,2446494
22-05-2014,Client,237040,409148,1086703,233899,939394,485923,724066,738831,243281,131516,170901,90857,3123857,2367702
22-05-2014,TOTAL,646120,646120,1653766,1653766,1932330,1515083,1932330,1515083,348141,206386,348141,206386,6301826,6301826
22-05-2014,DII,3368,2071,27987,117673,205653,0,0,0,2176,0,137,0,239184,119881
22-05-2014,Pro,63103,65910,207146,198686,217131,219393,438996,395529,67205,51558,135294,90990,825536,1325405
22-05-2014,FII,342609,168991,331930,1103508,570152,809767,769268,380723,35479,23312,41809,24539,2113249,2488838
23-05-2014,Pro,67283,79483,218665,204479,236844,214838,424452,425033,72185,53898,137258,102210,863713,1372915
23-05-2014,TOTAL,660793,660793,1677070,1677070,1899783,1564468,1899783,1564468,351548,225739,351548,225739,6379401,6379401
23-05-2014,FII,346795,185206,339958,1111256,569541,829405,757483,390928,35732,24167,44167,27282,2145598,2516322
23-05-2014,DII,3365,2075,28289,118687,205353,0,0,0,2183,0,137,0,239190,120899
23-05-2014,Client,243350,394029,1090158,242648,888045,520225,717848,748507,241448,147674,169986,96247,3130900,2369265
26-05-2014,Client,239911,391941,1073910,235737,921865,527978,766833,741706,263069,140217,173062,98303,3166950,2407582
26-05-2014,FII,348780,178582,377939,1145222,555680,834882,738768,407469,37531,25193,47360,29219,2180005,2546620
26-05-2014,TOTAL,652777,652777,1701858,1701858,1935567,1574755,1935567,1574755,371778,225714,371778,225714,6462449,6462449
26-05-2014,Pro,60731,80179,221604,202932,256479,211895,429966,425580,68995,60304,151219,98192,880008,1388068
26-05-2014,DII,3355,2075,28405,117967,201543,0,0,0,2183,0,137,0,235486,120179
27-05-2014,DII,3260,2075,24973,116536,202516,0,0,0,2159,0,137,0,232908,118748
27-05-2014,FII,350940,180555,382396,1174833,542302,833072,720641,417224,37010,25411,46797,30421,2171131,2570471
27-05-2014,Pro,60435,76856,220136,197691,255170,207100,462223,426867,67194,59543,158882,96019,869578,1418538
27-05-2014,TOTAL,674387,674387,1749088,1749088,1971806,1592615,1971806,1592615,385012,225256,385012,225256,6598164,6598164
27-05-2014,Client,259752,414901,1121583,260028,971818,552443,788942,748524,278649,140302,179196,98816,3324547,2490407
28-05-2014,Pro,50729,75332,214211,191431,254374,197124,452559,426421,69080,56064,155562,98448,841582,1399753
28-05-2014,DII,3234,675,23891,117841,202516,0,0,0,1996,0,137,0,231637,118653
28-05-2014,FII,385634,195932,395479,1205885,523488,839749,705195,430501,35637,25722,45238,29247,2205709,2611998
28-05-2014,Client,272379,440037,1168106,286530,973956,591122,796580,771073,273925,145454,179701,99545,3424942,2573466
28-05-2014,TOTAL,711976,711976,1801687,1801687,1954334,1627995,1954334,1627995,380638,227240,380638,227240,6703870,6703870
29-05-2014,TOTAL,431525,431525,1499435,1499435,1000043,683459,1000043,683459,87673,33895,87673,33895,3736030,3736030
29-05-2014,Pro,38341,35291,136621,111695,137737,145829,188955,159870,10502,9495,40115,10713,478525,546639
29-05-2014,DII,3396,675,15525,104055,201257,0,0,0,1400,0,22,0,221578,104752
29-05-2014,Client,213994,326964,1011964,186137,326124,201419,465894,410716,73232,24400,45018,21244,1851133,1455973
29-05-2014,FII,175794,68595,335325,1097548,334925,336211,345194,112873,2539,0,2518,1938,1184794,1628666
30-05-2014,DII,4912,675,16488,112863,201277,0,0,0,1909,0,22,0,224586,113560
30-05-2014,Client,222251,336417,1032513,189016,394788,224293,506739,453349,104601,35619,65948,34849,2014065,1586318
30-05-2014,TOTAL,465797,465797,1526135,1526135,1095894,741504,1095894,741504,134476,56423,134476,56423,4020229,4020229
30-05-2014,FII,202394,89335,330543,1113826,351327,356279,374061,110579,10793,4418,10802,4518,1255754,1703121
30-05-2014,Pro,36240,39370,146591,110430,148502,160932,215094,177576,17173,16386,57704,17056,525824,617230
02-06-2014,Pro,36415,51695,157020,122503,176487,162482,226158,225229,23499,18273,65440,22078,574176,713103
02-06-2014,FII,204221,82502,337606,1123092,398463,375404,396440,121755,13805,7125,15641,6536,1336624,1745966
02-06-2014,TOTAL,460284,460284,1555624,1555624,1158056,853462,1158056,853462,159805,69367,159805,69367,4256598,4256598
02-06-2014,DII,5079,675,18433,111474,201289,0,0,0,2900,0,22,0,227701,112171
02-06-2014,Client,214569,325412,1042565,198555,381817,315576,535458,506478,119601,43969,78702,40753,2118097,1685358
03-06-2014,DII,5070,680,17845,107902,201427,0,0,0,2938,0,22,0,227280,108604
03-06-2014,TOTAL,445485,445485,1542989,1542989,1232954,914340,1232954,914340,180854,82113,180854,82113,4398735,4398735
03-06-2014,Client,206816,301986,1021783,200801,403418,385273,595277,529738,135594,50372,89145,47463,2203256,1764410
03-06-2014,FII,196295,78150,342361,1114850,415167,378373,399932,126658,16521,10435,19443,9399,1359152,1748432
03-06-2014,Pro,37304,64669,161000,119436,212942,150694,237745,257944,25801,21306,72244,25251,609047,777289
04-06-2014,Client,196749,275600,1013531,210124,420364,410115,614049,557210,152362,57689,100179,54595,2250810,1811757
04-06-2014,DII,4971,680,17043,107838,201430,0,0,0,2938,0,22,0,226382,108540
04-06-2014,FII,188471,87690,363767,1117729,424217,385992,403196,138094,18368,12240,21886,11841,1393055,1780436
04-06-2014,Pro,38105,64326,169392,128042,211454,154664,240220,255467,28457,25256,80038,28749,627328,796842
04-06-2014,TOTAL,428296,428296,1563733,1563733,1257465,950771,1257465,950771,202125,95185,202125,95185,4497575,4497575
05-06-2014,Client,194637,245026,988279,219748,400572,468689,625436,574297,167074,64202,108945,60379,2283453,1833831
05-06-2014,DII,4848,680,16265,105983,201430,0,0,0,2953,0,22,0,225496,106685
05-06-2014,FII,167660,90735,384722,1116575,444442,389403,404269,145053,20723,14638,25794,13013,1421588,1795439
05-06-2014,Pro,44493,75197,176729,123689,230939,142430,247678,281172,33142,27559,89131,33007,655292,849874
05-06-2014,TOTAL,411638,411638,1565995,1565995,1277383,1000522,1277383,1000522,223892,106399,223892,106399,4585829,4585829
06-06-2014,DII,6061,680,16999,105445,202202,0,0,0,2953,0,22,0,228215,106147
06-06-2014,FII,163883,98232,399903,1114239,462836,402375,406576,160399,22381,16893,28610,15120,1468271,1823176
06-06-2014,TOTAL,410364,410364,1565905,1565905,1301105,1096365,1301105,1096365,240587,117387,240587,117387,4731713,4731713
06-06-2014,Client,189261,227989,967205,225552,399430,535276,646933,591989,178181,71090,116085,66050,2340443,1874598
06-06-2014,Pro,51159,83463,181798,120669,236637,158714,247596,343977,37072,29404,95870,36217,694784,927792
09-06-2014,Client,201385,231331,984879,234620,418418,610060,668463,633204,189519,77729,122080,70330,2481990,1960028
09-06-2014,FII,184183,109056,406760,1126799,488404,423919,418589,187844,22503,17994,30005,16149,1543763,1888442
09-06-2014,TOTAL,438341,438341,1592675,1592675,1352772,1197878,1352772,1197878,255081,127311,255081,127311,4964058,4964058
09-06-2014,Pro,47812,97274,183376,126034,243751,163237,265720,376830,40106,31588,102974,40832,709870,1009664
09-06-2014,DII,4961,680,17660,105222,202199,662,0,0,2953,0,22,0,228435,105924
10-06-2014,Client,218347,231528,1001044,259822,437542,597050,678175,643465,202359,79671,129998,73616,2536013,2016604
10-06-2014,FII,187767,137812,418715,1125906,495297,433861,432876,195401,24087,19225,31671,16463,1578952,1940129
10-06-2014,TOTAL,460624,460624,1622311,1622311,1376296,1194594,1376296,1194594,270894,132119,270894,132119,5056838,5056838
10-06-2014,Pro,48858,90600,184900,131462,241263,163021,265245,355728,41495,33223,109203,42040,712760,994278
10-06-2014,DII,5652,684,17652,105121,202194,662,0,0,2953,0,22,0,229113,105827
11-06-2014,FII,191976,140035,419364,1110192,504198,446592,441142,212753,26829,20077,35549,18748,1609036,1958419
11-06-2014,Client,215300,230292,991309,265002,496683,620517,708539,664464,226374,84156,140676,77958,2634339,2086931
11-06-2014,TOTAL,460398,460398,1609507,1609507,1436201,1249447,1436201,1249447,298402,142054,298402,142054,5196009,5196009
11-06-2014,DII,7230,684,18565,106551,202194,662,0,0,2953,0,22,0,231604,107257
11-06-2014,Pro,45892,89387,180269,127762,233126,181676,286520,372230,42246,37821,122155,45348,721030,1043402
12-06-2014,Client,218595,231729,991204,275198,498238,656456,719246,664760,239510,89506,150956,80175,2693509,2122064
12-06-2014,FII,202386,146472,422690,1105028,514451,450647,455094,226692,27502,20492,35795,19288,1638168,1988369
12-06-2014,TOTAL,472979,472979,1619126,1619126,1442163,1284822,1442163,1284822,314011,147140,314011,147140,5280241,5280241
12-06-2014,Pro,43883,94034,184828,132197,227280,177057,267823,393370,44046,37142,127238,47677,714236,1062339
12-06-2014,DII,8115,744,20404,106703,202194,662,0,0,2953,0,22,0,234328,107469
13-06-2014,DII,7527,850,21037,107577,202260,662,0,0,2958,0,22,0,234444,108449
13-06-2014,FII,197038,156113,422221,1088472,510234,483946,464485,221244,29938,20196,38706,19721,1663573,1988741
13-06-2014,Pro,42788,71608,185149,131752,208091,191983,335294,346196,42831,40904,138444,45875,711746,1069169
13-06-2014,TOTAL,443232,443232,1587583,1587583,1501278,1252502,1501278,1252502,337836,147573,337836,147573,5270004,5270004
13-06-2014,Client,195879,214661,959176,259782,580693,575911,701499,685062,262109,86473,160664,81977,2660241,2103645
16-06-2014,Pro,43567,59540,191293,144153,204837,188611,353108,343939,44651,40264,144344,47209,713223,1092293
16-06-2014,DII,7568,845,23312,108058,202264,3222,0,0,2958,0,90,0,239324,108993
16-06-2014,FII,210077,167091,424587,1101898,502273,505010,469498,213136,29396,20169,39337,19679,1691512,2010639
16-06-2014,Client,177700,211436,961736,246819,614010,575292,700778,715060,275675,90217,168909,83762,2694630,2126764
16-06-2014,TOTAL,438912,438912,1600928,1600928,1523384,1272135,1523384,1272135,352680,150650,352680,150650,5338689,5338689
17-06-2014,Client,182797,215900,995158,246012,558849,600067,697439,724554,273338,96370,172360,85115,2706579,2141380
17-06-2014,DII,8970,739,24787,110313,205764,1946,0,0,2958,0,90,0,244425,111142
17-06-2014,FII,208747,170622,412657,1122120,515833,534938,463305,211337,28292,21147,38340,21755,1721614,2027479
17-06-2014,Pro,45648,58901,197534,151691,215160,196988,334862,398048,47491,39758,141289,50405,742579,1135196
17-06-2014,TOTAL,446162,446162,1630136,1630136,1495606,1333939,1495606,1333939,352079,157275,352079,157275,5415197,5415197
18-06-2014,TOTAL,433275,433275,1628430,1628430,1578861,1322492,1578861,1322492,371837,162376,371837,162376,5497271,5497271
18-06-2014,Pro,38835,67056,200325,142724,234354,206042,370102,385078,46171,42552,149349,51003,768279,1165312
18-06-2014,DII,9909,932,25891,109382,209464,2586,0,0,2958,0,90,0,250808,110404
18-06-2014,Client,185558,210168,987666,260266,608694,572839,742132,709223,290105,98764,180078,88784,2743626,2190651
18-06-2014,FII,198973,155119,414548,1116058,526349,541025,466627,228191,32603,21060,42320,22589,1734558,2030904
19-06-2014,TOTAL,439115,439115,1638366,1638366,1653720,1331299,1653720,1331299,381749,170653,381749,170653,5614902,5614902
19-06-2014,Pro,40375,61781,207074,152458,225111,201510,399657,382521,46482,45195,156472,53328,765747,1206217
19-06-2014,Client,186352,206359,986872,260506,679633,552287,769352,727948,299326,104115,182417,94209,2808585,2240791
19-06-2014,FII,201751,170043,417194,1112859,539526,574932,484711,220830,32983,21343,42770,23116,1787729,2054329
19-06-2014,DII,10637,932,27226,112543,209450,2570,0,0,2958,0,90,0,252841,113565
20-06-2014,TOTAL,440084,440084,1662609,1662609,1670190,1354375,1670190,1354375,382295,170676,382295,170676,5680229,5680229
20-06-2014,DII,10698,932,28507,115971,208520,1490,0,0,3078,0,90,0,252293,116993
20-06-2014,FII,203603,170868,422227,1115854,553881,591374,497400,230049,32299,20700,45358,23864,1824084,2083393
20-06-2014,Pro,38154,63500,213825,162760,221737,213097,408997,378905,47257,46121,153471,50764,780191,1218397
20-06-2014,Client,187629,204784,998050,268024,686052,548414,763793,745421,299661,103855,183376,96048,2823661,2261446
23-06-2014,Client,196564,224175,1023999,272068,732184,529193,770704,754794,301930,105814,184882,95850,2889684,2302473
23-06-2014,FII,215581,183304,440719,1146006,550929,616617,504382,235610,29500,19434,44168,24806,1872780,2138276
23-06-2014,TOTAL,469722,469722,1722551,1722551,1710133,1358421,1710133,1358421,384013,172578,384013,172578,5817418,5817418
23-06-2014,Pro,45609,61422,229001,184756,222964,211121,435047,368017,49505,47330,154873,51922,805530,1256037
23-06-2014,DII,11968,821,28832,119721,204056,1490,0,0,3078,0,90,0,249424,120632
24-06-2014,TOTAL,500370,500370,1773982,1773982,1658519,1431720,1658519,1431720,371267,177663,371267,177663,5913521,5913521
24-06-2014,Client,208659,251768,1060632,289883,655645,598180,768459,760703,286043,112616,180919,93851,2921775,2345583
24-06-2014,FII,236232,187668,457305,1170162,564196,615730,506211,237706,27780,19022,43737,27430,1920265,2172914
24-06-2014,Pro,43517,60113,227952,192533,235332,216704,383849,433311,54366,46025,146543,56382,823896,1272731
24-06-2014,DII,11962,821,28093,121404,203346,1106,0,0,3078,0,68,0,247585,122293
25-06-2014,TOTAL,523733,523733,1792412,1792412,1656505,1437565,1656505,1437565,374545,180162,374545,180162,5964922,5964922
25-06-2014,DII,11975,821,24733,125180,200581,1106,0,0,3078,0,68,0,241473,126069
25-06-2014,Client,219465,267423,1097307,309506,695711,606286,759275,763125,289416,115486,182590,94497,3023671,2376416
25-06-2014,FII,253594,200500,461925,1188197,545627,609725,501903,232981,26555,18202,44817,26998,1915628,2195396
25-06-2014,Pro,38699,54989,208447,169529,214586,220448,395327,441459,55496,46474,147070,58667,784150,1267041
26-06-2014,DII,6858,356,15394,117008,193157,240,0,0,125,0,0,0,215774,117364
26-06-2014,Client,147119,233007,1006270,202365,283590,170507,456202,429884,75113,22533,55950,29146,1705132,1406554
26-06-2014,TOTAL,380926,380926,1514748,1514748,916611,671549,916611,671549,94079,39594,94079,39594,3617507,3617507
26-06-2014,Pro,29883,42332,130876,102587,143606,175542,176666,147557,15713,16042,35659,9927,511662,514728
26-06-2014,FII,197066,105231,362208,1092788,296258,325260,283743,94108,3128,1019,2470,521,1184939,1578861
27-06-2014,Pro,25526,44703,135354,105290,152492,182548,191546,172126,21102,19223,45615,13288,536245,572568
27-06-2014,TOTAL,381228,381228,1550073,1550073,990905,737615,990905,737615,129991,55153,129991,55153,3844965,3844965
27-06-2014,FII,194014,102464,358326,1110692,314578,360120,306014,95451,9007,5368,10114,2587,1241413,1627322
27-06-2014,DII,6757,356,17289,121738,197938,700,0,0,125,0,46,0,222809,122140
27-06-2014,Client,154931,233705,1039104,212353,325897,194247,493345,470038,99757,30562,74216,39278,1844498,1522935
30-06-2014,Client,164670,223929,1036128,208716,352172,241003,541303,490538,115263,35661,86156,45587,1944897,1596229
30-06-2014,DII,6033,142,15134,126360,197935,460,0,0,125,0,46,0,219687,126548
30-06-2014,FII,189593,106520,359216,1115902,338207,377014,326805,106949,14630,10119,17086,4798,1288779,1678060
30-06-2014,Pro,23498,53203,144680,104180,175360,169342,195566,190332,27053,23107,53783,18502,563040,615566
30-06-2014,TOTAL,383794,383794,1555158,1555158,1063674,787819,1063674,787819,157071,68887,157071,68887,4016403,4016403
01-07-2014,Pro,24017,59084,145371,105757,180878,156914,194599,194484,31834,25265,61181,22613,564279,637718
01-07-2014,DII,4027,142,17529,126813,197935,460,0,0,135,0,126,0,220086,127081
01-07-2014,FII,184451,102607,369334,1106894,366815,383702,334974,124362,18793,13092,23375,5841,1336187,1698053
01-07-2014,Client,163229,213891,1019724,212494,348302,269469,564357,491699,130536,40757,96616,50660,1972017,1629717
01-07-2014,TOTAL,375724,375724,1551958,1551958,1093930,810545,1093930,810545,181298,79114,181298,79114,4092569,4092569
02-07-2014,Client,160046,230343,1014038,205727,352066,326314,568370,541848,137685,45906,105016,54198,2036055,1705502
02-07-2014,FII,206962,110633,374029,1110959,390700,396962,352733,128199,20088,14533,25353,6899,1403274,1734776
02-07-2014,TOTAL,398998,398998,1555710,1555710,1126338,879965,1126338,879965,196100,87851,196100,87851,4244962,4244962
02-07-2014,Pro,28018,57880,149194,111289,183066,156229,205235,209918,37947,27412,65605,26754,581866,676681
02-07-2014,DII,3972,142,18449,127735,200506,460,0,0,380,0,126,0,223767,128003
03-07-2014,DII,1334,142,19965,127914,203789,460,0,0,380,0,176,0,225928,128232
03-07-2014,FII,201887,112477,381670,1136243,399007,401902,367055,134019,22977,15774,28108,7906,1423217,1785808
03-07-2014,Pro,31147,56347,148844,107304,189318,155542,214378,206545,38150,31640,73612,29262,594641,687448
03-07-2014,TOTAL,394972,394972,1572131,1572131,1169844,899184,1169844,899184,214639,96031,214639,96031,4346801,4346801
03-07-2014,Client,160604,226006,1021652,200670,377730,341280,588411,558620,153132,48617,112743,58863,2103015,1745313
04-07-2014,DII,1335,142,19146,127109,204189,460,40,40,411,0,176,0,225541,127507
04-07-2014,TOTAL,399101,399101,1588549,1588549,1232925,923278,1232925,923278,228186,100177,228186,100177,4472216,4472216
04-07-2014,Client,169109,225353,1036455,198778,419601,343408,624630,549100,163458,50201,118585,61510,2182232,1777956
04-07-2014,FII,199834,109007,380488,1155044,407602,422626,386296,146962,25333,17184,31612,8983,1453067,1837904
04-07-2014,Pro,28823,64599,152460,107618,201533,156784,221959,227176,38984,32792,77813,29684,611376,728849
07-07-2014,Client,185496,214697,1034829,206789,476823,368457,657318,559735,173996,53309,125230,64757,2292910,1828526
07-07-2014,DII,1381,142,20337,126613,204506,460,80,80,411,0,176,0,227095,127091
07-07-2014,FII,189847,120856,395477,1163424,411270,424217,401935,157057,25516,18918,32764,10001,1465245,1886037
07-07-2014,Pro,27491,68520,154849,108666,210388,158061,243654,234323,39283,33674,81036,31143,623746,767342
07-07-2014,TOTAL,404215,404215,1605492,1605492,1302987,951195,1302987,951195,239206,105901,239206,105901,4608996,4608996
08-07-2014,TOTAL,394324,394324,1570367,1570367,1391178,1008640,1391178,1008640,263945,113423,263945,113423,4741877,4741877
08-07-2014,Pro,32811,58969,153204,107265,184100,199782,275143,248417,38768,42059,94942,31535,650724,816271
08-07-2014,DII,3261,1048,20289,122824,205796,460,80,80,411,1200,176,0,231417,124208
08-07-2014,Client,174579,205452,1002630,187237,574550,320924,681963,586409,194649,50188,131960,70191,2317520,1863212
08-07-2014,FII,183673,128855,394244,1153041,426732,487474,433992,173734,30117,19976,36867,11697,1542216,1938186
09-07-2014,DII,4638,314,20813,121969,205801,740,80,80,461,1200,176,0,233653,122619
09-07-2014,Client,185739,201177,974486,175738,658246,360173,702416,618500,210389,54422,140295,73679,2443455,1911805
09-07-2014,TOTAL,393581,393581,1546759,1546759,1463210,1049344,1463210,1049344,282355,120537,282355,120537,4855786,4855786
09-07-2014,Pro,31118,57370,153485,103862,193889,192485,313140,258026,38853,44126,103294,34007,653956,869699
09-07-2014,FII,172086,134720,397975,1145190,405274,495946,447574,172738,32652,20789,38590,12851,1524722,1951663
10-07-2014,Client,178046,188490,950010,177282,718301,395644,713918,625542,221573,60706,148821,77438,2524280,1931491
10-07-2014,TOTAL,392503,392503,1541060,1541060,1526945,1060702,1526945,1060702,296378,131190,296378,131190,4948778,4948778
10-07-2014,DII,11042,1383,21118,120916,205801,500,80,80,461,3000,176,0,241922,122635
10-07-2014,FII,171304,140768,414044,1136174,396073,499960,448045,181738,33041,22016,39134,14183,1536438,1960042
10-07-2014,Pro,32111,61862,155888,106688,206770,164598,364902,253342,41303,45468,108247,39569,646138,934610
11-07-2014,Client,184503,191712,933190,176499,804202,350875,728088,641817,245899,60462,152253,79938,2579131,1970307
11-07-2014,DII,16088,1494,21157,119390,205585,800,80,80,427,272,148,0,244329,121192
11-07-2014,FII,155416,139307,425501,1130879,410665,531817,477202,173332,35250,22342,41844,16387,1580991,1978951
11-07-2014,Pro,35992,59486,154591,107671,193403,190286,408485,258549,38670,51418,126001,38169,664360,998361
11-07-2014,TOTAL,391999,391999,1534439,1534439,1613855,1073778,1613855,1073778,320246,134494,320246,134494,5068811,5068811
14-07-2014,TOTAL,402638,402638,1536499,1536499,1641329,1075334,1641329,1075334,330978,138946,330978,138946,5125724,5125724
14-07-2014,Client,185267,210670,936693,181086,851333,358389,757238,643708,254452,64638,156845,82375,2650772,2031922
14-07-2014,FII,160410,130844,420796,1124900,401347,534635,484743,173582,35596,23490,41388,16941,1576274,1972398
14-07-2014,Pro,38480,59630,156407,111087,180590,181510,399268,257964,40510,50818,132597,39630,648315,1000176
14-07-2014,DII,18481,1494,22603,119426,208059,800,80,80,420,0,148,0,250363,121228
15-07-2014,Pro,39964,67520,154183,108389,196457,183320,374939,287758,43688,48663,132104,43035,666275,1013745
15-07-2014,DII,12669,1322,24103,118780,208035,520,80,80,420,0,165,17,245747,120444
15-07-2014,FII,168913,137553,425740,1123170,426284,526101,481820,171654,34097,23656,40382,16596,1604791,1971175
15-07-2014,Client,187762,202913,931385,185072,802395,401824,776332,652273,254380,71045,159934,83716,2648791,2060240
15-07-2014,TOTAL,409308,409308,1535411,1535411,1633171,1111765,1633171,1111765,332585,143364,332585,143364,5165604,5165604
16-07-2014,TOTAL,426401,426401,1543950,1543950,1579372,1250654,1579372,1250654,332311,151540,332311,151540,5284228,5284228
16-07-2014,Pro,44493,80117,156020,113840,218426,183623,342076,355471,48965,44801,129624,49168,696328,1070296
16-07-2014,Client,184837,188027,930125,199799,700412,496431,765824,674971,249522,82547,162314,85619,2643874,2076554
16-07-2014,FII,187667,156937,432805,1110394,452499,570080,471472,220212,33404,24192,40158,16736,1700647,2015909
16-07-2014,DII,9404,1320,25000,119917,208035,520,0,0,420,0,215,17,243379,121469
17-07-2014,TOTAL,428182,428182,1558027,1558027,1585450,1319796,1585450,1319796,344460,162641,344460,162641,5398556,5398556
17-07-2014,Pro,40466,83379,158092,115022,226126,183604,340150,382802,50959,44923,134899,53825,704170,1110077
17-07-2014,FII,194220,149854,435036,1111320,443388,593852,466195,223132,34843,25917,40397,18113,1727256,2009011
17-07-2014,DII,4451,1320,25476,120744,208035,300,0,0,420,0,215,17,238682,122296
18-07-2014,Client,203051,194181,940653,224429,685199,581667,770085,736559,263586,92762,172019,94033,2766918,2191306
18-07-2014,DII,4172,1510,26108,121100,208035,2300,0,0,420,0,335,17,241035,122962
18-07-2014,FII,187592,152979,441741,1107849,441535,611205,465334,226282,34788,26267,40016,17927,1743128,2010387
18-07-2014,Pro,39866,86011,160550,115674,226331,178722,325681,411053,50968,45689,137392,52741,702126,1128552
18-07-2014,TOTAL,434681,434681,1569052,1569052,1561100,1373894,1561100,1373894,349762,164718,349762,164718,5453207,5453207
21-07-2014,TOTAL,438056,438056,1578122,1578122,1568807,1392322,1568807,1392322,357732,166561,357732,166561,5501600,5501600
21-07-2014,Pro,37480,87234,160541,115375,218560,167345,320603,400879,49585,46025,140869,51353,679536,1116313
21-07-2014,FII,190466,148184,450816,1103489,448243,605061,476045,226365,33482,26259,39745,18176,1754327,2012004
21-07-2014,DII,4151,1510,26198,121662,208024,2300,0,0,460,0,331,17,241133,123520
21-07-2014,Client,205959,201128,940567,237596,693980,617616,772159,765078,274205,94277,176787,97015,2826604,2249763
22-07-2014,Client,212137,224444,935831,249184,647908,717991,797453,764771,266527,101421,176776,98376,2881815,2311004
22-07-2014,FII,219962,146624,457116,1085397,464249,600735,479703,240595,33323,25538,39861,19241,1800923,2011421
22-07-2014,TOTAL,475324,475324,1581929,1581929,1577805,1495754,1577805,1495754,353225,172440,353225,172440,5656477,5656477
22-07-2014,Pro,39577,102752,162885,124555,257624,176728,300649,490388,52915,45481,136377,54806,735210,1209527
22-07-2014,DII,3648,1504,26097,122793,208024,300,0,0,460,0,211,17,238529,124525
23-07-2014,Client,218309,236139,939482,265619,662859,747307,809741,761714,269096,106282,177626,100950,2943335,2351789
23-07-2014,FII,231369,156701,464608,1073574,483995,606671,488320,256300,32907,24967,41010,19585,1844517,2035490
23-07-2014,TOTAL,491324,491324,1595109,1595109,1608890,1539910,1608890,1539910,354658,176741,354658,176741,5766632,5766632
23-07-2014,Pro,39711,96983,166203,130153,252012,185632,310829,521896,52195,45492,135611,56166,741245,1251638
23-07-2014,DII,1935,1501,24816,125763,210024,300,0,0,460,0,411,40,237535,127715
24-07-2014,Pro,42059,100963,170258,134879,265126,189411,328753,534377,54128,44806,134711,58085,765788,1291768
24-07-2014,DII,1927,2701,25006,129824,210024,300,0,0,410,0,546,118,237667,133189
24-07-2014,FII,225791,153291,461783,1064999,497229,597757,486587,268693,32998,24851,40487,20419,1840409,2034476
24-07-2014,Client,221476,234298,940313,267658,649270,797368,806309,781766,268864,112858,180656,103893,2990149,2374580
24-07-2014,TOTAL,491253,491253,1597360,1597360,1621649,1584836,1621649,1584836,356400,182515,356400,182515,5834013,5834013
25-07-2014,DII,1920,2704,24228,138334,210029,3900,0,0,410,0,428,0,240487,141466
25-07-2014,Client,196052,220001,925250,246032,712189,735136,801026,783811,284920,102797,180969,102735,2956344,2334574
25-07-2014,FII,235150,163502,460734,1060131,483481,607672,474649,272064,32739,24409,41967,20821,1844185,2033134
25-07-2014,TOTAL,471436,471436,1586279,1586279,1623231,1537079,1623231,1537079,370943,177564,370943,177564,5766532,5766532
25-07-2014,Pro,38314,85229,176067,141782,217532,190371,347556,481204,52874,50358,147579,54008,725516,1257358
28-07-2014,Pro,38408,77190,185752,145662,223127,195008,405672,467433,53215,52320,151029,55232,747830,1302218
28-07-2014,TOTAL,473558,473558,1603159,1603159,1686057,1519341,1686057,1519341,378593,179685,378593,179685,5840393,5840393
28-07-2014,FII,249663,177235,466659,1067312,485314,610000,475981,280594,32142,23879,43180,21100,1867657,2065402
28-07-2014,DII,3932,2807,22943,149931,210029,3900,0,0,298,0,428,0,241102,153166
28-07-2014,Client,181555,216326,927805,240254,767587,710433,804404,771314,292938,103486,183956,103353,2983804,2319607
30-07-2014,Client,177231,243449,966987,240764,721635,785585,776426,819622,293414,114441,185232,103715,3059293,2369208
30-07-2014,DII,3332,2704,22381,179320,210029,3900,0,0,298,0,410,0,239940,182434
30-07-2014,FII,282884,194231,486752,1098012,506760,621899,482553,294258,30746,23322,44725,23113,1952363,2136892
30-07-2014,Pro,41326,64389,191819,149843,191329,209430,370774,506934,58594,50883,152685,61818,743381,1306443
30-07-2014,TOTAL,504773,504773,1667939,1667939,1629753,1620814,1629753,1620814,383052,188646,383052,188646,5994977,5994977
31-07-2014,Pro,23875,44190,116713,85875,130482,128582,163631,157009,11265,13470,32321,10167,424387,493193
31-07-2014,DII,1191,4807,8300,193229,209282,3600,0,0,0,0,0,0,222373,198036
31-07-2014,FII,191021,74938,394357,978258,332522,329476,286339,140004,504,201,962,223,1248081,1480724
31-07-2014,Client,123218,215370,903080,165088,260944,271073,483260,435718,66296,25722,44782,29003,1650333,1373221
31-07-2014,TOTAL,339305,339305,1422450,1422450,933230,732731,933230,732731,78065,39393,78065,39393,3545174,3545174
01-08-2014,Client,133075,191553,900435,171306,359766,291638,579733,502078,102473,35468,70346,43192,1822855,1558208
01-08-2014,FII,166918,80813,402775,971626,362368,403007,295010,154028,12468,7553,12812,3621,1355089,1517910
01-08-2014,TOTAL,327493,327493,1434713,1434713,1072933,853062,1072933,853062,132307,62204,132307,62204,3882712,3882712
01-08-2014,Pro,24005,51912,121541,88690,141316,154659,198190,196956,17366,19183,49149,15391,478070,600288
01-08-2014,DII,3495,3215,9962,203091,209483,3758,0,0,0,0,0,0,226698,206306
04-08-2014,TOTAL,333358,333358,1442166,1442166,1121368,958121,1121368,958121,150797,74718,150797,74718,4080528,4080528
04-08-2014,Client,126047,196136,893157,180256,354997,393058,614937,550644,112868,45937,83183,48499,1926064,1673655
04-08-2014,FII,176095,82498,413619,961403,374037,399530,300178,164880,15574,10092,14201,5080,1388947,1528240
04-08-2014,Pro,27471,52834,124778,97917,179653,161675,206253,242597,22355,18689,53330,21139,534621,674070
04-08-2014,DII,3745,1890,10612,202590,212681,3858,0,0,0,0,83,0,230896,204563
05-08-2014,Pro,30030,61107,128840,103866,201165,167713,230548,271425,26537,21049,59637,25402,575334,751985
05-08-2014,TOTAL,344361,344361,1460091,1460091,1186379,1029153,1186379,1029153,170937,85615,170937,85615,4276536,4276536
05-08-2014,Client,137319,195174,902642,189999,375438,457943,646699,595467,126714,52587,94646,53464,2052643,1775449
05-08-2014,DII,3125,2518,12530,204685,212671,3750,35,35,0,0,50,0,232076,207323
05-08-2014,FII,173887,85562,416079,961541,397105,399747,309097,162226,17686,11979,16604,6749,1416483,1541779
06-08-2014,DII,2957,3576,12709,202717,212663,3750,35,35,0,0,25,0,232079,206388
06-08-2014,Client,148455,189084,902550,195630,422436,441274,678986,605940,146989,56319,105668,59679,2118023,1834987
06-08-2014,TOTAL,361159,361159,1458994,1458994,1242672,1061009,1242672,1061009,193745,93246,193745,93246,4410825,4410825
06-08-2014,Pro,27178,65779,130841,99633,203366,198072,250180,289421,26425,23963,69049,26687,609845,800749
06-08-2014,FII,182569,102720,412894,961014,404207,417913,313471,165613,20331,12964,19003,6880,1450878,1568701
07-08-2014,Client,152211,179493,896369,197828,433632,440621,666396,618158,158439,60179,113163,64434,2141451,1839472
07-08-2014,DII,3260,3646,13929,202069,212663,3750,35,35,50,0,27,0,233652,205812
07-08-2014,FII,166964,98100,414356,955588,420976,417879,333092,148702,20473,13705,20213,7537,1454353,1563232
07-08-2014,Pro,26713,67909,131467,100636,184002,188093,251750,283448,26073,25024,71632,26937,581372,802312
07-08-2014,TOTAL,349148,349148,1456121,1456121,1251273,1050343,1251273,1050343,205035,98908,205035,98908,4410828,4410828
08-08-2014,Pro,36365,51902,134362,99155,159536,196536,283797,261233,24490,30070,85109,27592,581359,808788
08-08-2014,DII,6039,1710,14392,203163,212687,5910,35,35,50,0,33,0,239078,204976
08-08-2014,FII,122499,125644,411368,958322,422950,460367,346777,136907,20494,13730,22287,8096,1451408,1598033
08-08-2014,Client,171901,157548,894895,194377,515986,374961,680550,639599,184349,61747,121954,69859,2203839,1863887
08-08-2014,TOTAL,336804,336804,1455017,1455017,1311159,1037774,1311159,1037774,229383,105547,229383,105547,4475684,4475684
11-08-2014,Client,179448,160821,904444,216719,526407,424353,704811,667231,194322,69258,131425,73289,2298232,1954296
11-08-2014,DII,5786,1650,14502,203862,212687,5850,35,35,50,0,212,0,238875,205794
11-08-2014,FII,125733,124567,422704,955185,443403,456277,354759,136845,20939,14334,22536,8595,1483390,1602487
11-08-2014,Pro,30169,54098,137713,103597,180328,188912,303220,271281,27179,29776,88317,31484,594077,851997
11-08-2014,TOTAL,341136,341136,1479363,1479363,1362825,1075392,1362825,1075392,242490,113368,242490,113368,4614574,4614574
12-08-2014,Client,181995,184326,902833,225883,443805,565384,713584,699678,196937,77417,135949,76016,2368371,2035436
12-08-2014,FII,136401,99021,435794,951379,483988,449048,354126,145242,20511,16153,23244,10426,1541895,1583438
12-08-2014,TOTAL,352469,352469,1491263,1491263,1340644,1189503,1340644,1189503,248196,123599,248196,123599,4745674,4745674
12-08-2014,Pro,30687,67792,138022,108423,200164,172821,272899,344548,30698,30029,88763,37157,602421,919582
12-08-2014,DII,3386,1330,14614,205578,212687,2250,35,35,50,0,240,0,232987,207218
13-08-2014,TOTAL,382359,382359,1503272,1503272,1364975,1262263,1364975,1262263,271684,127863,271684,127863,4912416,4912416
13-08-2014,FII,163861,108026,448756,956752,488923,468391,352757,159220,20933,15242,24949,11406,1606106,1613110
13-08-2014,Pro,28251,78862,141406,108419,205147,188952,270188,381105,32144,33111,100358,36951,629011,975883
13-08-2014,DII,3164,2973,14802,206753,212687,2250,35,35,50,0,266,0,232953,210062
13-08-2014,Client,187083,192498,898308,231348,458218,602670,741995,721903,218557,79510,146111,79506,2444346,2113361
14-08-2014,Client,187522,203021,891913,229079,479797,686536,767803,761091,217164,89267,149705,83044,2552199,2193743
14-08-2014,DII,3016,2862,15606,209196,212664,2400,35,35,50,0,288,0,233736,212416
14-08-2014,FII,173504,102191,448936,950313,487273,470068,359676,172524,19967,15319,25941,12999,1615067,1623644
14-08-2014,Pro,28992,84960,141260,109127,210972,202308,263192,427662,37418,32783,98665,41326,653733,1024932
14-08-2014,TOTAL,393034,393034,1497715,1497715,1390706,1361312,1390706,1361312,274599,137369,274599,137369,5054735,5054735
18-08-2014,Client,206889,222419,891161,250038,445958,819014,791364,794692,210731,99893,148436,82557,2673646,2289506
18-08-2014,FII,180484,103637,458144,943736,519366,481598,362629,194712,18945,15896,26223,15435,1674433,1646372
18-08-2014,Pro,34863,94688,147753,111603,229625,191765,254122,505338,40339,30067,95154,47864,674412,1108769
18-08-2014,DII,2570,4062,15859,207540,213201,2400,35,35,50,0,252,0,234080,211924
18-08-2014,TOTAL,424806,424806,1512917,1512917,1408150,1494777,1408150,1494777,270065,145856,270065,145856,5256571,5256571
19-08-2014,Pro,35331,96378,151357,124645,242706,194770,301896,523430,42140,31136,98838,54248,697440,1199435
19-08-2014,DII,2562,6062,15770,212524,213199,2400,35,35,50,0,243,0,233981,218899
19-08-2014,TOTAL,439081,439081,1533803,1533803,1481659,1569417,1481659,1569417,275308,155987,275308,155987,5455255,5455255
19-08-2014,Client,211621,235337,900052,263176,418680,889452,814207,835421,215214,108597,150452,85898,2743616,2384491
19-08-2014,FII,189567,101304,466624,933458,607074,482795,365521,210531,17904,16254,25775,15841,1780218,1652430
20-08-2014,DII,2557,5462,16090,222377,213248,2400,35,35,50,0,243,0,234345,228152
20-08-2014,TOTAL,437483,437483,1558279,1558279,1522813,1561291,1522813,1561291,289823,163288,289823,163288,5532977,5532977
20-08-2014,FII,192344,97049,465486,928684,608358,488695,368548,216337,19256,17547,27376,16365,1791686,1654359
20-08-2014,Pro,31752,97240,158263,135722,237329,178848,308115,504034,43128,32360,107799,57350,681680,1210260
20-08-2014,Client,210830,237732,918440,271496,463878,891348,846115,840885,227389,113381,154405,89573,2825266,2440206
21-08-2014,Client,222881,242146,917480,282666,485481,915014,885583,843870,236097,118383,160548,93020,2895336,2507833
21-08-2014,Pro,29046,98156,167197,140899,257151,182479,320256,531077,45050,33952,111048,60901,714875,1262337
21-08-2014,FII,191386,100099,471719,915426,624461,496106,374245,221017,19608,18359,28992,16773,1821639,1656552
21-08-2014,DII,2550,5462,16167,233572,213026,2400,35,35,50,0,217,0,234193,239321
21-08-2014,TOTAL,445863,445863,1572563,1572563,1580119,1595999,1580119,1595999,300805,170694,300805,170694,5666043,5666043
22-08-2014,FII,201007,98435,474082,910682,635980,506555,387141,220102,20342,17765,30677,18330,1855731,1665367
22-08-2014,TOTAL,454791,454791,1585735,1585735,1615866,1617038,1615866,1617038,308597,177186,308597,177186,5759213,5759213
22-08-2014,Client,221681,252163,919657,283594,495883,927382,903515,853039,239520,124443,164481,95270,2928566,2552062
22-08-2014,Pro,30093,98731,174351,147746,267762,180701,325175,543862,48685,34978,113222,63586,736570,1292322
22-08-2014,DII,2010,5462,17645,243713,216241,2400,35,35,50,0,217,0,238346,249462
25-08-2014,Client,211998,255443,912898,279858,538080,933572,920986,853314,243571,125121,162166,95115,2965240,2566882
25-08-2014,DII,2010,5462,16811,249982,216221,2400,35,35,50,0,217,0,237492,255731
25-08-2014,FII,201386,94056,490707,921368,649019,515903,389450,246854,19946,16673,32926,19880,1893634,1704534
25-08-2014,Pro,32056,92489,184939,154147,253325,191992,346174,543664,49793,38381,118051,65180,750486,1319705
25-08-2014,TOTAL,447450,447450,1605355,1605355,1656645,1643867,1656645,1643867,313360,180175,313360,180175,5846852,5846852
26-08-2014,DII,2082,5462,16582,259708,216221,2400,35,35,50,0,217,0,237335,265457
26-08-2014,Pro,30137,94442,185863,152859,231773,187205,365500,530698,50769,38402,121711,66155,724149,1331365
26-08-2014,TOTAL,447406,447406,1620261,1620261,1666397,1637157,1666397,1637157,319369,181760,319369,181760,5872350,5872350
26-08-2014,FII,205154,91105,498939,926517,637267,523695,398255,241313,19188,16028,34377,20658,1900271,1712225
26-08-2014,Client,210033,256397,918877,281177,581136,923857,902607,865111,249362,127330,163064,94947,3010595,2563303
27-08-2014,DII,1925,5462,16406,269663,219379,2400,35,35,50,0,217,0,240160,275412
27-08-2014,Pro,30238,98593,177469,145468,245440,177656,379585,556633,54378,38723,123329,69737,723904,1373345
27-08-2014,Client,237948,290860,956377,314343,589532,961082,899857,880821,250049,133610,164782,96550,3128598,2647213
27-08-2014,TOTAL,506928,506928,1655896,1655896,1699516,1673539,1699516,1673539,322202,187211,322202,187211,6045292,6045292
27-08-2014,FII,236817,112013,505644,926422,645165,532401,420039,236050,17725,14878,33874,20924,1952630,1749322
28-08-2014,Client,143562,280001,879025,198721,267819,384370,596627,422599,71266,34478,51622,33464,1780520,1583034
28-08-2014,FII,238845,41850,399064,844840,395550,271539,286002,142724,503,213,84,121,1305714,1315621
28-08-2014,TOTAL,399571,399571,1401736,1401736,1038693,769633,1038693,769633,86772,48694,86772,48694,3745099,3745099
28-08-2014,Pro,15437,71274,116614,72722,154993,113724,156064,204310,15003,14003,35066,15109,429774,554545
28-08-2014,DII,1727,6446,7033,285453,220331,0,0,0,0,0,0,0,229091,291899
01-09-2014,Pro,22132,76425,124114,87909,184127,137322,186506,254960,22722,16159,48533,24084,506576,678417
01-09-2014,FII,237014,41004,407420,849666,451250,285224,290881,159306,7254,6448,6980,3358,1394610,1351195
01-09-2014,TOTAL,420475,420475,1441900,1441900,1175275,919987,1175275,919987,127994,71391,127994,71391,4157022,4157022
01-09-2014,Client,159454,295600,902164,215449,316258,497441,697888,505721,98018,48784,72439,43949,2022119,1831046
01-09-2014,DII,1875,7446,8202,288876,223640,0,0,0,0,0,42,0,233717,296364
02-09-2014,DII,1881,8839,9487,284015,227941,0,0,0,153,0,65,0,239462,292919
02-09-2014,Pro,24364,80950,129234,91240,208772,177020,210231,309634,26695,18959,57877,29439,585044,779371
02-09-2014,Client,162527,299668,906211,225207,327621,596016,748316,575584,117217,56907,86452,50384,2166499,1985611
02-09-2014,TOTAL,434921,434921,1456189,1456189,1261362,1072107,1261362,1072107,155687,84914,155687,84914,4465180,4465180
02-09-2014,FII,246149,45464,411257,855727,497028,299071,302815,186889,11622,9048,11293,5091,1474175,1407279
03-09-2014,Client,168759,285337,893439,232328,339153,660849,775205,624113,131159,65571,96384,56388,2258930,2069755
03-09-2014,TOTAL,441311,441311,1454033,1454033,1299581,1138652,1299581,1138652,173654,95024,173654,95024,4602255,4602255
03-09-2014,DII,1753,10232,10037,278373,228850,0,0,0,612,0,65,0,241252,288670
03-09-2014,Pro,23699,91128,131437,91404,212744,175633,215118,316333,28552,19862,63301,32420,591927,809704
03-09-2014,FII,247100,54614,419120,851928,518834,302170,309258,198206,13331,9591,13904,6216,1510146,1434126
04-09-2014,Pro,25554,83529,133938,95497,212109,209381,225513,328826,30148,22554,73271,34054,633684,840690
04-09-2014,DII,1757,10232,9224,279185,228824,0,0,0,612,0,117,0,240417,289534
04-09-2014,FII,227087,49227,413322,863350,512325,317749,307346,201881,14519,10923,16622,7120,1495925,1445546
04-09-2014,Client,164371,275781,909183,227635,361785,661133,782184,657556,154035,69683,109304,61986,2320190,2114446
04-09-2014,TOTAL,418769,418769,1465667,1465667,1315043,1188263,1315043,1188263,199314,103160,199314,103160,4690216,4690216
05-09-2014,Client,165625,265119,910759,220236,406807,653712,810907,673941,169329,74232,117461,66724,2380464,2154388
05-09-2014,FII,215721,52520,403541,868892,506294,347030,307272,203490,14778,11717,17868,8153,1499081,1458195
05-09-2014,TOTAL,407313,407313,1460790,1460790,1342850,1197129,1342850,1197129,215022,110695,215022,110695,4733799,4733799
05-09-2014,Pro,24210,79442,137324,93790,199925,196387,224671,319698,30303,24746,79576,35818,612895,832995
05-09-2014,DII,1757,10232,9166,277872,229824,0,0,0,612,0,117,0,241359,288221
08-09-2014,Pro,27202,88283,140094,94616,219868,205799,221925,381982,33305,24026,79416,39449,650294,905671
08-09-2014,Client,171197,269637,911176,222438,384775,742807,828603,714364,172637,83997,123034,70936,2466589,2229012
08-09-2014,TOTAL,423542,423542,1464737,1464737,1360291,1319540,1360291,1319540,221188,119981,221188,119981,4909279,4909279
08-09-2014,DII,1753,10232,9071,275878,230274,996,0,0,612,0,117,0,242706,286227
08-09-2014,FII,223390,55390,404396,871805,525374,369938,309763,223194,14634,11958,18621,9596,1549690,1488369
09-09-2014,TOTAL,408821,408821,1474884,1474884,1373027,1342298,1373027,1342298,235730,127261,235730,127261,4962021,4962021
09-09-2014,Client,166664,262157,918349,220255,404433,754589,829481,730111,185843,88917,129494,75281,2518795,2246779
09-09-2014,FII,212275,50812,405659,876605,521028,374104,313573,223425,14688,12848,20614,9266,1540602,1494295
09-09-2014,Pro,28108,85620,141499,99866,217839,212609,229973,388762,34547,25496,85505,42714,660098,932440
09-09-2014,DII,1774,10232,9377,278158,229727,996,0,0,652,0,117,0,242526,288507
10-09-2014,Pro,32760,75255,149903,110508,217180,236129,260223,378642,35556,28477,97393,43365,700005,965386
10-09-2014,FII,199935,58849,401253,891827,523264,413490,325856,230862,15634,13635,21885,9488,1567211,1538767
10-09-2014,TOTAL,398685,398685,1505110,1505110,1409416,1352627,1409416,1352627,256350,131580,256350,131580,5053768,5053768
10-09-2014,Client,163218,254349,944357,222656,440049,702012,823337,743123,204508,89468,136955,78727,2543612,2259147
10-09-2014,DII,2772,10232,9597,280119,228923,996,0,0,652,0,117,0,242940,290468
11-09-2014,TOTAL,385441,385441,1514406,1514406,1435224,1373252,1435224,1373252,268679,135725,268679,135725,5112727,5112727
11-09-2014,DII,2755,9332,9937,282103,228622,996,0,0,652,0,244,0,242962,291679
11-09-2014,Client,160956,248240,953058,216783,468160,704646,837395,761189,214295,93607,144248,80768,2594722,2288623
11-09-2014,Pro,27937,75935,151948,113618,216678,233899,269890,378115,37193,28231,99428,45258,695886,982244
11-09-2014,FII,193793,51934,399463,901902,521764,433711,327939,233948,16539,13887,24759,9699,1579157,1550181
12-09-2014,Client,163866,246731,969112,219233,479491,730061,847403,765251,222332,98102,151557,83321,2662964,2313496
12-09-2014,FII,185081,55457,398789,915511,540855,442062,338811,252956,15608,14744,26156,11065,1597139,1599956
12-09-2014,DII,3635,9232,10639,283694,228140,996,0,0,652,0,198,0,244062,293124
12-09-2014,TOTAL,382381,382381,1531920,1531920,1475675,1411625,1475675,1411625,277909,141930,277909,141930,5221440,5221440
12-09-2014,Pro,29799,70961,153380,113482,227189,238506,289461,393418,39317,29084,99998,47544,717275,1014864
15-09-2014,Pro,32323,63399,158581,115862,207085,232511,312122,370285,38295,31649,108395,48715,700444,1018778
15-09-2014,DII,3752,8896,11023,284885,230640,996,0,0,652,0,213,0,247063,293994
15-09-2014,Client,172710,231519,977954,219849,534195,675846,855951,757683,239809,98673,157723,85673,2699187,2308398
15-09-2014,TOTAL,379989,379989,1543782,1543782,1508217,1362689,1508217,1362689,294169,145413,294169,145413,5234259,5234259
15-09-2014,FII,171204,76175,396224,923186,536297,453336,340144,234721,15413,15091,27838,11025,1587565,1613089
16-09-2014,Client,166631,223669,968143,208305,622602,635064,850336,773209,263939,89622,163168,86400,2746001,2305087
16-09-2014,FII,169863,78783,397370,924167,539215,482712,343469,236376,17402,14630,31173,11500,1621192,1625468
16-09-2014,Pro,33235,63674,158699,119316,209373,256978,410535,366565,35186,37797,122625,44149,731268,1126864
16-09-2014,TOTAL,374141,374141,1535466,1535466,1604340,1376150,1604340,1376150,317179,142049,317179,142049,5349325,5349325
16-09-2014,DII,4412,8015,11254,283678,233150,1396,0,0,652,0,213,0,250864,291906
17-09-2014,Client,166659,231016,962468,202673,621916,678723,869980,793368,264742,98071,162781,88190,2792579,2348008
17-09-2014,DII,5739,6515,11261,284630,235000,1126,0,0,692,0,200,0,253818,291345
17-09-2014,FII,163865,71493,396540,920562,550936,496456,344322,235512,16361,15064,30582,13803,1639222,1616274
17-09-2014,Pro,31744,58983,160227,122631,207915,256426,401465,403851,36022,36688,124254,47830,729022,1159014
17-09-2014,TOTAL,368007,368007,1530496,1530496,1615767,1432731,1615767,1432731,317817,149823,317817,149823,5414641,5414641
18-09-2014,TOTAL,404146,404146,1545416,1545416,1542343,1536727,1542343,1536727,303842,158468,303842,158468,5490942,5490942
18-09-2014,DII,4578,6236,11390,287498,235141,1126,0,0,692,0,120,0,252927,293854
18-09-2014,Client,175714,259428,975663,212291,536386,784928,849982,825974,243035,108841,157583,87837,2824567,2393095
18-09-2014,Pro,37785,60662,161701,129499,218197,247108,341512,473814,41357,31415,115282,54913,737563,1175682
18-09-2014,FII,186069,77820,396662,916128,552619,503565,350849,236939,18758,18212,30857,15718,1675885,1628311
19-09-2014,Pro,36075,60416,165999,136198,207972,233351,341006,446837,41812,34566,121817,55340,719775,1161614
19-09-2014,TOTAL,400030,400030,1549040,1549040,1579739,1519660,1579739,1519660,316522,161983,316522,161983,5526974,5526974
19-09-2014,FII,184058,76864,397241,912266,598810,507073,359370,241500,18688,17963,33846,16637,1723833,1640483
19-09-2014,DII,4440,8236,11478,286967,235047,1126,0,0,692,0,120,0,252783,295323
19-09-2014,Client,175457,254514,974322,213609,537910,778110,879363,831323,255330,109454,160739,90006,2830583,2429554
22-09-2014,Client,183778,267559,999092,227613,536445,835409,869352,855478,264654,113445,165104,92142,2932823,2477248
22-09-2014,DII,4440,8236,11019,289371,232832,1126,0,0,692,0,120,0,250109,297727
22-09-2014,FII,229116,118400,402592,926156,611059,511678,378857,243065,19289,18952,34766,18042,1792686,1719286
22-09-2014,Pro,37760,60899,178281,147844,208317,247491,340444,497161,44145,36588,128790,58801,752582,1233939
22-09-2014,TOTAL,455094,455094,1590984,1590984,1588653,1595704,1588653,1595704,328780,168985,328780,168985,5728200,5728200
23-09-2014,DII,5134,8555,10662,288989,232902,1326,0,0,692,0,120,0,250716,297664
23-09-2014,FII,246640,143853,403708,936924,622013,555643,388374,252087,18753,18588,38333,16204,1865345,1775775
23-09-2014,Pro,41799,50089,182046,150127,194787,256352,464727,427508,40710,44290,145685,52607,759984,1290743
23-09-2014,TOTAL,498465,498465,1634119,1634119,1733698,1528303,1733698,1528303,349057,162159,349057,162159,5905801,5905801
23-09-2014,Client,204892,295968,1037703,258079,683996,714982,880597,848708,288902,99281,164919,93348,3029756,2541619
24-09-2014,Pro,43307,52066,182112,150091,196396,258507,498821,406622,41039,46982,154929,52839,768343,1315368
24-09-2014,DII,5096,7685,10793,292181,232867,1326,0,0,692,0,120,0,250774,299986
24-09-2014,FII,251770,153146,406539,953756,619359,565188,401614,269696,18166,17120,36168,16111,1878142,1830491
24-09-2014,Client,216063,303339,1061810,265226,765295,722138,913482,870841,297158,98569,165838,93721,3161033,2612447
24-09-2014,TOTAL,516236,516236,1661254,1661254,1813917,1547159,1813917,1547159,357055,162671,357055,162671,6058292,6058292
25-09-2014,DII,4519,7340,5602,288916,233286,936,0,0,0,0,0,0,244343,296256
25-09-2014,Pro,35499,34746,119636,94584,128655,186749,215103,192652,13208,21500,45318,13661,505247,596064
25-09-2014,Client,141213,285615,989485,168454,288442,305386,520232,582804,86113,29793,53750,37988,1840432,1648843
25-09-2014,TOTAL,397619,397619,1419292,1419292,1056407,909859,1056407,909859,99676,51658,99676,51658,3934511,3934511
25-09-2014,FII,216388,69918,304569,867338,406024,416788,321072,134403,355,365,608,9,1344489,1393348
26-09-2014,Pro,33442,35347,123856,97818,149337,175669,226674,214469,19630,23157,52955,21000,525091,648263
26-09-2014,TOTAL,410659,410659,1441395,1441395,1151236,981697,1151236,981697,135669,73436,135669,73436,4194092,4194092
26-09-2014,FII,211205,70110,299224,888772,417531,460974,344880,145061,7154,7182,8508,3659,1403270,1460990
26-09-2014,DII,6289,7394,5867,290859,233506,1082,0,0,80,0,0,0,246824,298253
26-09-2014,Client,159723,297808,1012448,163946,350862,343972,579682,622167,108805,43097,74206,48777,2018907,1786586
29-09-2014,Client,155115,287898,1014922,167626,406837,375625,622166,653047,127640,48381,88977,53291,2128520,1873005
29-09-2014,DII,6693,7364,6532,291040,233506,1082,35,35,80,0,0,0,247893,298474
29-09-2014,FII,204870,61351,298531,892463,428676,492529,362655,154811,10987,8758,11537,5521,1444351,1488338
29-09-2014,Pro,26850,36915,126329,95185,154780,180759,238943,242102,22761,24946,60954,23273,536425,697372
29-09-2014,TOTAL,393528,393528,1446314,1446314,1223799,1049995,1223799,1049995,161468,82085,161468,82085,4357189,4357189
30-09-2014,FII,213404,64091,301722,888970,452816,509580,359729,159763,12529,9275,13830,6081,1499326,1492464
30-09-2014,TOTAL,396492,396492,1450903,1450903,1278418,1148430,1278418,1148430,184717,89816,184717,89816,4548776,4548776
30-09-2014,DII,6445,7363,7081,296269,233146,836,100,100,0,0,16,0,247508,303848
30-09-2014,Client,155124,284062,1014181,172691,424939,446196,667828,699926,147706,53089,100825,58426,2241235,1983758
30-09-2014,Pro,21519,40976,127919,92973,167517,191818,250761,288641,24482,27452,70046,25309,560707,768706
01-10-2014,Client,152743,283570,1017040,177388,454832,441927,695009,746331,162543,56690,111060,61985,2285775,2075343
01-10-2014,DII,6449,7531,7849,296850,235572,976,100,100,0,0,16,0,250846,304597
01-10-2014,FII,213988,62841,302148,888110,457773,529553,363030,162035,12895,9948,14916,6851,1526305,1497783
01-10-2014,Pro,22793,42031,128815,93504,162747,207608,252785,271598,26059,29251,75505,27053,577273,762476
01-10-2014,TOTAL,395973,395973,1455852,1455852,1310924,1180064,1310924,1180064,201497,95889,201497,95889,4640199,4640199
07-10-2014,TOTAL,413501,413501,1467838,1467838,1394699,1221670,1394699,1221670,224872,99821,224872,99821,4822401,4822401
07-10-2014,DII,5787,7540,8389,296155,237515,1410,100,100,0,0,23,0,253101,303918
07-10-2014,Client,158118,283262,1030002,181689,547338,453815,719135,778863,185358,59771,120920,64001,2434402,2147870
07-10-2014,Pro,25986,54101,133007,97782,151632,225449,301727,279366,25449,29140,87436,28874,590663,849286
07-10-2014,FII,223610,68598,296440,892212,458214,540996,373737,163341,14065,10910,16493,6946,1544235,1521327
08-10-2014,Pro,34245,44085,137262,111249,179492,222054,327412,280202,27887,32083,92201,32449,633023,887598
08-10-2014,TOTAL,416815,416815,1497300,1497300,1456458,1252521,1456458,1252521,240404,111431,240404,111431,4974929,4974929
08-10-2014,FII,214324,64266,290214,902434,448797,559099,385936,157654,15170,12165,17420,7727,1539769,1535437
08-10-2014,Client,162425,302056,1060752,183160,590557,469931,743010,814565,197335,67183,130672,71255,2548183,2244718
08-10-2014,DII,5821,6408,9072,300457,237612,1437,100,100,12,0,111,0,253954,307176
09-10-2014,Client,160126,307902,1058606,184210,538264,492206,737369,794630,207011,81172,144666,81638,2537385,2250415
09-10-2014,DII,4981,6190,10462,299794,237612,936,100,100,12,0,111,0,254003,306295
09-10-2014,FII,226807,62424,290503,905595,461425,546864,385915,153458,16320,13780,18922,8021,1555699,1534335
09-10-2014,Pro,29388,44786,137213,107185,181911,204442,295828,296260,37004,34694,96648,39987,624652,880694
09-10-2014,TOTAL,421302,421302,1496784,1496784,1419212,1244448,1419212,1244448,260347,129646,260347,129646,4971739,4971739
10-10-2014,TOTAL,398622,398622,1496969,1496969,1471836,1296499,1471836,1296499,275056,137777,275056,137777,5076759,5076759
10-10-2014,Client,160366,280148,1051502,181831,586597,496025,745747,834253,223206,86717,150188,83603,2604413,2275770
10-10-2014,FII,196175,68887,292368,915127,471113,605833,391986,156934,16974,14186,19649,8920,1596649,1561503
10-10-2014,Pro,32764,43117,142407,102766,176514,193125,334003,305212,34876,36874,105135,45254,616560,935487
10-10-2014,DII,9317,6470,10692,297245,237612,1516,100,100,0,0,84,0,259137,303999
13-10-2014,Pro,35877,40972,149606,104004,197502,190389,364258,310022,36830,36828,112847,49926,647032,982029
13-10-2014,TOTAL,392433,392433,1502894,1502894,1516677,1351016,1516677,1351016,292360,146477,292360,146477,5201857,5201857
13-10-2014,DII,8368,4710,11162,296349,237612,1136,100,100,0,0,94,0,258278,301353
13-10-2014,Client,164318,269226,1048047,183339,600686,535834,754750,879005,237867,94698,158725,87326,2681450,2332371
13-10-2014,FII,183870,77525,294079,919202,480877,623657,397569,161889,17663,14951,20694,9225,1615097,1586104
14-10-2014,Client,168511,270463,1055246,188740,617021,503369,761950,877362,249440,99758,165410,89851,2693345,2353776
14-10-2014,DII,8784,4884,11157,296748,237612,1536,100,100,0,0,122,0,259089,301954
14-10-2014,FII,175165,76554,295747,919598,476184,640732,401512,157799,19477,15913,24748,10421,1623218,1590632
14-10-2014,Pro,39386,39945,152518,109582,209944,208469,377199,318845,40940,39503,119577,54902,690760,1020050
14-10-2014,TOTAL,391846,391846,1514668,1514668,1540761,1354106,1540761,1354106,309857,155174,309857,155174,5266412,5266412
16-10-2014,Pro,49210,40367,157644,116709,212545,231037,463134,319295,41216,45481,137760,56001,737133,1133266
16-10-2014,Client,176365,270855,1050244,189863,725024,476954,779577,899894,278027,98273,176708,92993,2804887,2409890
16-10-2014,FII,153067,72883,300376,916929,468377,672293,400821,162531,21409,16246,26042,11006,1631768,1590212
16-10-2014,DII,9347,3884,11639,296402,237686,1536,100,100,0,0,142,0,260208,300628
16-10-2014,TOTAL,387989,387989,1519903,1519903,1643632,1381820,1643632,1381820,340652,160000,340652,160000,5433996,5433996
17-10-2014,Pro,50427,42593,163731,131726,222267,218669,445980,351012,43656,44340,145065,58314,743090,1174690
17-10-2014,DII,9524,1233,11522,304057,237951,1536,100,100,0,0,139,0,260533,305629
17-10-2014,FII,180547,74046,300259,922597,470253,722481,428117,168838,20014,17012,26859,11807,1710566,1632264
17-10-2014,Client,181860,304486,1079029,196161,749118,505977,805392,928713,289474,104213,181081,95444,2909671,2511277
17-10-2014,TOTAL,422358,422358,1554541,1554541,1679589,1448663,1679589,1448663,353144,165565,353144,165565,5623860,5623860
20-10-2014,Client,175447,327211,1083175,212743,711714,555287,825940,915383,286780,115318,180925,99391,2927721,2561593
20-10-2014,DII,8676,1780,11669,302864,237454,1136,100,100,0,0,131,0,258935,304975
20-10-2014,TOTAL,446072,446072,1570694,1570694,1656829,1464766,1656829,1464766,354898,175801,354898,175801,5669060,5669060
20-10-2014,FII,221024,77961,309199,919003,486656,696241,425042,167700,20663,18020,27703,13801,1751803,1631210
20-10-2014,Pro,40925,39120,166651,136084,221005,212102,405747,381583,47455,42463,146139,62609,730601,1171282
21-10-2014,Pro,44468,36373,173965,144648,240140,229407,417934,429299,50498,44133,144392,69519,782611,1242165
21-10-2014,DII,8063,3336,11574,303599,237454,986,0,0,0,0,40,0,258077,306975
21-10-2014,TOTAL,471497,471497,1594054,1594054,1651387,1523940,1651387,1523940,353201,185944,353201,185944,5780023,5780023
21-10-2014,FII,240191,87075,311200,925414,504087,705670,424522,165670,19973,18708,28031,14913,1799829,1645625
21-10-2014,Client,178775,344713,1097315,220393,669706,587877,808931,928971,282730,123103,180738,101512,2939506,2585258
22-10-2014,Client,177749,348731,1107291,225571,632348,573437,816305,897391,278545,130114,180673,105397,2899484,2574068
22-10-2014,FII,264824,93025,315208,933271,519158,717625,427289,165552,18647,18567,28097,15756,1854029,1662990
22-10-2014,TOTAL,486085,486085,1613485,1613485,1636998,1506229,1636998,1506229,349733,192751,349733,192751,5785281,5785281
22-10-2014,Pro,36604,41005,179371,149964,247197,214431,393404,443286,52541,44070,140963,71598,774214,1240220
22-10-2014,DII,6908,3324,11615,304679,238295,736,0,0,0,0,0,0,257554,308003
23-10-2014,Pro,37975,38268,182198,150598,249422,211747,390090,450823,53501,43729,140525,72631,778572,1242935
23-10-2014,DII,6908,3324,11615,304679,238295,736,0,0,0,0,0,0,257554,308003
23-10-2014,FII,265043,93242,315993,933368,520326,718478,426909,164707,18647,18567,28097,15756,1857054,1662079
23-10-2014,Client,176528,351620,1106861,228022,612114,596444,803158,911875,277949,132391,181475,106300,2902287,2582450
23-10-2014,TOTAL,486454,486454,1616667,1616667,1620157,1527405,1620157,1527405,350097,194687,350097,194687,5795467,5795467
27-10-2014,TOTAL,508725,508725,1648217,1648217,1652466,1567048,1652466,1567048,359753,199503,359753,199503,5935712,5935712
27-10-2014,Client,172943,364425,1122643,238475,642183,630082,831987,927590,289339,137202,181580,108951,2994392,2653008
27-10-2014,FII,288546,99916,320793,947405,525568,709105,405203,164303,18385,17329,29145,16579,1879726,1662551
27-10-2014,Pro,40456,39020,192213,158780,246466,227125,415276,475155,52029,44972,149028,73973,803261,1311232
27-10-2014,DII,6780,5364,12568,303557,238249,736,0,0,0,0,0,0,258333,308921
28-10-2014,FII,330139,127254,330670,974058,518164,709245,410971,165669,18563,16301,28623,17753,1923082,1724328
28-10-2014,DII,6780,5364,12520,303090,238249,736,0,0,0,0,0,0,258285,308454
28-10-2014,TOTAL,588765,588765,1724249,1724249,1634099,1612849,1634099,1612849,358081,206792,358081,206792,6124835,6124835
28-10-2014,Pro,47441,47071,203341,174669,248336,237303,410427,510447,54338,44614,147706,77839,835373,1368159
28-10-2014,Client,204405,409076,1177718,272432,629350,665565,812701,936733,285180,145877,181752,111200,3108095,2723894
29-10-2014,TOTAL,655162,655162,1766911,1766911,1619765,1704018,1619765,1704018,347593,211586,347593,211586,6305035,6305035
29-10-2014,DII,7044,6924,14930,302212,240274,736,100,100,0,0,0,0,262984,309336
29-10-2014,Client,230703,468620,1224281,317601,597679,747501,825156,976171,271324,152509,180156,111961,3223997,2879665
29-10-2014,FII,375225,119420,339564,984477,524059,729769,384143,171631,18315,15560,28928,18622,2002492,1707221
29-10-2014,Pro,42190,60198,188136,162621,257753,226012,410366,556116,57954,43517,138509,81003,815562,1408813
30-10-2014,Client,139993,364734,1284111,292127,219727,324407,527836,543861,87441,46663,68180,44587,2102342,1841325
30-10-2014,DII,5400,8564,12479,363169,239944,0,0,0,0,0,0,0,257823,371733
30-10-2014,Pro,29820,55503,161878,110820,195022,156040,207741,261487,20357,16638,39664,19395,579755,694610
30-10-2014,FII,296514,42926,418544,1110896,385795,432931,304911,108030,1299,718,1253,37,1535801,1568053
30-10-2014,TOTAL,471727,471727,1877012,1877012,1040488,913378,1040488,913378,109097,64019,109097,64019,4475721,4475721
31-10-2014,Pro,79270,118254,164468,116798,446633,362110,469162,651965,34760,20733,55962,30412,1107974,1442553
31-10-2014,FII,639632,82255,439813,1122818,819330,779760,440840,193115,10574,10226,10132,5075,2699335,1854235
31-10-2014,TOTAL,973885,973885,1919788,1919788,2097244,2011584,2097244,2011584,166373,96437,166373,96437,7265311,7265311
31-10-2014,DII,10342,25564,12869,366856,304071,0,0,0,0,0,0,0,327282,392420
31-10-2014,Client,244641,747812,1302638,313316,527210,869714,1187242,1166504,121039,65478,100279,60950,3130720,3576103
03-11-2014,Client,260100,775372,1337331,318246,583303,960358,1276047,1248398,143113,75591,115344,68894,3359796,3802301
03-11-2014,DII,10495,31564,13686,364139,304231,0,0,0,0,0,0,0,328412,395703
03-11-2014,FII,652655,89044,437217,1150412,860692,784823,437940,211038,13470,12480,13000,6279,2761337,1907713
03-11-2014,Pro,87256,114526,169340,124777,443372,391990,477611,677735,38950,22871,67189,35769,1153779,1497607
03-11-2014,TOTAL,1010506,1010506,1957574,1957574,2191598,2137171,2191598,2137171,195533,110942,195533,110942,7603324,7603324
05-11-2014,TOTAL,1072470,1072470,1997404,1997404,2252029,2251446,2252029,2251446,221248,124992,221248,124992,7919589,7919589
05-11-2014,Client,264363,812963,1372514,325792,591712,1048580,1334531,1280679,164123,85494,127837,76524,3526786,3958326
05-11-2014,DII,10525,31564,13592,359949,304237,0,0,0,0,0,0,0,328354,391513
05-11-2014,Pro,92655,114983,173965,129864,434535,385924,468672,720350,40869,25416,78512,41485,1153364,1553866
05-11-2014,FII,704927,112960,437333,1181799,921545,816942,448826,250417,16256,14082,14899,6983,2911085,2015884
07-11-2014,Pro,89305,125528,180579,139999,456946,419217,484439,769567,44821,28738,92366,48779,1219606,1660678
07-11-2014,TOTAL,1088337,1088337,2026241,2026241,2320499,2353669,2320499,2353669,253069,142898,253069,142898,8184713,8184713
07-11-2014,DII,10006,31564,13597,357248,304205,0,0,0,0,0,0,0,327808,388812
07-11-2014,FII,725131,115511,433455,1198639,947984,832314,458629,279494,19222,16418,17197,8649,2974524,2078119
07-11-2014,Client,263895,815734,1398610,330355,611364,1102138,1377431,1304608,189026,97742,143506,85470,3662775,4057104
10-11-2014,Pro,84987,117544,184110,146269,429457,425516,479663,770216,45159,30873,99319,51670,1200102,1664681
10-11-2014,Client,263239,816485,1416140,333801,649244,1162286,1387302,1351787,207958,103548,154582,90807,3802415,4134764
10-11-2014,FII,729393,121988,427334,1205335,955727,839366,471742,305165,20036,18181,19252,10125,2990037,2133607
10-11-2014,DII,9962,31564,13581,355760,304279,0,0,0,0,0,0,0,327822,387324
10-11-2014,TOTAL,1087581,1087581,2041165,2041165,2338707,2427168,2338707,2427168,273153,152602,273153,152602,8320376,8320376
11-11-2014,DII,9991,31564,13884,354487,304283,0,0,0,0,0,0,0,328158,386051
11-11-2014,FII,730739,138142,432056,1214068,951027,839757,474599,334239,22466,20920,21508,12014,2996965,2194570
11-11-2014,TOTAL,1094445,1094445,2058357,2058357,2363009,2475934,2363009,2475934,292246,164520,292246,164520,8448511,8448511
11-11-2014,Pro,82450,121611,189635,154629,425688,424012,483674,751957,46573,32286,106264,56587,1200644,1674722
11-11-2014,Client,271265,803128,1422782,335173,682011,1212165,1404736,1389738,223207,111314,164474,95919,3922744,4193168
12-11-2014,Client,280084,820870,1432993,351937,669682,1307228,1434944,1416690,237123,121705,175619,101078,4048815,4301138
12-11-2014,DII,9920,31564,14404,354382,304236,0,0,0,60,0,0,0,328620,385946
12-11-2014,FII,747494,149464,443836,1211153,989172,844318,468125,331192,27404,21915,25458,13370,3074139,2198762
12-11-2014,Pro,90602,126202,190547,164308,439857,466105,499878,869769,50386,34435,113896,63607,1271932,1837660
12-11-2014,TOTAL,1128100,1128100,2081780,2081780,2402947,2617651,2402947,2617651,314973,178055,314973,178055,8723506,8723506
13-11-2014,DII,9919,31564,15343,351528,304274,0,0,0,60,0,0,0,329596,383092
13-11-2014,Client,267500,798730,1424238,348558,697375,1256233,1452716,1425345,259790,124188,185501,106429,4029324,4317279
13-11-2014,Pro,88128,119766,196927,163382,433896,447624,525117,793347,49603,38905,125922,64668,1255083,1792202
13-11-2014,TOTAL,1101352,1101352,2082461,2082461,2450325,2556142,2450325,2556142,337919,185701,337919,185701,8713900,8713900
13-11-2014,FII,735805,151292,445953,1218993,1014780,852285,472492,337450,28466,22608,26496,14604,3099897,2221327
14-11-2014,Client,268056,773438,1421047,353778,637449,1340868,1437240,1458833,269790,138228,193669,112834,4075438,4329792
14-11-2014,FII,727677,158960,451635,1221519,1031804,902538,472117,374675,29365,23416,26826,15315,3166435,2269412
14-11-2014,TOTAL,1096658,1096658,2095032,2095032,2465201,2691500,2465201,2691500,351204,201263,351204,201263,8900858,8900858
14-11-2014,Pro,91005,130546,205607,170247,491698,444094,555844,857992,51989,39619,130709,73114,1324012,1918452
14-11-2014,DII,9920,33714,16743,349488,304250,4000,0,0,60,0,0,0,334973,383202
17-11-2014,Pro,97519,131451,212902,174407,519102,453403,568014,891249,55335,37779,130544,81363,1376040,1977028
17-11-2014,DII,9922,33714,17022,351321,304529,4000,0,0,60,0,0,0,335533,385035
17-11-2014,FII,718146,159436,453191,1237060,1029474,912196,481173,386755,29466,23217,27613,15911,3165690,2307948
17-11-2014,Client,275300,776286,1435715,356042,664113,1447036,1468031,1538631,270728,154199,197432,117921,4247091,4454343
17-11-2014,TOTAL,1100887,1100887,2118830,2118830,2517218,2816635,2517218,2816635,355589,215195,355589,215195,9124354,9124354
18-11-2014,Client,274761,772554,1443576,367104,703137,1493764,1499833,1583841,279466,159834,200715,122588,4354538,4546635
18-11-2014,DII,9819,36714,17810,350426,302503,4000,0,0,60,0,0,0,334192,387140
18-11-2014,FII,721396,170303,460238,1237577,1030179,920772,482938,396667,30760,23750,29167,16220,3187095,2332872
18-11-2014,Pro,106019,132424,218557,185074,500330,461823,553378,899851,56838,40351,137242,85127,1383918,1993096
18-11-2014,TOTAL,1111995,1111995,2140181,2140181,2536149,2880359,2536149,2880359,367124,223935,367124,223935,9259743,9259743
19-11-2014,Client,251947,765207,1436730,362285,729471,1390597,1471404,1579367,307390,152875,211587,125335,4269010,4515185
19-11-2014,DII,9868,37692,18190,349305,300371,4000,0,0,60,0,0,0,332489,386997
19-11-2014,FII,720023,162146,465620,1242068,1043749,981166,497126,405333,30659,23542,31340,18064,3264759,2356077
19-11-2014,Pro,105130,121923,230725,197607,468180,484752,573241,875815,54232,47365,149414,80383,1390384,1998383
19-11-2014,TOTAL,1086968,1086968,2151265,2151265,2541771,2860515,2541771,2860515,392341,223782,392341,223782,9256642,9256642
20-11-2014,DII,9722,34496,18705,350031,298371,4000,0,0,60,0,0,0,330858,384527
20-11-2014,Pro,103243,124032,248006,212994,466781,459536,559806,874321,54797,48836,156175,80243,1381199,2007571
20-11-2014,TOTAL,1084206,1084206,2184543,2184543,2532663,2931786,2532663,2931786,407839,226590,407839,226590,9367627,9367627
20-11-2014,FII,719825,152960,464490,1254105,1054455,1016193,498951,407583,31007,23033,31961,19041,3309003,2364601
20-11-2014,Client,251416,772718,1453342,367413,713056,1452057,1473906,1649882,321975,154721,219703,127306,4346567,4610928
21-11-2014,Client,277137,802464,1482808,379199,682374,1590201,1495040,1669173,310721,163399,216334,126439,4506640,4688649
21-11-2014,DII,11022,35523,19427,353153,296315,4000,0,0,64,0,0,0,330828,388676
21-11-2014,FII,735191,153950,462699,1265037,1041197,1012602,499013,402192,29157,22325,30916,21990,3303171,2373098
21-11-2014,Pro,103674,135087,256843,224388,463093,496270,488926,1031708,57658,46696,150350,83991,1424234,2114450
21-11-2014,TOTAL,1127024,1127024,2221777,2221777,2482979,3103073,2482979,3103073,397600,232420,397600,232420,9564873,9564873
24-11-2014,Client,276379,800058,1490872,374639,681115,1755017,1499218,1740291,311083,169109,216074,127764,4683575,4758044
24-11-2014,FII,738109,157481,470979,1278543,1053947,1021262,485436,437906,29067,22071,30857,22058,3335435,2412281
24-11-2014,TOTAL,1132885,1132885,2251809,2251809,2473911,3272307,2473911,3272307,400960,240215,400960,240215,9772087,9772087
24-11-2014,Pro,107360,135731,269970,246138,442522,492028,489257,1094110,60746,49035,154029,90393,1421661,2209658
24-11-2014,DII,11037,39615,19988,352489,296327,4000,0,0,64,0,0,0,331416,392104
25-11-2014,Pro,122590,106868,271328,243842,415881,498308,642067,946293,58219,53633,166168,84523,1419959,2189761
25-11-2014,FII,733344,178437,478847,1294448,1055680,1054295,490744,427616,28654,20252,32168,22560,3371072,2445973
25-11-2014,TOTAL,1118877,1118877,2251783,2251783,2656477,3065431,2656477,3065431,415393,232947,415393,232947,9740908,9740908
25-11-2014,Client,252496,794912,1480776,363515,888527,1508828,1523666,1691522,328456,159062,217057,125864,4618145,4716536
25-11-2014,DII,10447,38660,20832,349978,296389,4000,0,0,64,0,0,0,331732,388638
26-11-2014,Client,265726,824124,1512483,368028,883454,1540807,1499691,1697883,324895,165426,219554,127135,4692791,4736415
26-11-2014,DII,9807,38451,21427,355730,297035,4000,0,0,64,0,0,0,332333,394181
26-11-2014,FII,765983,206047,503903,1338614,1019478,1118002,485256,425685,27378,18820,31925,23405,3453564,2510932
26-11-2014,Pro,124048,96942,252233,227674,422660,496389,637680,1035630,60865,53564,161723,87270,1409759,2246919
26-11-2014,TOTAL,1165564,1165564,2290046,2290046,2622627,3159198,2622627,3159198,413202,237810,413202,237810,9888447,9888447
27-11-2014,Client,206848,771153,1402419,291213,362615,530934,953749,885197,94471,39530,65806,42779,2636817,3009897
27-11-2014,FII,664803,62208,441240,1261906,773888,652066,397262,195534,1524,280,1890,148,2533801,1918948
27-11-2014,TOTAL,948031,948031,2035073,2035073,1692813,1493594,1692813,1493594,114415,61356,114415,61356,6345282,6345282
27-11-2014,Pro,65520,76900,179168,128245,259311,306594,341802,412863,18420,21546,46719,18429,850559,1024958
27-11-2014,DII,10860,37770,12246,353709,296999,4000,0,0,0,0,0,0,324105,391479
28-11-2014,TOTAL,1013304,1013304,2094719,2094719,1891941,1733535,1891941,1733535,170487,93324,170487,93324,6997310,6997310
28-11-2014,Client,209513,836460,1438276,312842,442487,684306,1087477,1016330,129596,56043,94601,56844,2960221,3404554
28-11-2014,FII,730220,50288,458958,1280870,858641,697670,422255,213892,12284,12447,11453,6970,2770220,1985728
28-11-2014,DII,11479,40840,13827,356963,298456,4000,0,0,1424,0,0,0,329186,397803
28-11-2014,Pro,62092,85716,183658,144044,292357,347559,382209,503313,27183,24834,64433,29510,937683,1209225
01-12-2014,Client,209418,816510,1446769,325820,524601,731343,1157546,1063550,157506,68675,111731,67601,3138312,3542758
01-12-2014,FII,723320,57722,470040,1286319,878403,718927,436393,241004,14385,13691,13351,8725,2818766,2043514
01-12-2014,TOTAL,1007698,1007698,2117664,2117664,1991325,1844460,1991325,1844460,203182,112165,203182,112165,7276494,7276494
01-12-2014,Pro,63123,90999,186903,148777,289565,389915,397386,539906,29867,29799,78100,35839,989172,1291007
01-12-2014,DII,11837,42467,13952,356748,298756,4275,0,0,1424,0,0,0,330244,399215
02-12-2014,Pro,79012,89598,198616,158114,270307,435965,451779,526091,34085,33446,88519,40316,1051431,1354417
02-12-2014,DII,13644,40067,14249,354727,299714,4275,0,0,1424,0,0,0,333306,394794
02-12-2014,TOTAL,990992,990992,2147785,2147785,2116456,1921463,2116456,1921463,232010,125729,232010,125729,7534435,7534435
02-12-2014,FII,670373,60300,465742,1304908,874504,731330,456622,269642,17173,16352,15997,9942,2775474,2117411
02-12-2014,Client,227963,801027,1469178,330036,671931,749893,1208055,1125730,179328,75931,127494,75471,3374224,3667813
03-12-2014,Client,233615,763943,1487264,337880,728937,780980,1272913,1174651,200364,83739,143962,82577,3514899,3775926
03-12-2014,FII,630229,67441,454366,1308340,909148,752538,476726,268299,19695,18060,18391,10710,2784036,2149907
03-12-2014,TOTAL,956799,956799,2160927,2160927,2233967,2002935,2233967,2002935,258929,138611,258929,138611,7752168,7752168
03-12-2014,Pro,79826,87348,204210,161981,297412,469142,484328,559985,37217,36812,96576,45324,1124619,1435542
03-12-2014,DII,13129,38067,15087,352726,298470,275,0,0,1653,0,0,0,328614,390793
04-12-2014,Pro,79860,83501,208132,171673,304094,467845,470316,631651,40169,39492,105960,49133,1139592,1512234
04-12-2014,FII,605859,75320,455215,1307357,929473,757528,483448,272099,20458,18767,19626,10875,2787300,2168725
04-12-2014,TOTAL,935039,935039,2171793,2171793,2241500,2099204,2241500,2099204,280768,147279,280768,147279,7875583,7875583
04-12-2014,Client,236133,738111,1492688,341467,711518,873831,1287736,1195454,218160,89020,155182,87271,3621350,3805221
04-12-2014,DII,13187,38107,15758,351296,296415,0,0,0,1981,0,0,0,327341,389403
05-12-2014,TOTAL,946572,946572,2174077,2174077,2239593,2142766,2239593,2142766,299928,154396,299928,154396,7957332,7957332
05-12-2014,Client,228427,748257,1501483,342086,722435,915806,1306628,1226338,235648,92712,165863,92238,3696511,3881410
05-12-2014,FII,619603,76885,450898,1303984,938496,762888,482724,282172,21647,18904,20685,11136,2812436,2177586
05-12-2014,Pro,85454,83323,205610,174912,284047,464072,450241,634256,40652,42780,113380,51022,1122615,1507134
05-12-2014,DII,13088,38107,16086,353095,294615,0,0,0,1981,0,0,0,325770,391202
08-12-2014,FII,637717,85315,443351,1324381,909543,871230,493234,279743,22594,17881,21834,10686,2902316,2215193
08-12-2014,Client,240524,788110,1532039,344190,810390,848375,1234056,1376769,267362,94771,180839,96373,3793461,4020337
08-12-2014,Pro,114305,91141,211223,180595,260784,506957,550659,570450,39653,47101,128917,52694,1180023,1574456
08-12-2014,TOTAL,1003814,1003814,2202874,2202874,2277949,2226962,2277949,2226962,331590,159753,331590,159753,8202942,8202942
08-12-2014,DII,11268,39248,16261,353708,297232,400,0,0,1981,0,0,0,327142,392956
09-12-2014,TOTAL,1036421,1036421,2219465,2219465,2379349,2296016,2379349,2296016,358222,163302,358222,163302,8452775,8452775
09-12-2014,DII,11529,31022,15979,354922,297365,5480,0,0,1981,0,0,0,332334,385944
09-12-2014,Client,247606,822030,1558015,342074,939992,788903,1186023,1435948,296514,93949,193221,100939,3924979,4080235
09-12-2014,FII,661482,95990,431223,1336836,869443,941615,502907,281695,21717,16709,22057,10355,2942189,2249840
09-12-2014,Pro,115804,87379,214248,185633,272549,560018,690419,578373,38010,52644,142944,52008,1253273,1736756
10-12-2014,Client,256510,813362,1577173,344603,1020690,809480,1240100,1459561,307716,102266,202103,104302,4073835,4164031
10-12-2014,FII,639909,110227,431464,1349664,829029,951510,512423,274072,22454,18411,22591,11872,2892777,2280849
10-12-2014,Pro,126334,81068,217620,191298,307719,526551,702356,559388,40764,52363,148221,56866,1271351,1739197
10-12-2014,TOTAL,1034297,1034297,2242269,2242269,2454879,2293021,2454879,2293021,372915,173040,372915,173040,8570421,8570421
10-12-2014,DII,11544,29640,16012,356704,297441,5480,0,0,1981,0,0,0,332458,386344
11-12-2014,Client,269722,791642,1592655,345543,1135713,806390,1284644,1455222,330476,103584,210050,107027,4238540,4194128
11-12-2014,DII,11596,28586,16350,358547,294881,5480,0,0,1981,0,0,0,330288,387133
11-12-2014,FII,635365,138607,424696,1355939,787912,1003711,516963,288016,22994,19082,24501,12560,2893760,2336586
11-12-2014,Pro,124003,81851,223310,196982,308468,504394,725367,576737,41114,54687,162014,57766,1255976,1800717
11-12-2014,TOTAL,1040686,1040686,2257011,2257011,2526974,2319975,2526974,2319975,396565,177353,396565,177353,8718564,8718564
12-12-2014,Client,268885,810401,1603799,348921,1258106,757492,1312051,1456360,353365,102475,218770,108275,4344122,4254778
12-12-2014,DII,13685,24508,17258,359005,294829,5480,0,0,1981,0,0,0,333233,383513
12-12-2014,FII,673035,161728,423422,1359489,789506,1035682,514137,300639,24258,18879,27043,12857,2964782,2375893
12-12-2014,Pro,127004,85972,224519,201583,299338,538990,815591,580645,39851,57303,173642,57525,1287005,1914958
12-12-2014,TOTAL,1082609,1082609,2268998,2268998,2641779,2337644,2641779,2337644,419455,178657,419455,178657,8929142,8929142
15-12-2014,Pro,125662,82944,228407,203716,283891,545655,810149,619608,40551,58070,181453,60198,1282236,1958068
15-12-2014,TOTAL,1096226,1096226,2293811,2293811,2683424,2416261,2683424,2416261,439334,186051,439334,186051,9115107,9115107
15-12-2014,FII,680657,162712,416856,1377220,771809,1036221,534088,303781,25365,20119,31019,13709,2951027,2422529
15-12-2014,DII,13730,20149,17419,360390,294869,5600,0,0,1981,0,0,0,333599,380539
15-12-2014,Client,276177,830421,1631129,352485,1332855,828785,1339187,1492872,371437,107862,226862,112144,4548245,4353971
16-12-2014,Client,319861,854932,1649939,344613,1472144,828662,1358642,1495096,388564,99535,226551,109859,4758705,4389693
16-12-2014,FII,661018,167796,409608,1396128,788273,1140357,604665,348484,25813,17798,32728,15376,3042867,2565177
16-12-2014,TOTAL,1124120,1124120,2310459,2310459,2903841,2488139,2903841,2488139,456862,180091,456862,180091,9463512,9463512
16-12-2014,Pro,129404,83089,230776,209955,349776,513520,940534,644559,40504,62758,197583,54856,1326738,2130576
16-12-2014,DII,13837,18303,20136,359763,293648,5600,0,0,1981,0,0,0,335202,378066
17-12-2014,DII,13781,18366,22375,358480,294596,7600,0,0,1981,0,0,0,340333,376846
17-12-2014,FII,654642,186087,408623,1394652,793715,1236071,686743,359202,26955,17524,34069,17726,3137530,2678479
17-12-2014,Pro,143964,73829,236730,207640,361861,524643,954394,688950,42077,63124,203095,55570,1372399,2183478
17-12-2014,TOTAL,1136565,1136565,2297099,2297099,3046913,2569323,3046913,2569323,462756,183095,462756,183095,9695751,9695751
17-12-2014,Client,324178,858283,1629371,336327,1596741,801009,1405776,1521171,391743,102447,225592,109799,4845489,4456948
18-12-2014,Pro,135163,63485,244059,214137,373330,482833,893551,708723,47148,61150,197862,61649,1343683,2139407
18-12-2014,DII,11801,22679,23839,356377,292981,6320,200,200,1981,0,0,0,336922,379456
18-12-2014,FII,670115,199823,415398,1388879,833344,1264010,696726,353978,24842,18312,34006,18428,3226021,2691840
18-12-2014,Client,301243,832335,1610123,334026,1437530,846987,1346708,1537249,382030,111241,224133,110626,4689154,4385077
18-12-2014,TOTAL,1118322,1118322,2293419,2293419,2937185,2600150,2937185,2600150,456001,190703,456001,190703,9595780,9595780
19-12-2014,Client,297468,830119,1592417,335440,1359675,923321,1352879,1579926,371001,117196,220757,111942,4661078,4431063
19-12-2014,DII,11274,29624,25975,353240,296371,5840,0,0,1981,0,0,0,341441,382864
19-12-2014,FII,687716,221748,421381,1383308,868876,1326406,679320,376782,24977,18468,34676,18919,3347824,2714753
19-12-2014,Pro,141125,56092,253048,220833,366428,511464,859151,810323,50397,61124,192923,65927,1383586,2205249
19-12-2014,TOTAL,1137583,1137583,2292821,2292821,2891350,2767031,2891350,2767031,448356,196788,448356,196788,9733929,9733929
22-12-2014,DII,11304,31683,26485,351926,292861,5440,0,0,1981,0,0,0,338071,383609
22-12-2014,Client,318074,844073,1609473,345818,1186694,1078279,1274380,1613603,359606,122735,219975,111147,4674861,4408996
22-12-2014,TOTAL,1252537,1252537,2343240,2343240,2710797,2921085,2710797,2921085,439416,200871,439416,200871,9867946,9867946
22-12-2014,FII,787469,316241,440449,1404836,856398,1321909,621846,383001,22745,18234,32994,18932,3447204,2777850
22-12-2014,Pro,135690,60540,266833,240660,374844,515457,814571,924481,55084,59902,186447,70792,1407810,2297491
23-12-2014,Pro,99482,70118,243091,219042,354356,482718,928359,930976,52948,61691,188426,69488,1294286,2406409
23-12-2014,DII,11578,33027,24116,341331,285844,5200,0,0,1981,0,0,0,328719,374358
23-12-2014,Client,306123,856845,1620104,354025,1375206,1025558,1289762,1615355,361749,119692,216563,109925,4808432,4442475
23-12-2014,FII,856876,314069,454817,1427730,773360,1365970,570645,333115,23435,16243,35124,18213,3490701,2698896
23-12-2014,TOTAL,1274059,1274059,2342128,2342128,2788766,2879446,2788766,2879446,440113,197626,440113,197626,9922138,9922138
24-12-2014,Pro,127309,52379,166622,147105,212099,376819,403021,385246,18339,26701,42754,18431,927889,1048936
24-12-2014,DII,10145,26917,18628,302744,209912,7200,0,0,159,0,0,0,246044,329661
24-12-2014,FII,543997,75003,377842,1299300,378463,698881,263568,113195,2736,0,143,365,2001919,1751574
24-12-2014,Client,240960,768112,1469992,283935,482405,331771,616290,916230,77679,32160,56016,40065,2634967,2680648
24-12-2014,TOTAL,922411,922411,2033084,2033084,1282879,1414671,1282879,1414671,98913,58861,98913,58861,5810819,5810819
26-12-2014,Client,258097,767932,1482959,295026,555283,403740,706292,1007326,100450,42183,76362,49743,2842712,2902681
26-12-2014,DII,13449,24917,18683,310045,208914,7212,240,240,1280,0,100,0,249538,335542
26-12-2014,Pro,109106,54968,167464,141008,241685,416352,423977,434933,26332,29904,54519,25390,990843,1134795
26-12-2014,TOTAL,921860,921860,2048888,2048888,1396280,1547665,1396280,1547665,137537,79856,137537,79856,6132086,6132086
26-12-2014,FII,541208,74043,379782,1302809,390398,720361,265771,105166,9475,7769,6556,4723,2048993,1759068
29-12-2014,FII,570628,73650,376554,1299249,380656,787206,265786,111087,11458,11185,8349,6713,2137687,1764834
29-12-2014,Client,253941,789873,1493185,299881,604108,483319,762667,1090788,114383,47818,89589,55609,2996754,3088407
29-12-2014,TOTAL,941768,941768,2056730,2056730,1461701,1703681,1461701,1703681,158241,91753,158241,91753,6413874,6413874
29-12-2014,DII,14617,24706,20125,314642,209990,7212,260,260,1280,0,129,0,253224,339997
29-12-2014,Pro,102582,53539,166866,142958,266947,425944,432988,501546,31120,32750,60174,29431,1026209,1220636
30-12-2014,Client,254046,799005,1500113,310241,626531,555339,802025,1161571,126701,53272,97286,60392,3116002,3230520
30-12-2014,FII,592390,74310,377215,1301505,407059,822977,267113,123373,12465,13946,9855,8330,2226052,1784486
30-12-2014,DII,14718,27106,20313,314290,209990,7212,260,260,1468,0,129,0,253701,342045
30-12-2014,TOTAL,956794,956794,2070248,2070248,1539965,1829021,1539965,1829021,174095,102470,174095,102470,6672593,6672593
30-12-2014,Pro,95640,56373,172607,144212,296385,443493,470567,543817,33461,35252,66825,33748,1076838,1315542
31-12-2014,Pro,75163,59550,173823,139221,318694,438453,493220,583020,36228,36190,71228,36690,1078551,1382929
31-12-2014,DII,13834,27220,21016,314545,205478,7212,320,320,1468,0,129,0,249008,342534
31-12-2014,TOTAL,953270,953270,2068743,2068743,1616401,1890120,1616401,1890120,189008,111611,189008,111611,6829153,6829153
31-12-2014,FII,602233,76684,376509,1300311,430266,838359,278612,128491,13667,15914,11082,9965,2276948,1805145
31-12-2014,Client,262040,789816,1497395,314666,661963,606096,844249,1178289,137645,59507,106569,64956,3224646,3298545
01-01-2015,DII,13514,27220,22402,314629,205478,7212,320,320,1468,0,129,0,250074,342618
01-01-2015,FII,604510,81589,377015,1299693,440533,874345,291597,139146,14084,17116,11757,10094,2327603,1833876
01-01-2015,Pro,71793,61433,174405,138766,336390,437999,484385,603141,38202,36734,74676,38398,1095523,1400799
01-01-2015,TOTAL,952423,952423,2070614,2070614,1660900,1939717,1660900,1939717,199331,116996,199331,116996,6939981,6939981
01-01-2015,Client,262606,782181,1496792,317526,678499,620161,884598,1197110,145577,63146,112769,68504,3266781,3362688
02-01-2015,FII,622785,79980,376960.7852,1293094.17,454928,867084,292456,150858,14457,17840,11955,10763,2354054.785,1839106.17
02-01-2015,Pro,67656,64302,174868.7313,144750.9321,327496,356756,432223,562544,43838,37714,76598,45246,1008328.731,1325663.932
02-01-2015,TOTAL,968230,968230,2080553.806,2080553.806,1644504,1938114,1644504,1938114,209934,128423,209934,128423,6969758.806,6969758.806
02-01-2015,Client,264301,795368,1506036.29,325419.8521,656602,708942,919505,1224392,150171,72869,121252,72414,3358921.29,3458350.852
02-01-2015,DII,13488,28580,22688,317288.8521,205478,5332,320,320,1468,0,129,0,248454,346637.8521
05-01-2015,FII,595979,80701,377746,1293336,490399,885753,308842,184854,17356,20057,14600,12933,2387290,1895266
05-01-2015,Pro,63308,61579,178894,145692,339785,354763,467001,558781,46142,40063,85867,49607,1022955,1368527
05-01-2015,DII,12012,35426,23303,316488,205462,5654,320,320,1468,0,75,0,247899,352629
05-01-2015,TOTAL,939763,939763,2086984,2086984,1732550,1973199,1732550,1973199,229641,140205,229641,140205,7102342,7102342
05-01-2015,Client,268464,762057,1507041,331468,696904,727029,956387,1229244,164675,80085,129099,77665,3444198,3485920
06-01-2015,Client,319514,685234,1458774,316494,943978,604429,1005134,1281554,195950,75530,138431,82589,3598175,3509436
06-01-2015,DII,14170,29006,23947,309413,206926,9575,320,320,1016,0,75,0,255634,339134
06-01-2015,FII,478696,101191,375812,1283036,524647,977321,365309,192904,19847,19265,15630,14782,2395588,1972852
06-01-2015,Pro,75638,72587,183942,133532,354490,437543,659278,554090,41326,49185,104003,46609,1142124,1570099
06-01-2015,TOTAL,888018,888018,2042475,2042475,2030041,2028868,2030041,2028868,258139,143980,258139,143980,7391521,7391521
07-01-2015,Client,327607,687912,1471043,323667,1060990,636217,1058901,1347721,209215,83941,147354,87074,3789013,3652629
07-01-2015,TOTAL,872294,872294,2064186,2064186,2196914,2185064,2196914,2185064,274459,154470,274459,154470,7747387,7747387
07-01-2015,FII,455217,89666,379860,1292989,531041,1054758,420541,191131,22679,21158,17849,16385,2464713,2028561
07-01-2015,DII,14430,22078,24662,308563,209327,9575,320,320,40,0,75,0,258034,331356
07-01-2015,Pro,75040,72638,188621,138967,395556,484514,717152,645892,42525,49371,109181,51011,1235627,1734841
08-01-2015,DII,11254,21862,25434,307910,209799,7855,460,460,40,0,75,0,254382,330767
08-01-2015,TOTAL,836063,836063,2067258,2067258,2120515,2233791,2120515,2233791,288929,168578,288929,168578,7715134,7715134
08-01-2015,Client,302500,652027,1458817,329895,970998,707570,1029897,1378154,218522,96365,158058,93514,3754772,3641545
08-01-2015,Pro,69228,67943,190928,137070,390300,454710,659534,668155,46805,49025,111704,57353,1200996,1701759
08-01-2015,FII,453081,94231,392079,1292383,549418,1063656,430624,187022,23562,23188,19092,17711,2504984,2041063
09-01-2015,DII,11890,21247,25763,303974,209749,7855,340,340,28,0,39,0,255285,325940
09-01-2015,Client,298787,633527,1447966,337240,861694,771516,1017219,1410592,229129,103469,166264,95075,3712561,3659917
09-01-2015,FII,435770,83075,414137,1294067,572839,1106586,415236,228014,24566,24754,21184,19649,2578652,2061225
09-01-2015,TOTAL,810100,810100,2079495,2079495,2016728,2332602,2016728,2332602,302961,177961,302961,177961,7719847,7719847
09-01-2015,Pro,63653,72251,191629,144214,372446,446645,583933,693656,49238,49738,115474,63237,1173349,1672765
12-01-2015,Pro,60693,71207,195846,150523,380387,442783,550368,731026,51747,49280,118276,69531,1180736,1690931
12-01-2015,TOTAL,832152,832152,2096068,2096068,1994507,2449319,1994507,2449319,312922,187281,312922,187281,7872249,7872249
12-01-2015,FII,445687,103525,416066,1303722,582517,1108095,418849,230774,25145,25833,22289,20079,2603343,2099238
12-01-2015,DII,11922,21007,25884,301613,209749,7855,340,340,28,0,39,0,255438,323339
12-01-2015,Client,313850,636413,1458272,340210,821854,890586,1024950,1487179,236002,112168,172318,97671,3832732,3758741
13-01-2015,DII,12048,22025,26212,296156,210979,19855,440,340,28,0,39,0,269122,319000
13-01-2015,FII,479511,116107,420219,1311811,615641,1088384,400046,239925,25700,26089,22641,19964,2655544,2110494
13-01-2015,Client,301761,624979,1454924,343045,847327,937170,1108883,1506833,253326,114028,179798,102610,3908536,3866148
13-01-2015,Pro,51535,81744,199996,150339,414250,457191,578828,755502,50781,52091,127357,69634,1225844,1763404
13-01-2015,TOTAL,844855,844855,2101351,2101351,2088197,2502600,2088197,2502600,329835,192208,329835,192208,8059046,8059046
14-01-2015,Pro,46905,63602,205522,158382,420378,454771,603130,717049,51798,54049,134777,75547,1233423,1752487
14-01-2015,TOTAL,833383,833383,2125657,2125657,2170893,2524299,2170893,2524299,346863,202433,346863,202433,8203528,8203528
14-01-2015,FII,483624,110319,420509,1323421,628530,1109144,410574,248317,26578,26354,22728,21341,2694739,2136700
14-01-2015,DII,11032,22271,26999,292494,210979,19855,440,340,28,0,39,0,268893,315584
14-01-2015,Client,291822,637191,1472627,351360,911006,940529,1156749,1558593,268459,122030,189319,105545,4006473,3998757
15-01-2015,Client,256051,750902,1488818,344876,734648,1111920,1188780,1620329,254686,136214,190546,106552,3982337,4201985
15-01-2015,DII,12696,29201,26215,293778,210879,6175,740,0,28,0,39,0,255993,323758
15-01-2015,FII,640572,97602,436477,1350379,744888,1130312,392956,244232,26280,27502,23561,22837,3006031,2131567
15-01-2015,Pro,50963,82577,205034,167511,475823,491118,583762,874964,63984,51903,130832,86230,1338825,1925876
15-01-2015,TOTAL,960282,960282,2156544,2156544,2166238,2739525,2166238,2739525,344978,215619,344978,215619,8583186,8583186
16-01-2015,Client,265688,709364,1465164,353786,732200,1243125,1241024,1702935,264510,142632,194979,108965,4113319,4311053
16-01-2015,Pro,57727,96126,206684,172729,449428,446462,543360,862651,63977,51330,135580,90619,1275608,1901065
16-01-2015,FII,606141,100981,453597,1329607,779697,1149761,389080,279937,26181,28358,24093,22741,3043735,2146439
16-01-2015,TOTAL,942192,942192,2150687,2150687,2174204,2845523,2174204,2845523,354696,222325,354696,222325,8689627,8689627
16-01-2015,DII,12636,35721,25242,294565,212879,6175,740,0,28,5,44,0,256965,331070
19-01-2015,Pro,53012,109816,212108,179838,478603,476560,554054,967461,65827,51390,139159,94391,1337500,2044719
19-01-2015,FII,607926,101436,457583,1329921,791397,1137042,394772,299858,25590,29323,23812,23261,3048861,2173060
19-01-2015,Client,275774,697548,1471631,362682,728935,1367747,1264997,1720205,271830,148499,200240,111565,4264416,4357237
19-01-2015,DII,9249,37161,25039,293920,215628,6175,740,0,28,5,64,0,256124,331885
19-01-2015,TOTAL,945961,945961,2166361,2166361,2214563,2987524,2214563,2987524,363275,229217,363275,229217,8906901,8906901
20-01-2015,Client,263441,755494,1474794,369595,658622,1527502,1326670,1722628,261952,160192,197101,112408,4346503,4483896
20-01-2015,DII,9276,44761,25312,291517,216610,3575,740,0,28,5,109,0,254806,337127
20-01-2015,Pro,60215,122870,216533,195621,482975,492679,520436,1084062,68946,48822,134905,100920,1370170,2158814
20-01-2015,FII,704888,114695,467248,1327154,888065,1132067,398426,349133,24564,28780,23375,24471,3245612,2237254
20-01-2015,TOTAL,1037820,1037820,2183887,2183887,2246272,3155823,2246272,3155823,355490,237799,355490,237799,9217091,9217091
21-01-2015,Client,262919,778080,1477982,379623,650737,1586341,1351243,1700927,268801,167422,203011,115321,4414202,4528205
21-01-2015,DII,9165,47161,26065,288620,218210,3575,740,0,28,5,100,0,257048,336621
21-01-2015,FII,748527,130329,474148,1331749,937227,1112662,390844,421396,26157,29848,24463,24972,3328569,2323753
21-01-2015,Pro,46223,111264,223848,202051,408211,438916,471558,1019171,72593,50073,140005,107055,1239864,2051104
21-01-2015,TOTAL,1066834,1066834,2202043,2202043,2214385,3141494,2214385,3141494,367579,247348,367579,247348,9239683,9239683
22-01-2015,Client,260970,824108,1509163,386068,728695,1603286,1365720,1725143,273812,170752,207302,118975,4546678,4627316
22-01-2015,FII,784162,121306,467422,1340091,913785,1131423,418628,465013,26752,32219,25522,25374,3355763,2395934
22-01-2015,TOTAL,1102386,1102386,2231128,2231128,2314745,3254798,2314745,3254798,374909,254840,374909,254840,9532806,9532806
22-01-2015,Pro,47093,109811,228694,215229,453855,490014,529657,1064642,74317,51864,141985,110491,1345837,2171815
22-01-2015,DII,10161,47161,25849,289740,218410,30075,740,0,28,5,100,0,284528,337741
23-01-2015,Pro,48503,124893,232412,224346,407152,456837,501214,1079467,73388,52751,137416,113425,1271043,2180761
23-01-2015,TOTAL,1159951,1159951,2261638,2261638,2329899,3257837,2329899,3257837,368737,261057,368737,261057,9639119,9639119
23-01-2015,FII,845224,124952,470073,1349829,923747,1120337,443859,484450,25346,33407,26158,27884,3418134,2457132
23-01-2015,DII,10161,51161,26415,291039,217534,37755,600,0,28,5,158,0,291898,342958
23-01-2015,Client,256063,858945,1532738,396424,781466,1642908,1384226,1693920,269975,174894,205005,119748,4658044,4658268
27-01-2015,Client,269092,944051,1588801,425007,710257,1799712,1364382,1702239,277212,182037,204009,119739,4827111,4759427
27-01-2015,DII,10153,57361,26157,290951,216954,39555,600,0,28,5,158,0,292852,349070
27-01-2015,FII,928038,135031,504237,1408372,943383,1110412,428608,495049,24589,32094,28504,29253,3542753,2524817
27-01-2015,Pro,62308,133148,239645,234510,428869,449471,505873,1201862,74540,54175,143698,119319,1309008,2338410
27-01-2015,TOTAL,1269591,1269591,2358840,2358840,2299463,3399150,2299463,3399150,376369,268311,376369,268311,9971724,9971724
28-01-2015,DII,10075,59761,25229,289767,219504,40788,0,0,28,5,158,0,295629,349686
28-01-2015,FII,997482,265599,532965,1450918,995930,1133118,418941,574112,24920,31364,28632,27954,3715779,2766156
28-01-2015,Pro,110750,103230,235515,222641,393669,553475,592752,1257615,76090,58466,152775,120667,1427965,2449680
28-01-2015,TOTAL,1393188,1393188,2394569,2394569,2466879,3502583,2466879,3502583,376570,267839,376570,267839,10401628,10401628
28-01-2015,Client,274881,964598,1600860,431243,857776,1775202,1455186,1670856,275532,178004,195005,119218,4962255,4836106
29-01-2015,Pro,39815,81134,168657,121185,244785,323467,316163,406682,23294,23370,53691,22019,823388,1000874
29-01-2015,FII,829727,100208,455777,1372475,602346,508105,282669,207214,5933,0,912,3366,2401888,1966844
29-01-2015,TOTAL,1095224,1095224,2111993,2111993,1459100,1475010,1459100,1475010,120512,62961,120512,62961,6324800,6324800
29-01-2015,Client,217494,859098,1469820,345608,391665,601625,860268,861114,90798,39591,65909,37576,2810993,3029573
29-01-2015,DII,8188,54784,17739,272725,220304,41813,0,0,487,0,0,0,288531,327509
30-01-2015,DII,8188,58784,18539,283025,222304,39613,0,0,487,0,0,0,289131,341809
30-01-2015,FII,846525,107435,453225,1419177,610502,587918,307548,229350,16332,10855,11407,9672,2525357,2084589
30-01-2015,Pro,45793,89581,176369,135026,268166,353070,394508,423346,32394,31406,78283,33091,907198,1153835
30-01-2015,TOTAL,1132032,1132032,2204812,2204812,1687801,1567839,1687801,1567839,184485,95838,184485,95838,6872807,6872807
30-01-2015,Client,231526,876232,1556679,367584,586829,587238,985745,915143,135272,53577,94795,53075,3151121,3292574
02-02-2015,DII,8752,56064,18599,289809,224402,39613,0,0,487,0,0,0,291853,345873
02-02-2015,TOTAL,1122236,1122236,2281125,2281125,1835340,1635056,1835340,1635056,223030,114839,223030,114839,7211626,7211626
02-02-2015,Pro,39930,71183,186228,150469,304492,367097,462901,428555,38120,35956,92673,40603,971823,1246384
02-02-2015,FII,834586,100537,444498,1466514,622629,625099,327053,224826,19061,14734,14657,11393,2560607,2144980
02-02-2015,Client,238968,894452,1631800,374333,683817,603247,1045386,981675,165362,64149,115700,62843,3387343,3474389
03-02-2015,Pro,52315,71501,192137,150117,330811,398427,542576,456197,42797,42096,109552,43546,1058583,1373489
03-02-2015,DII,9069,51024,19327,288895,229728,47213,0,0,487,0,40,0,305824,339959
03-02-2015,Client,264526,921097,1676051,378868,788808,623327,1111611,1041053,199288,69755,136385,72511,3621755,3661525
03-02-2015,FII,824176,106464,428435,1498070,645491,656569,340651,228286,21587,17191,18182,12985,2593449,2204638
03-02-2015,TOTAL,1150086,1150086,2315950,2315950,1994838,1725536,1994838,1725536,264159,129042,264159,129042,7579611,7579611
04-02-2015,Pro,54966,70613,193290,152916,328141,420567,570103,472371,45861,47062,121965,47727,1089887,1435695
04-02-2015,DII,9045,51024,19331,288375,232248,55349,0,0,537,0,40,0,316510,339439
04-02-2015,FII,814090,89642,428190,1524153,641388,687581,350400,229624,22768,17566,19778,12694,2611583,2226291
04-02-2015,Client,266338,933160,1698601,373968,847913,627694,1129187,1089196,223353,77179,150736,81386,3741078,3757633
04-02-2015,TOTAL,1144439,1144439,2339412,2339412,2049690,1791191,2049690,1791191,292519,141807,292519,141807,7759058,7759058
05-02-2015,Pro,68039,69963,192030,147476,322564,460921,584649,505044,47696,52152,134562,50245,1143402,1491939
05-02-2015,FII,790546,89299,425956,1517229,665209,700911,348392,236148,24521,17471,19807,12980,2624614,2223855
05-02-2015,DII,9085,50784,19050,288786,232248,59901,0,0,537,0,50,0,320821,339620
05-02-2015,Client,253983,911607,1687089,370634,846313,639109,1133293,1119650,242677,83167,161012,89565,3752338,3785761
05-02-2015,TOTAL,1121653,1121653,2324125,2324125,2066334,1860842,2066334,1860842,315431,152790,315431,152790,7841175,7841175
06-02-2015,FII,764573,92929,421864,1525078,621930,725362,387123,236365,25525,18050,21545,13817,2577304,2276857
06-02-2015,Client,267320,913113,1691745,364402,962465,649627,1134688,1163848,265458,89348,172746,95613,3925963,3844410
06-02-2015,TOTAL,1121930,1121930,2326965,2326965,2148175,1888801,2148175,1888801,341567,163680,341567,163680,7991118,7991118
06-02-2015,DII,9049,48944,18670,289584,233290,59401,0,0,537,0,60,0,320947,338588
06-02-2015,Pro,80988,66944,194686,147901,330490,454411,626364,488588,50047,56282,147216,54250,1166904,1531263
09-02-2015,FII,735364,139005,420233,1529778,596649,849722,411310,281113,29995,18640,27483,15335,2650603,2404024
09-02-2015,TOTAL,1124990,1124990,2337801,2337801,2250794,2010811,2250794,2010811,371731,171138,371731,171138,8267265,8267265
09-02-2015,Client,293484,884305,1687684,361896,1104234,618065,1132079,1212443,292227,90245,180328,100185,4085939,3871236
09-02-2015,Pro,86884,60296,210880,154380,313041,474974,707405,517255,49459,62253,163840,55618,1197491,1658794
09-02-2015,DII,9258,41384,19004,291747,236870,68050,0,0,50,0,80,0,333232,333211
10-02-2015,Pro,95049,55668,212452,162093,335113,476124,780153,510716,50638,64995,171322,60766,1234371,1740718
10-02-2015,FII,737685,121784,424006,1531319,614618,894165,445781,313224,31612,22613,29655,18420,2724699,2460183
10-02-2015,Client,286138,911316,1698375,369234,1191149,652993,1155066,1256335,305320,95146,186546,103568,4229121,3982065
10-02-2015,DII,9280,39384,20306,292493,240120,56993,0,0,50,0,97,0,326749,331974
10-02-2015,TOTAL,1128152,1128152,2355139,2355139,2381000,2080275,2381000,2080275,387620,182754,387620,182754,8514940,8514940
11-02-2015,Client,290093,905568,1713799,375545,1198213,688834,1180647,1268348,312657,104959,195612,108759,4308555,4034479
11-02-2015,DII,9660,39020,20806,295018,240380,56193,0,0,50,0,123,0,327089,334161
11-02-2015,FII,727985,124173,423372,1531872,586142,911032,444678,307575,32602,24699,30709,18955,2705832,2457962
11-02-2015,Pro,99556,58533,213851,169393,338663,455230,738073,535366,52870,63671,171735,65615,1223841,1738715
11-02-2015,TOTAL,1127294,1127294,2371828,2371828,2363398,2111289,2363398,2111289,398179,193329,398179,193329,8565317,8565317
12-02-2015,Pro,112003,55110,218385,173643,368323,452780,726627,576639,55545,64040,172183,70783,1271076,1774985
12-02-2015,FII,730468,155039,418766,1536060,589259,918277,453160,302270,34495,25153,33641,18440,2716418,2498610
12-02-2015,TOTAL,1152530,1152530,2385525,2385525,2363171,2160579,2363171,2160579,408703,202450,408703,202450,8672958,8672958
12-02-2015,DII,9673,42000,21349,299668,240500,56849,0,0,50,0,131,0,328421,341799
12-02-2015,Client,300386,900381,1727025,376154,1165089,732673,1183384,1281670,318613,113257,202748,113227,4357043,4057564
13-02-2015,Client,290400,928721,1745501,380411,1095346,818505,1156872,1314049,321042,119503,203877,115138,4390297,4099068
13-02-2015,Pro,113207,58428,221906,176575,367318,481406,685878,672389,57168,63805,172872,74736,1304810,1840878
13-02-2015,TOTAL,1181823,1181823,2410497,2410497,2288254,2303798,2288254,2303798,410432,209241,410432,209241,8804045,8804045
13-02-2015,DII,8997,56560,21577,300835,242275,56999,0,0,50,0,94,0,329898,357489
13-02-2015,FII,769219,138114,421513,1552676,583315,946888,445504,317360,32172,25933,33589,19367,2779040,2506610
16-02-2015,DII,8885,58560,21443,302627,242915,57399,0,0,50,0,94,0,330692,361281
16-02-2015,Client,295111,966678,1765918,386659,1203083,838708,1216216,1380242,334402,120356,210348,116724,4557578,4276867
16-02-2015,FII,771447,118610,417333,1560631,571308,952867,460156,325263,31966,27223,34986,20079,2772144,2519725
16-02-2015,TOTAL,1201405,1201405,2429639,2429639,2395374,2323893,2395374,2323893,422409,212378,422409,212378,8985098,8985098
16-02-2015,Pro,125962,57557,224945,179722,378068,474919,719002,618388,55991,64799,176981,75575,1324684,1827225
18-02-2015,Pro,119332,59115,238142,188689,377359,457948,690713,662070,55594,63412,182672,76946,1311787,1860205
18-02-2015,TOTAL,1203872,1203872,2470461,2470461,2406213,2394087,2406213,2394087,435369,217661,435369,217661,9127663,9127663
18-02-2015,DII,9911,58616,21468,307069,243075,57399,0,0,50,0,94,0,331903,365779
18-02-2015,FII,778842,114963,423964,1576225,577691,956382,458904,321450,31386,27536,35327,20543,2795801,2527412
18-02-2015,Client,295787,971178,1786887,398478,1208088,922358,1256596,1410567,348339,126713,217276,120172,4688172,4374267
19-02-2015,DII,9914,61016,22629,305789,242989,57915,0,0,50,0,94,0,333497,366899
19-02-2015,Client,293875,967707,1774185,394763,1206305,903437,1257291,1411303,352719,127247,220047,121517,4657768,4372628
19-02-2015,FII,754045,114793,424319,1569650,553533,945656,442395,320127,32292,29700,37881,20500,2739545,2505346
19-02-2015,TOTAL,1207002,1207002,2469936,2469936,2418809,2429823,2418809,2429823,443842,221103,443842,221103,9190515,9190515
19-02-2015,Pro,149168,63486,248803,199734,415982,522815,719123,698393,58781,64156,185820,79086,1459705,1945642
20-02-2015,TOTAL,1196384,1196384,2487511,2487511,2565108,2432542,2565108,2432542,454135,220750,454135,220750,9356430,9356430
20-02-2015,Client,296610,953412,1785141,395498,1377686,856771,1349095,1402924,363407,126447,222552,122509,4806062,4445990
20-02-2015,FII,737509,122045,419080,1572992,554539,955738,455008,315107,31633,29184,39091,21081,2727683,2525324
20-02-2015,Pro,152560,63111,259955,211148,388074,561618,761005,714511,59045,65119,192393,77160,1486371,2019328
20-02-2015,DII,9705,57816,23335,307873,244809,58415,0,0,50,0,99,0,336314,365788
23-02-2015,DII,9829,57222,23957,306243,245749,69498,0,0,50,0,109,0,349083,363574
23-02-2015,Client,300220,940494,1765717,397036,1560969,840028,1417122,1377993,377505,123103,224332,124503,4967542,4481480
23-02-2015,FII,744331,123151,455011,1591998,550667,921802,483441,304688,30821,28254,41252,21782,2730886,2566312
23-02-2015,Pro,134464,67977,274767,224175,402691,545822,859513,694469,58761,70159,201444,75231,1486664,2122809
23-02-2015,TOTAL,1188844,1188844,2519452,2519452,2760076,2377150,2760076,2377150,467137,221516,467137,221516,9534175,9534175
24-02-2015,Client,299550,946053,1763090,401341,1485309,916256,1430740,1368412,374244,125598,221427,123885,4964047,4491858
24-02-2015,Pro,136626,69836,263396,218175,400904,513016,839816,705958,60462,71000,205060,75931,1445404,2114776
24-02-2015,FII,786849,173532,477162,1603050,580798,886073,441594,310473,27923,24169,36013,20951,2782974,2585613
24-02-2015,TOTAL,1241093,1241093,2528247,2528247,2712150,2384843,2712150,2384843,462679,220767,462679,220767,9549779,9549779
24-02-2015,DII,18068,51672,24599,305681,245139,69498,0,0,50,0,179,0,357354,357532
25-02-2015,FII,839500,260388,497029,1610137,594581,872473,470687,314565,26644,21734,33248,19626,2851961,2708651
25-02-2015,Pro,131313,62376,251773,206698,391946,530710,900519,736116,59491,71093,203843,76435,1436326,2185987
25-02-2015,Client,312146,918467,1755879,407214,1532273,979525,1393313,1395011,368378,124729,217293,121495,5072930,4452793
25-02-2015,TOTAL,1292670,1292670,2528782,2528782,2764519,2445692,2764519,2445692,454563,217556,454563,217556,9703782,9703782
25-02-2015,DII,9711,51439,24101,304733,245719,62984,0,0,50,0,179,0,342565,356351
26-02-2015,Pro,83892,43073,162951,117567,193389,312164,310332,251796,17161,25633,44133,15947,795190,782848
26-02-2015,DII,8420,50161,18653,293908,239069,75322,0,0,0,0,0,0,341464,344069
26-02-2015,Client,278368,844816,1602427,314705,458389,352383,611722,724446,81311,30983,53909,40500,2803861,2590098
26-02-2015,FII,688987,121617,404397,1462248,373366,426164,342159,189791,369,18,799,187,1893301,2116801
26-02-2015,TOTAL,1059667,1059667,2188428,2188428,1264213,1166033,1264213,1166033,98841,56634,98841,56634,5833816,5833816
27-02-2015,Client,299181,891323,1618173,322243,605999,511104,803494,839462,122309,44776,91918,52369,3201542,3000809
27-02-2015,DII,9870,59077,19550,301363,241254,75537,0,0,0,0,45,0,346211,360485
27-02-2015,Pro,68993,40766,165087,117562,284158,315204,388014,334767,31304,29295,60588,25730,894041,967427
27-02-2015,TOTAL,1102250,1102250,2218575,2218575,1575461,1392123,1575461,1392123,165859,83584,165859,83584,6537852,6537852
27-02-2015,FII,724206,111084,415765,1477407,444050,490278,383953,217894,12246,9513,13308,5485,2096058,2209131
28-02-2015,Client,303986,983200,1675337,339223,703557,616138,889583,909618,150400,55731,113675,60792,3505149,3296091
28-02-2015,TOTAL,1173361,1173361,2278208,2278208,1723317,1538611,1723317,1538611,203307,102945,203307,102945,7019749,7019749
28-02-2015,Pro,70460,43806,169100,138296,295924,307657,423351,408169,37772,32988,71881,34010,913901,1119513
28-02-2015,FII,784158,84040,412961,1494698,482662,537336,410383,220824,15135,14226,17693,8143,2246478,2235781
28-02-2015,DII,14757,62315,20810,305991,241174,77480,0,0,0,0,58,0,354221,368364
02-03-2015,Client,309053,1003223,1715518,361753,732928,703643,976357,1000974,179496,67677,132787,70453,3708315,3545547
02-03-2015,DII,12555,68715,22283,310354,241174,77480,0,0,0,0,68,0,353492,379137
02-03-2015,FII,831082,93034,415960,1514285,534595,574363,397436,224706,17494,18188,20410,10849,2391682,2260720
02-03-2015,Pro,67783,55501,180603,147972,285627,343370,420531,473176,43448,36610,87173,41173,957441,1225526
02-03-2015,TOTAL,1220473,1220473,2334364,2334364,1794324,1698856,1794324,1698856,240438,122475,240438,122475,7410930,7410930
03-03-2015,Client,313413,1028980,1741180,368039,714775,795545,1030205,1036493,202347,74764,149140,78394,3842024,3691251
03-03-2015,FII,883546,96034,425262,1540518,565383,576230,382446,240266,19842,21098,24450,11983,2491361,2295697
03-03-2015,TOTAL,1276109,1276109,2377452,2377452,1822624,1824623,1822624,1824623,268978,135288,268978,135288,7705074,7705074
03-03-2015,Pro,67343,77475,190901,156734,301282,375368,409973,547864,46789,39426,95313,44911,1021109,1332270
03-03-2015,DII,11807,73620,20109,312161,241184,77480,0,0,0,0,75,0,350580,385856
04-03-2015,Pro,52367,80033,183960,154604,283457,400389,429101,555728,47160,44737,107212,46232,1012070,1372910
04-03-2015,DII,11361,73620,20424,305151,240533,77880,0,0,0,0,64,0,350198,378835
04-03-2015,FII,882209,103560,422547,1530326,605544,591029,366952,261659,24493,23820,29348,15371,2549642,2307216
04-03-2015,Client,307008,995732,1733271,370121,736259,804662,1069740,1056573,230775,76613,165804,83567,3888588,3741537
04-03-2015,TOTAL,1252945,1252945,2360202,2360202,1865793,1873960,1865793,1873960,302428,145170,302428,145170,7800498,7800498
05-03-2015,Client,290342,985273,1748562,375632,776676,853000,1073854,1121285,250996,81134,178497,88636,4000710,3823177
05-03-2015,FII,870663,95017,422602,1535535,590186,609455,370098,257885,24558,25152,30376,15592,2542616,2304503
05-03-2015,TOTAL,1226238,1226238,2383760,2383760,1887699,1921353,1887699,1921353,324356,151754,324356,151754,7895160,7895160
05-03-2015,Pro,53601,72088,192006,160638,279509,398333,443747,542183,48802,45468,115419,47526,1017719,1381601
05-03-2015,DII,11632,73860,20590,311955,241328,60565,0,0,0,0,64,0,334115,385879
09-03-2015,DII,10720,63960,20590,313703,241312,59865,0,0,0,0,67,0,332487,377730
09-03-2015,FII,809271,112729,421810,1530213,567779,764369,377728,244789,25363,25279,31539,16468,2613871,2313466
09-03-2015,Pro,56324,76866,201575,160746,283297,387771,559937,533243,46746,49917,130443,47975,1025630,1509210
09-03-2015,TOTAL,1188614,1188614,2373150,2373150,2061501,1950122,2061501,1950122,350889,157225,350889,157225,8081501,8081501
09-03-2015,Client,312299,935059,1729175,368488,969113,738117,1123836,1172090,278780,82029,188840,92782,4109513,3881095
10-03-2015,Pro,54328,75007,207735,174369,285952,411462,606711,551471,48407,50024,137908,48646,1057908,1594112
10-03-2015,DII,10720,56550,20655,312682,243512,61465,0,0,0,0,81,0,336352,369313
10-03-2015,FII,789000,126596,425427,1523221,531710,808069,383368,243792,24674,25236,31577,16342,2604116,2324896
10-03-2015,Client,324244,920139,1728863,372408,1031783,743807,1102878,1229540,292484,84382,195999,94654,4205563,3915618
10-03-2015,TOTAL,1178292,1178292,2382680,2382680,2092957,2024803,2092957,2024803,365565,159642,365565,159642,8203939,8203939
11-03-2015,Client,322054,939470,1765870,385361,1087686,760160,1131603,1266606,306769,91373,201446,98611,4333912,4023097
11-03-2015,FII,796594,120625,432050,1539705,514540,837821,400062,233307,25075,24920,32163,17121,2631000,2342983
11-03-2015,TOTAL,1188074,1188074,2436098,2436098,2138157,2085463,2138157,2085463,380847,167096,380847,167096,8395735,8395735
11-03-2015,Pro,58716,74189,217537,189641,291764,425997,606492,585550,49003,50803,147218,51364,1093820,1654454
11-03-2015,DII,10710,53790,20641,321391,244167,61485,0,0,0,0,20,0,337003,375201
12-03-2015,Pro,62011,74036,224995,191639,282204,432559,583936,597583,50948,49661,150551,55105,1102378,1652850
12-03-2015,DII,11615,53414,20757,324649,244167,45225,0,0,0,0,0,0,321764,378063
12-03-2015,FII,797065,115352,442766,1552457,521875,853055,413390,229450,25841,26628,32562,18324,2667230,2361535
12-03-2015,Client,319785,947674,1774720,394493,1086981,814829,1137901,1318635,313563,98390,207239,101250,4408268,4107192
12-03-2015,TOTAL,1190476,1190476,2463238,2463238,2135227,2145668,2135227,2145668,390352,174679,390352,174679,8499640,8499640
13-03-2015,Client,324326,937734,1747687,397311,1211664,760596,1211098,1331540,334647,95709,211651,103567,4474629,4192901
13-03-2015,FII,795379,122024,459856,1539409,551863,914365,422676,241727,26309,25757,34724,17629,2773529,2378189
13-03-2015,TOTAL,1196212,1196212,2454424,2454424,2290376,2176088,2290376,2176088,409211,174365,409211,174365,8700676,8700676
13-03-2015,Pro,60595,85329,227049,195091,280682,455362,656602,602821,48255,52899,162836,53169,1124842,1755848
13-03-2015,DII,15912,51125,19832,322613,246167,45765,0,0,0,0,0,0,327676,373738
16-03-2015,FII,787795,122425,471832,1542145,540156,935720,465797,246254,26594,26405,35042,19301,2788502,2430964
16-03-2015,TOTAL,1215286,1215286,2484808,2484808,2347269,2172948,2347269,2172948,420827,180271,420827,180271,8821409,8821409
16-03-2015,Pro,63797,82518,232528,203940,279129,415523,643014,571422,49838,53788,168591,55029,1094603,1724514
16-03-2015,Client,347563,961543,1760613,411206,1280573,776440,1238458,1355272,344395,100078,217189,105941,4609662,4289609
16-03-2015,DII,16131,48800,19835,327517,247411,45265,0,0,0,0,5,0,328642,376322
17-03-2015,Client,331560,930536,1745443,420705,1222094,809188,1226474,1385875,339460,104779,214812,106058,4552524,4284460
17-03-2015,Pro,68831,82886,228547,200944,335764,387651,659376,571364,51266,51991,167811,57901,1124050,1740282
17-03-2015,FII,766598,123033,486202,1528884,563960,956924,483379,239514,25992,26423,34090,19234,2826099,2428134
17-03-2015,DII,18031,48565,20135,329794,247411,42990,0,0,0,0,5,0,328567,378364
17-03-2015,TOTAL,1185020,1185020,2480327,2480327,2369229,2196753,2369229,2196753,416718,183193,416718,183193,8831240,8831240
18-03-2015,TOTAL,1152560,1152560,2521512,2521512,2528677,2294094,2528677,2294094,420180,186919,420180,186919,9103942,9103942
18-03-2015,DII,18536,48405,20143,328553,247471,44625,0,0,0,0,16,0,330775,376974
18-03-2015,Client,323757,899873,1748939,468796,1342298,859584,1327300,1414815,342675,108348,217255,107243,4725601,4435282
18-03-2015,Pro,67198,77897,232161,206879,340893,407692,663065,622417,51316,51956,169672,59948,1151216,1799878
18-03-2015,FII,743069,126385,520269,1517284,598015,982193,538312,256862,26189,26615,33237,19728,2896350,2491808
19-03-2015,Client,330496,881025,1716618,456767,1419153,843160,1381318,1446623,347741,105866,218203,105829,4763034,4489765
19-03-2015,TOTAL,1160501,1160501,2490071,2490071,2642797,2324173,2642797,2324173,423906,183655,423906,183655,9225103,9225103
19-03-2015,DII,21236,48722,22548,332792,247571,45205,0,0,0,0,17,0,336560,381531
19-03-2015,Pro,57527,101784,235777,201474,338060,445910,726968,613663,50968,53010,171226,57564,1181252,1872679
19-03-2015,FII,751242,128970,515128,1499038,638013,989898,534511,263887,25197,24779,34460,20262,2944257,2481128
20-03-2015,Client,336804,897563,1711809,438837,1475111,848236,1365561,1459614,354629,104978,213096,105732,4831567,4480403
20-03-2015,DII,23555,46722,22383,335531,248028,44431,0,0,0,0,26,0,338397,382279
20-03-2015,Pro,68927,81208,241704,215824,304258,429840,730228,564373,51704,53602,182096,56579,1150035,1830308
20-03-2015,TOTAL,1171660,1171660,2493061,2493061,2639221,2305453,2639221,2305453,432315,183029,432315,183029,9224739,9224739
20-03-2015,FII,742374,146167,517165,1502869,611824,982946,543432,281466,25982,24449,37097,20718,2904740,2531749
23-03-2015,Client,342230,900841,1710246,425942,1532126,837476,1367398,1456482,359769,108833,211676,107491,4890680,4469830
23-03-2015,DII,19383,42837,24414,343277,250194,44417,0,0,0,0,33,0,338408,386147
23-03-2015,FII,728790,150544,523469,1512685,607184,985115,558482,272763,25443,24730,38286,22026,2894731,2554786
23-03-2015,Pro,78007,74188,255053,231278,317019,450700,780643,588463,53404,54544,188621,58590,1208727,1921783
23-03-2015,TOTAL,1168410,1168410,2513182,2513182,2706523,2317708,2706523,2317708,438616,188107,438616,188107,9332546,9332546
24-03-2015,Client,336472,927481,1733603,427539,1459960,895529,1339737,1468221,355236,112725,210418,107417,4893525,4480813
24-03-2015,DII,20975,42720,26409,347241,251232,44182,0,0,0,0,40,0,342798,390001
24-03-2015,FII,772775,166978,537882,1536893,632334,974530,562225,267801,24425,22972,35790,20732,2964918,2590419
24-03-2015,Pro,92919,85962,260625,246846,319160,471789,760724,650008,56904,55229,190317,62777,1256626,1996634
24-03-2015,TOTAL,1223141,1223141,2558519,2558519,2662686,2386030,2662686,2386030,436565,190926,436565,190926,9457867,9457867
25-03-2015,Pro,107126,83684,253690,231540,297293,499740,808142,696487,57113,58569,196481,63881,1273531,2080215
25-03-2015,FII,726591,185128,535599,1538005,658261,1027773,568336,276147,24487,22844,35505,20226,2995555,2623347
25-03-2015,TOTAL,1191857,1191857,2533179,2533179,2856705,2439543,2856705,2439543,443449,192637,443449,192637,9657370,9657370
25-03-2015,Client,337291,880318,1722297,415984,1649839,869348,1480227,1466909,361849,111224,211420,108530,5051848,4563388
25-03-2015,DII,20849,42727,21593,347650,251312,42682,0,0,0,0,43,0,336436,390420
26-03-2015,DII,8432,38336,9069,336027,290019,1320,0,0,0,0,0,0,308840,374363
26-03-2015,FII,515143,146135,439468,1395401,456239,606437,371796,96568,2296,88,282,1388,2019671,2011570
26-03-2015,Pro,135343,66347,187398,133625,206814,342071,410670,292589,17316,30024,47122,15995,918966,966348
26-03-2015,TOTAL,1004606,1004606,2183258,2183258,1487794,1321278,1487794,1321278,98842,59264,98842,59264,6155042,6155042
26-03-2015,Client,345688,753788,1547323,318205,534722,371450,705328,932121,79230,29152,51438,41881,2907565,2802761
27-03-2015,Pro,111581,73500,194368,138567,210122,308991,438317,315958,23023,33690,58763,22010,881775,1047115
27-03-2015,TOTAL,984339,984339,2210327,2210327,1680526,1427812,1680526,1427812,140675,82859,140675,82859,6526538,6526538
27-03-2015,Client,360842,750379,1561535,323749,607821,397440,829770,988694,107327,41226,71552,52930,3076191,3017074
27-03-2015,DII,9232,34336,9113,346671,293723,1320,0,0,0,0,45,0,313388,381052
27-03-2015,FII,502684,126124,445311,1401340,568860,720061,412439,123160,10325,7943,10315,7919,2255184,2081297
30-03-2015,FII,489972,129460,459452,1389373,637436,721859,406789,134408,12231,10467,13061,9655,2331417,2082746
30-03-2015,DII,8798,33836,9302,349609,297237,800,0,0,0,0,69,0,316137,383514
30-03-2015,Pro,97292,75516,194590,139392,239220,311372,446859,392689,29385,35209,62897,26736,907068,1144089
30-03-2015,TOTAL,939902,939902,2206586,2206586,1770121,1564143,1770121,1564143,162695,95657,162695,95657,6739104,6739104
30-03-2015,Client,343840,701090,1543242,328212,596228,530112,916473,1037046,121079,49981,86668,59266,3184482,3128755
31-03-2015,Pro,72069,72862,193867,133387,252908,283346,456196,387021,31860,35919,69563,28151,869969,1147180
31-03-2015,FII,511549,130142,472745,1382013,656043,725567,389658,145208,14071,11255,15197,9921,2391230,2072139
31-03-2015,TOTAL,920979,920979,2199054,2199054,1819549,1613718,1819549,1613718,181464,102562,181464,102562,6837326,6837326
31-03-2015,DII,14040,41901,9302,349178,297859,800,0,0,0,0,55,0,322001,391134
31-03-2015,Client,323321,676074,1523140,334476,612739,604005,973695,1081489,135533,55388,96649,64490,3254126,3226873
01-04-2015,FII,518814,133404,469366,1371133,698152,836418,383414,237300,15384,13067,16392,10695,2551201,2152338
01-04-2015,Client,266284,625892,1508931,339821,532870,642600,957613,1128116,137228,63199,105184,68584,3151112,3225210
01-04-2015,DII,14040,42140,9288,347285,298059,320,0,0,0,0,55,0,321707,389480
01-04-2015,Pro,72899,70601,200888,130234,263923,323169,451977,437091,38230,36509,69211,33496,935618,1192610
01-04-2015,TOTAL,872037,872037,2188473,2188473,1793004,1802507,1793004,1802507,190842,112775,190842,112775,6959638,6959638
06-04-2015,TOTAL,854014,854014,2178812,2178812,1879250,1920171,1879250,1920171,210894,124027,210894,124027,7167168,7167168
06-04-2015,Pro,61936,66136,203009,133203,292137,356867,494635,532262,42857,37957,78073,39100,994763,1343409
06-04-2015,FII,500665,144034,479532,1367254,759833,841780,389297,251796,17315,14559,17251,11461,2613684,2181093
06-04-2015,DII,14040,49901,9772,340673,297739,320,0,0,0,0,51,0,321871,390625
06-04-2015,Client,277373,593943,1486499,337682,529541,721204,995318,1136113,150722,71511,115519,73466,3236850,3252041
07-04-2015,DII,14061,55373,10668,338940,296895,1530,0,0,0,0,51,0,323154,394364
07-04-2015,Pro,65036,66914,204357,141423,294995,359334,506287,566453,44775,39114,87363,42883,1007611,1411323
07-04-2015,Client,267389,577932,1493736,347767,573533,793444,1044510,1204947,168373,78402,125817,78754,3374877,3379727
07-04-2015,FII,508141,154408,479266,1359897,772882,882551,387508,265459,18875,16125,18792,12004,2677840,2198068
07-04-2015,TOTAL,854627,854627,2188027,2188027,1938305,2036859,1938305,2036859,232023,133641,232023,133641,7383482,7383482
08-04-2015,TOTAL,881893,881893,2216561,2216561,1975353,2133430,1975353,2133430,250691,149422,250691,149422,7607350,7607350
08-04-2015,Pro,61378,74060,208110,152023,310623,359206,498660,603496,50237,41094,93519,50146,1030648,1471904
08-04-2015,Client,255435,611577,1521549,363804,583539,880626,1079902,1257235,178369,91160,137943,84939,3510678,3535400
08-04-2015,FII,550669,141501,475322,1361128,783176,888868,396791,272699,22085,17168,19177,14337,2737288,2205633
08-04-2015,DII,14411,54755,11580,339606,298015,4730,0,0,0,0,52,0,328736,394413
09-04-2015,TOTAL,874162,874162,2212041,2212041,1976879,2218350,1976879,2218350,261823,156559,261823,156559,7699814,7699814
09-04-2015,Client,244209,593662,1510409,363566,536690,973847,1090478,1264976,183567,96960,143791,87925,3545682,3544398
09-04-2015,FII,554670,137623,476324,1367445,807289,877249,393313,259008,25013,17481,20725,15530,2758026,2193644
09-04-2015,Pro,60585,85096,210910,149092,334885,362534,493088,694366,53243,42118,97247,53104,1064275,1571993
09-04-2015,DII,14698,57781,14398,331938,298015,4720,0,0,0,0,60,0,331831,389779
10-04-2015,Pro,60354,79710,214029,149605,332278,379223,481842,713819,57350,42599,103927,58465,1085833,1587368
10-04-2015,Client,243626,591244,1517970,368791,561338,986356,1139905,1285260,197665,103361,156421,91544,3610316,3633165
10-04-2015,DII,15388,61781,14274,328462,298015,4400,0,0,0,0,60,0,332077,390303
10-04-2015,FII,555284,141917,469083,1368498,826803,901127,396687,272027,27815,19785,22422,15736,2799897,2217287
10-04-2015,TOTAL,874652,874652,2215356,2215356,2018434,2271106,2018434,2271106,282830,165745,282830,165745,7828123,7828123
13-04-2015,Client,243981,586320,1518341,379501,560304,1051944,1124065,1330779,206403,113176,165497,96291,3694149,3682453
13-04-2015,Pro,55614,74651,218947,150672,331549,420279,496364,767549,61691,43419,108285,64216,1131499,1661737
13-04-2015,DII,15351,61781,14233,327614,298273,4400,0,0,0,0,60,0,332257,389455
13-04-2015,TOTAL,866583,866583,2219995,2219995,2047279,2382526,2047279,2382526,298731,177993,298731,177993,7993107,7993107
13-04-2015,FII,551637,143831,468474,1362208,857153,905903,426850,284198,30637,21398,24889,17486,2835202,2259462
15-04-2015,Client,236938,593328,1530552,385345,644470,998512,1198066,1324083,227296,116573,174553,99392,3754341,3774767
15-04-2015,DII,18189,61781,16037,328153,298729,9200,0,0,635,0,65,0,342790,389999
15-04-2015,FII,586931,144314,474260,1369305,858149,922029,438691,284305,32271,21556,27381,18615,2895196,2282611
15-04-2015,Pro,49171,91806,219263,157309,340143,416030,504734,737383,61328,46417,119531,66539,1132352,1677302
15-04-2015,TOTAL,891229,891229,2240112,2240112,2141491,2345771,2141491,2345771,321530,184546,321530,184546,8124679,8124679
16-04-2015,Client,241060,576690,1532708,384604,754727,888953,1254214,1342375,254690,120665,187645,105773,3792803,3851301
16-04-2015,FII,583502,184835,480343,1384067,864304,1024697,434632,282840,32928,22033,28342,19397,3007807,2334113
16-04-2015,TOTAL,892234,892234,2253609,2253609,2238950,2337812,2238950,2337812,350405,194325,350405,194325,8267335,8267335
16-04-2015,Pro,45763,73689,223129,156953,321090,418562,550104,712597,62097,51627,134362,69155,1122268,1696860
16-04-2015,DII,21909,57020,17429,327985,298829,5600,0,0,690,0,56,0,344457,385061
17-04-2015,Pro,64007,75342,226593,163290,321282,447243,643398,694708,62222,53663,150050,68069,1175010,1794857
17-04-2015,FII,606683,184619,475153,1402959,877295,1071605,453241,307532,33030,21320,31588,18239,3085086,2398178
17-04-2015,TOTAL,942627,942627,2279683,2279683,2407013,2386811,2407013,2386811,379548,195549,379548,195549,8591231,8591231
17-04-2015,Client,248957,625086,1558797,377967,908186,860563,1310374,1384571,283606,120566,197867,109241,3980675,4005106
17-04-2015,DII,22980,57580,19140,335467,300250,7400,0,0,690,0,43,0,350460,393090
20-04-2015,DII,32717,48010,19863,339129,302641,6280,0,0,690,0,57,0,362191,387196
20-04-2015,FII,549229,188041,476639,1411590,865678,1125455,470418,288134,33132,20993,34263,19256,3071126,2411702
20-04-2015,Pro,87414,88776,227828,170724,321890,451235,799829,652893,60176,57708,166882,65212,1206251,1944316
20-04-2015,TOTAL,962988,962988,2294405,2294405,2590826,2350164,2590826,2350164,405165,192984,405165,192984,8796532,8796532
20-04-2015,Client,293628,638161,1570075,372962,1100617,767194,1320579,1409137,311167,114283,203963,108516,4156964,4053318
21-04-2015,Client,308154,660241,1628640,375036,1235428,776449,1388954,1431122,330734,119480,209267,113159,4398885,4177779
21-04-2015,FII,588303,212975,474569,1463004,859104,1213381,518794,294098,34075,22035,38840,21395,3191467,2549106
21-04-2015,TOTAL,1014342,1014342,2367471,2367471,2749326,2389151,2749326,2389151,428980,202698,428980,202698,9151968,9151968
21-04-2015,Pro,85385,99335,243127,177592,352867,394121,841578,663931,63481,61183,180798,68144,1200164,2031378
21-04-2015,DII,32500,41791,21135,351839,301927,5200,0,0,690,0,75,0,361452,393705
22-04-2015,Pro,89548,86198,251709,192966,417875,418810,916753,665800,65425,62588,185533,71069,1305955,2118319
22-04-2015,TOTAL,1019665,1019665,2391873,2391873,2827160,2429711,2827160,2429711,437029,206082,437029,206082,9311520,9311520
22-04-2015,DII,31972,39523,20502,361455,304265,6800,0,0,690,0,74,0,364229,401052
22-04-2015,Client,304237,674056,1645866,378349,1231250,748445,1346448,1458468,335853,120913,210278,113844,4386564,4181443
22-04-2015,FII,593908,219888,473796,1459103,873770,1255656,563959,305443,35061,22581,41144,21169,3254772,2610706
23-04-2015,Client,307240,641213,1627860,380014,1311467,824746,1427678,1498133,348152,129969,217328,119494,4549434,4283860
23-04-2015,DII,31948,39616,22500,365536,303725,8639,0,0,690,0,78,0,367502,405230
23-04-2015,FII,569937,224836,478386,1448273,877496,1260293,565127,311245,36258,22536,41384,21766,3244906,2612631
23-04-2015,Pro,80381,83841,263720,198643,421622,429705,921505,714005,67108,64575,193418,75820,1327111,2187232
23-04-2015,TOTAL,989506,989506,2392466,2392466,2914310,2523383,2914310,2523383,452208,217080,452208,217080,9488953,9488953
24-04-2015,Pro,79129,83249,282330,214746,433973,428964,977464,684174,66340,67055,203840,74205,1357791,2237678
24-04-2015,FII,550121,232004,482272,1419529,905456,1257652,563229,328359,36318,22475,45357,23803,3254294,2612281
24-04-2015,DII,31926,33661,22255,376816,305365,8878,0,0,690,0,102,0,369114,410579
24-04-2015,TOTAL,977511,977511,2388552,2388552,3034025,2532929,3034025,2532929,463644,215434,463644,215434,9612095,9612095
24-04-2015,Client,316335,628597,1601695,377461,1389231,837435,1493332,1520396,360296,125904,214345,117426,4630896,4351557
27-04-2015,Client,344841,652225,1592863,383815,1530885,818271,1542760,1513464,371423,126775,215635,116395,4785058,4424294
27-04-2015,DII,33046,30322,22640,388798,304574,8038,0,0,690,0,117,0,368988,419237
27-04-2015,FII,537925,239006,498005,1404892,929060,1236075,589985,337990,38534,21112,47075,25450,3260711,2644398
27-04-2015,Pro,95707,89966,302872,238875,436909,448128,1068683,659058,66823,69807,214643,75849,1420246,2347074
27-04-2015,TOTAL,1011519,1011519,2416380,2416380,3201428,2510512,3201428,2510512,477470,217694,477470,217694,9835003,9835003
28-04-2015,FII,530611,253931,528973,1399124,917504,1266339,583405,377440,39780,21455,46294,26543,3304662,2686737
28-04-2015,Client,354002,659817,1592517,402597,1430600,876900,1482461,1536727,357240,135136,213110,115289,4746395,4410001
28-04-2015,DII,29966,27352,22965,406045,305222,8754,0,0,690,0,144,0,367597,433541
28-04-2015,TOTAL,1016664,1016664,2454828,2454828,3049780,2607605,3049780,2607605,470355,225756,470355,225756,9824988,9824988
28-04-2015,Pro,102085,75564,310373,247062,396454,455612,983914,693438,72645,69165,210807,83924,1406334,2294709
29-04-2015,Client,380059,650891,1603133,422287,1541569,916882,1519225,1532147,363552,137995,217353,117548,4943190,4459451
29-04-2015,DII,24634,27352,22499,416450,305222,5878,0,0,690,0,151,0,358923,443953
29-04-2015,FII,564980,297306,534714,1392003,943653,1211299,605617,386267,40986,21211,46504,26368,3316843,2754065
29-04-2015,Pro,100988,95112,283807,213413,411336,504315,1076938,719960,73195,70411,214415,85701,1444052,2405539
29-04-2015,TOTAL,1070661,1070661,2444153,2444153,3201780,2638374,3201780,2638374,478423,229617,478423,229617,10063008,10063008
30-04-2015,FII,382402,170697,478664,1386511,489462,859189,396662,243292,1704,1035,1653,1363,2212456,2200178
30-04-2015,TOTAL,854474,854474,2392283,2392283,1640144,1636405,1640144,1636405,144345,77853,144345,77853,6745504,6745504
30-04-2015,Client,328555,612927,1691437,370177,610967,391534,755959,1067205,119608,43481,76098,54099,3185582,2936465
30-04-2015,Pro,139992,46299,210409,134189,234012,380882,487523,325908,23033,33337,66594,22391,1021665,1082904
30-04-2015,DII,3525,24551,11773,501406,305703,4800,0,0,0,0,0,0,325801,525957
04-05-2015,DII,4742,27306,11773,504571,305871,6400,0,0,0,0,0,0,328786,531877
04-05-2015,Pro,126077,43846,207778,136033,253904,345078,506561,389436,31244,33878,79514,32199,997959,1187589
04-05-2015,TOTAL,837851,837851,2405204,2405204,1835227,1887895,1835227,1887895,191555,103579,191555,103579,7261311,7261311
04-05-2015,FII,379185,181365,500830,1377326,526802,1029599,475164,260666,10918,9628,10636,6409,2456962,2311566
04-05-2015,Client,327847,585334,1684823,387274,748650,506818,853502,1237793,149393,60073,101405,64971,3477604,3230279
05-05-2015,Client,329335,517839,1651222,394523,804933,541579,922974,1250299,176910,71236,124955,73694,3575215,3284284
05-05-2015,DII,4720,35306,11825,504972,305431,7200,0,0,0,0,0,0,329176,540278
05-05-2015,FII,336091,182655,516558,1351555,568634,1042406,489517,271735,17828,12615,16247,8748,2494132,2320457
05-05-2015,Pro,112462,46808,208890,137445,253239,350628,519746,419779,37830,36458,91366,37867,999507,1253011
05-05-2015,TOTAL,782608,782608,2388495,2388495,1932237,1941813,1932237,1941813,232568,120309,232568,120309,7398030,7398030
06-05-2015,FII,274052,212872,535392,1300828,591488,1078542,550918,317009,22765,12383,19733,10238,2514622,2411598
06-05-2015,Client,408955,475161,1580402,396973,1015327,552391,1043692,1256675,214724,70737,140711,81343,3842536,3394555
06-05-2015,DII,7566,35879,11709,497173,305440,9400,0,0,0,0,0,0,334115,533052
06-05-2015,Pro,100941,67602,198208,130737,314324,464558,631969,531207,36140,45412,113185,36951,1159583,1511651
06-05-2015,TOTAL,791514,791514,2325711,2325711,2226579,2104891,2226579,2104891,273629,128532,273629,128532,7850856,7850856
07-05-2015,Pro,95639,64096,200278,132829,304288,426562,688319,544701,40312,48754,127471,40487,1115833,1597903
07-05-2015,FII,232254,212019,549290,1278591,567747,1196535,600258,326218,25752,13041,21428,11616,2584619,2450130
07-05-2015,TOTAL,745303,745303,2303518,2303518,2280921,2194138,2280921,2194138,302589,138363,302589,138363,7964832,7964832
07-05-2015,Client,405903,443709,1541552,399043,1103441,560641,992344,1323219,236525,76568,153674,86260,3924630,3398249
07-05-2015,DII,11507,25479,12398,493055,305445,10400,0,0,0,0,16,0,339750,518550
08-05-2015,DII,7875,37581,12640,485767,306945,11951,0,0,0,0,8,0,339411,523356
08-05-2015,Client,369897,396801,1510868,417314,986414,641163,1036778,1370485,242567,86911,161144,91186,3837820,3473708
08-05-2015,FII,226372,199122,571120,1261297,662808,1204524,599519,328468,27276,14673,23842,13146,2706773,2425394
08-05-2015,TOTAL,686669,686669,2299920,2299920,2284290,2274733,2284290,2274733,314297,150149,314297,150149,8010058,8010058
08-05-2015,Pro,82525,53165,205292,135542,328123,417095,647993,575780,44454,48565,129303,45817,1126054,1587600
11-05-2015,Client,358483,383950,1493007,430262,945209,768301,1040313,1444091,243101,101460,168852,95459,3909561,3562927
11-05-2015,FII,234415,193227,586520,1247464,691188,1246404,606216,344607,28182,16222,24676,13551,2802931,2429741
11-05-2015,TOTAL,676635,676635,2298507,2298507,2281275,2478161,2281275,2478161,322895,165054,322895,165054,8222527,8222527
11-05-2015,Pro,75352,52847,206358,141330,338744,452305,634746,689463,51612,47372,129354,56044,1171743,1703784
11-05-2015,DII,8385,46611,12622,479451,306134,11151,0,0,0,0,13,0,338292,526075
12-05-2015,Pro,66388,110794,212814,144642,370779,474033,728036,708574,48125,52442,144886,52517,1224581,1889449
12-05-2015,TOTAL,708525,708525,2287204,2287204,2501670,2450065,2501670,2450065,352532,166135,352532,166135,8466131,8466131
12-05-2015,DII,7943,39959,16609,474614,306134,9791,0,0,0,0,13,0,340477,514586
12-05-2015,Client,401100,371044,1449516,440650,1066065,670777,1177652,1383102,273351,97387,180900,99373,3958196,3652721
12-05-2015,FII,233094,186728,608265,1227298,758692,1295464,595982,358389,31056,16306,26733,14245,2942877,2409375
13-05-2015,Client,383514,341199,1441958,443077,974037,723632,1172844,1414934,273012,105316,188288,103887,3901469,3664229
13-05-2015,FII,235163,215111,615557,1220035,791745,1314052,620337,363701,33747,18520,27888,15279,3008784,2462351
13-05-2015,TOTAL,696840,696840,2288352,2288352,2461524,2497509,2461524,2497509,360409,176014,360409,176014,8480648,8480648
13-05-2015,Pro,70231,95769,214481,150770,389468,450794,668343,718874,53650,52178,144217,56848,1230802,1834821
13-05-2015,DII,7932,44761,16356,474470,306274,9031,0,0,0,0,16,0,339593,519247
14-05-2015,Pro,76035,89852,221627,156468,409064,425950,723693,685883,55538,52532,148601,61096,1240746,1865593
14-05-2015,DII,11454,44761,17108,478896,306574,9410,0,0,0,0,47,0,344546,523704
14-05-2015,TOTAL,710473,710473,2305637,2305637,2576367,2503285,2576367,2503285,375371,184628,375371,184628,8655761,8655761
14-05-2015,FII,215432,273447,621365,1221325,778823,1317921,636870,360448,35441,20371,29002,15641,2989353,2536733
14-05-2015,Client,407552,302413,1445537,448948,1081906,750004,1215804,1456954,284392,111725,197721,107891,4081116,3729731
15-05-2015,FII,221690,284344,627207,1224629,805119,1310259,638369,355338,36306,20764,28491,15757,3021345,2546928
15-05-2015,Client,401098,284238,1438034,447732,1088429,819886,1250934,1490299,293181,117928,206038,111973,4158556,3791214
15-05-2015,DII,11374,44761,19373,479811,306574,9330,0,0,0,0,59,0,346651,524631
15-05-2015,Pro,73909,94728,227531,159973,411258,426653,722077,720491,55777,52969,150676,63931,1248097,1911876
15-05-2015,TOTAL,708071,708071,2312145,2312145,2611380,2566128,2611380,2566128,385264,191661,385264,191661,8774649,8774649
18-05-2015,Pro,80128,90462,238303,165982,415148,430091,690620,798076,59582,52596,148075,68967,1275848,1962182
18-05-2015,TOTAL,707697,707697,2329321,2329321,2518391,2730756,2518391,2730756,387229,200753,387229,200753,8874147,8874147
18-05-2015,Client,395670,295060,1437393,451451,975562,958375,1236352,1548176,292298,126734,210896,115444,4186032,3857379
18-05-2015,FII,220419,277414,631820,1231499,821107,1332712,591419,384504,35349,21423,28195,16342,3062830,2529373
18-05-2015,DII,11480,44761,21805,480389,306574,9578,0,0,0,0,63,0,349437,525213
19-05-2015,Pro,74814,97080,247401,175676,432866,407718,708148,803984,60730,53636,150794,71569,1277165,2007251
19-05-2015,DII,9716,52569,22333,482033,306434,7498,0,0,0,0,68,0,345981,534670
19-05-2015,Client,386886,291704,1430289,454304,993583,968083,1302459,1528925,297232,131202,213232,116471,4207275,3907095
19-05-2015,FII,241370,271433,641002,1229012,843911,1334724,566187,385114,35134,20821,29002,17619,3116962,2498367
19-05-2015,TOTAL,712786,712786,2341025,2341025,2576794,2718023,2576794,2718023,393096,205659,393096,205659,8947383,8947383
20-05-2015,TOTAL,720243,720243,2364401,2364401,2551263,2855071,2551263,2855071,401464,215828,401464,215828,9108270,9108270
20-05-2015,FII,281607,274444,647237,1238024,866034,1331193,556949,384691,35682,20509,28684,18789,3182262,2501581
20-05-2015,Client,351376,311354,1436934,450407,943942,1096550,1312523,1642307,301116,140582,219350,120491,4270500,4056432
20-05-2015,DII,12844,52569,23371,484906,307184,7498,0,0,0,0,89,0,350897,537564
20-05-2015,Pro,74416,81876,256859,191064,434103,419830,681791,828073,64666,54737,153341,76548,1304611,2012693
21-05-2015,TOTAL,717727,717727,2426381,2426381,2559360,2948995,2559360,2948995,420216,226737,420216,226737,9299416,9299416
21-05-2015,Client,354304,308157,1449486,467622,961972,1164043,1308576,1730257,313161,148456,226301,126595,4391422,4167508
21-05-2015,DII,13122,52569,23591,492339,307684,7498,0,0,0,0,95,0,351895,545003
21-05-2015,Pro,75646,67514,285173,214602,401653,442229,692103,830813,67719,57151,162006,81043,1329571,2048081
21-05-2015,FII,274655,289487,668131,1251818,888051,1335225,558681,387925,39336,21130,31814,19099,3226528,2538824
22-05-2015,DII,14120,52569,24404,497918,307884,7498,0,0,0,0,91,0,353906,550578
22-05-2015,Client,341762,330396,1462130,474853,924684,1185248,1306300,1756450,316631,151052,227449,125584,4381507,4221032
22-05-2015,TOTAL,763873,763873,2463230,2463230,2579997,2976873,2579997,2976873,428522,231976,428522,231976,9444471,9444471
22-05-2015,FII,329757,317627,677647,1260280,938280,1340495,567368,394621,39215,20644,33933,21485,3346038,2595314
22-05-2015,Pro,78234,63281,299049,230179,409149,443632,706329,825802,72676,60280,167049,84907,1363020,2077547
25-05-2015,Client,326723,333376,1472423,478075,1063829,1093560,1324565,1698281,332095,149093,227057,126416,4437723,4187770
25-05-2015,DII,12878,52569,25921,503519,309004,5538,0,0,0,0,94,0,353341,556182
25-05-2015,FII,330645,316356,689598,1278004,939746,1350561,572018,379146,40141,19102,36385,22182,3369793,2604091
25-05-2015,Pro,82738,50683,310766,239110,381899,414000,797895,786232,70996,62582,179696,82179,1322981,2135795
25-05-2015,TOTAL,752984,752984,2498708,2498708,2694478,2863659,2694478,2863659,443232,230777,443232,230777,9483838,9483838
26-05-2015,Client,331391,335650,1478323,482590,1150967,1134729,1377603,1701529,338313,156655,232108,129326,4590378,4258806
26-05-2015,TOTAL,795250,795250,2535306,2535306,2846371,2879988,2846371,2879988,454323,239118,454323,239118,9750356,9750356
26-05-2015,DII,9562,53058,27957,512521,310164,5538,0,0,0,0,56,0,353221,565635
26-05-2015,Pro,84161,58159,312919,241742,405234,409833,871122,794462,76630,64514,186343,88745,1353291,2240573
26-05-2015,FII,370136,348383,716107,1298453,980006,1329888,597646,383997,39380,17949,35816,21047,3453466,2685342
27-05-2015,Pro,91279,50354,298866,222394,387889,434530,901359,851999,78989,68678,188262,93183,1360231,2307551
27-05-2015,DII,10202,53058,28949,531269,311204,2738,0,0,0,0,68,0,353093,584395
27-05-2015,TOTAL,857058,857058,2580605,2580605,2861242,2948656,2861242,2948656,456778,245070,456778,245070,9949409,9949409
27-05-2015,FII,399776,385158,737582,1339231,957660,1310704,583320,365701,37402,17384,34359,20696,3460508,2728465
27-05-2015,Client,355801,368488,1515208,487711,1204489,1200684,1376563,1730956,340387,159008,234089,131191,4775577,4328998
28-05-2015,DII,6246,42823,11483,536831,312704,2000,0,0,0,0,50,0,332433,579704
28-05-2015,FII,270518,275464,612445,1198713,502535,811619,380569,202804,162,62,514,742,2197341,2058806
28-05-2015,Pro,73589,34413,199567,122845,276222,317046,389658,349286,21337,30605,48527,18714,918366,963443
28-05-2015,TOTAL,601765,601765,2185177,2185177,1554679,1550997,1554679,1550997,124192,71018,124192,71018,6087828,6087828
28-05-2015,Client,251412,249065,1361682,326788,463218,420332,784452,998907,102693,40351,75101,51562,2639688,2485875
29-05-2015,Client,248906,418487,1505851,363146,498437,540607,930335,1105146,134240,59571,107985,65844,2987612,2990943
29-05-2015,FII,392088,219913,642891,1273877,598928,857630,388802,221856,9680,10436,9877,7796,2511653,2122121
29-05-2015,TOTAL,723290,723290,2362859,2362859,1741900,1742059,1741900,1742059,176410,103925,176410,103925,6850443,6850443
29-05-2015,Pro,74050,42147,201244,156941,331703,343822,422763,415057,32490,33918,58486,30285,1017227,1125679
29-05-2015,DII,8246,42743,12873,568895,312832,0,0,0,0,0,62,0,333951,611700
01-06-2015,Pro,76812,45340,204470,146341,318440,358144,480542,434097,36151,39765,74388,35464,1033782,1216172
01-06-2015,TOTAL,739475,739475,2383902,2383902,1845187,1821755,1845187,1821755,215645,120282,215645,120282,7126246,7126246
01-06-2015,DII,7895,50743,13200,570609,314264,0,0,0,0,0,23,0,335359,621375
01-06-2015,Client,257369,418593,1516597,372842,601459,581793,959296,1126129,167100,68643,128337,76534,3192961,3081731
01-06-2015,FII,397399,224799,649635,1294110,611024,881818,405349,261529,12394,11874,12897,8284,2564144,2206968
02-06-2015,Client,316359,378154,1485272,359052,821702,562866,1051932,1236825,197048,69228,140144,84203,3452475,3250310
02-06-2015,FII,348850,276302,657355,1294272,622992,948321,437902,261155,13193,11373,13998,7827,2602084,2291456
02-06-2015,TOTAL,763688,763688,2361601,2361601,2092751,1964054,2092751,1964054,244226,125849,244226,125849,7552169,7552169
02-06-2015,Pro,86768,58455,206701,143114,332513,434067,602917,466074,33985,45248,90057,33819,1139282,1394436
02-06-2015,DII,11711,50777,12273,565163,315544,18800,0,0,0,0,27,0,358328,615967
03-06-2015,Pro,88085,59916,214125,149249,340626,427148,709359,490474,38029,50984,115193,39848,1158997,1564039
03-06-2015,DII,17679,47117,12949,568937,316744,22000,0,0,0,0,27,0,369372,616081
03-06-2015,FII,322896,283425,664121,1297818,659419,1038695,455537,252317,14090,11922,15523,9688,2711143,2314308
03-06-2015,Client,338951,377153,1476189,351380,947558,543560,1099451,1288612,235169,77264,156545,90634,3618691,3363775
03-06-2015,TOTAL,767611,767611,2367384,2367384,2264347,2031403,2264347,2031403,287288,140170,287288,140170,7858203,7858203
04-06-2015,Pro,82404,69453,219236,157684,349577,421892,735154,524132,42290,52916,126327,43332,1168315,1656082
04-06-2015,DII,18680,47117,15375,568225,316836,22000,0,0,0,0,31,0,372891,615373
04-06-2015,Client,335131,358464,1476573,361395,1007685,533681,1137764,1322887,256589,84490,170855,96547,3694149,3447912
04-06-2015,FII,345142,306323,669569,1293449,658403,1122563,459583,253117,15198,12542,16864,10069,2823417,2339405
04-06-2015,TOTAL,781357,781357,2380753,2380753,2332501,2100136,2332501,2100136,314077,149948,314077,149948,8058772,8058772
05-06-2015,Pro,75277,68622,225643,155855,341624,426430,714828,531299,44098,54459,132149,45426,1167531,1648179
05-06-2015,DII,16010,46866,19342,565173,316848,22000,0,0,0,0,35,0,374200,612074
05-06-2015,TOTAL,789070,789070,2382042,2382042,2370265,2180930,2370265,2180930,335992,161247,335992,161247,8219546,8219546
05-06-2015,FII,351663,333481,672441,1294766,660545,1166270,481159,265642,18423,13712,20653,12344,2883054,2408045
05-06-2015,Client,346120,340101,1464616,366248,1051248,566230,1174278,1383989,273471,93076,183155,103477,3794761,3551248
08-06-2015,Pro,84256,81380,232720,162856,341889,450526,780261,535269,45590,57835,146826,47724,1212816,1754316
08-06-2015,FII,333987,328489,680699,1285907,666168,1190103,491261,264035,19333,13931,22379,13837,2904221,2405908
08-06-2015,DII,16016,46954,20798,567483,318348,22000,0,0,0,0,35,0,377162,614472
08-06-2015,Client,359267,336703,1458620,376591,1171421,548472,1226304,1411797,295945,94979,191628,105184,3928704,3648207
08-06-2015,TOTAL,793526,793526,2392837,2392837,2497826,2211101,2497826,2211101,360868,166745,360868,166745,8422903,8422903
09-06-2015,Client,366200,342164,1446196,377353,1247227,569148,1262539,1465613,308567,99645,198156,109058,4036983,3754883
09-06-2015,Pro,80224,87132,238941,166211,382249,448555,832569,546750,48771,59447,155556,49943,1258187,1838161
09-06-2015,FII,337598,325462,687306,1282128,694597,1235631,547313,262971,20972,14733,24561,14824,2990837,2457259
09-06-2015,TOTAL,797771,797771,2393966,2393966,2642421,2275334,2642421,2275334,378310,173825,378310,173825,8661627,8661627
09-06-2015,DII,13749,43013,21523,568274,318348,22000,0,0,0,0,37,0,375620,611324
10-06-2015,Client,351886,318176,1440393,378964,1199678,609550,1259036,1482146,312412,107142,204141,111574,4021061,3754037
10-06-2015,FII,319749,305101,682604,1276877,714396,1289630,563320,265929,20591,15256,24963,15279,3042226,2451469
10-06-2015,DII,12291,43013,23120,565979,318348,19600,0,0,28,0,37,0,373387,609029
10-06-2015,TOTAL,756422,756422,2388251,2388251,2628325,2321765,2628325,2321765,384224,180957,384224,180957,8659944,8659944
10-06-2015,Pro,72496,90132,242134,166431,395903,402985,805969,573690,51193,58559,155083,54104,1223270,1845409
11-06-2015,Client,379310,336764,1421663,377276,1371822,566609,1252819,1496494,335386,104558,211004,113362,4179348,3787719
11-06-2015,Pro,75335,108505,245845,170301,420065,438941,948105,613869,49468,62830,168472,51911,1292484,2061163
11-06-2015,TOTAL,823313,823313,2382313,2382313,2823313,2397447,2823313,2397447,407528,182340,407528,182340,9016254,9016254
11-06-2015,FII,352963,335580,690859,1270824,712958,1366025,622389,287084,22646,14952,28015,17067,3160403,2560959
11-06-2015,DII,15705,42464,23946,563912,318468,25872,0,0,28,0,37,0,384019,606413
12-06-2015,DII,17588,32502,26817,565741,319918,25872,0,0,28,0,37,0,390223,598280
12-06-2015,FII,369062,362225,698534,1281597,736509,1385228,640749,289943,22945,15199,29905,18096,3227477,2622515
12-06-2015,Pro,77240,118380,248841,171434,430482,440611,962032,618252,52108,62399,173116,55287,1311681,2098501
12-06-2015,TOTAL,834586,834586,2395889,2395889,2878763,2474494,2878763,2474494,418724,188917,418724,188917,9191373,9191373
12-06-2015,Client,370696,321479,1421697,377117,1391854,622783,1275982,1566299,343643,111319,215666,115534,4261992,3872077
15-06-2015,DII,14788,36302,28464,567484,320918,25872,0,0,28,0,37,0,390070,603823
15-06-2015,Pro,68641,103596,255093,173789,390360,430786,888272,644105,53679,62297,176125,59539,1260856,2045426
15-06-2015,FII,354281,362249,702058,1282552,723352,1403967,655821,289643,24076,15202,30959,18729,3222936,2639953
15-06-2015,Client,374753,310316,1430677,392467,1372723,672948,1263260,1599825,348415,118328,219077,117559,4317844,3902504
15-06-2015,TOTAL,812463,812463,2416292,2416292,2807353,2533573,2807353,2533573,426198,195827,426198,195827,9191706,9191706
16-06-2015,FII,319715,358370,709211,1279916,742882,1416828,673286,282762,24627,15806,33255,18057,3229069,2645646
16-06-2015,Pro,71222,98633,263960,178670,397802,424111,905902,641264,55162,62870,179112,60601,1275127,2064182
16-06-2015,DII,14873,39102,29060,572676,320918,29422,0,0,28,0,22,0,394301,611800
16-06-2015,TOTAL,803927,803927,2436459,2436459,2816952,2543915,2816952,2543915,430298,196863,430298,196863,9228414,9228414
16-06-2015,Client,398117,307822,1434228,405197,1355350,673554,1237764,1619889,350481,118187,217909,118205,4329917,3906786
17-06-2015,DII,24998,39622,30223,575285,322998,13422,0,0,28,0,24,0,391669,614931
17-06-2015,Client,405663,308140,1419640,422311,1313484,742345,1301825,1602374,351660,131091,219479,123476,4363883,3977605
17-06-2015,FII,313960,358097,721473,1265304,821302,1416354,697855,305593,23690,16179,33475,20208,3312958,2680532
17-06-2015,TOTAL,819624,819624,2448729,2448729,2881432,2592430,2881432,2592430,433974,211143,433974,211143,9387332,9387332
17-06-2015,Pro,75003,113765,277393,185829,423648,420309,881752,684463,58596,63873,180996,67459,1318822,2114264
18-06-2015,Client,410554,336719,1408461,444339,1197341,880521,1290099,1710227,350113,146688,224471,130516,4393678,4136371
18-06-2015,FII,345992,375808,740661,1242480,888819,1445562,680489,340757,23425,18199,34819,21162,3462658,2695515
18-06-2015,TOTAL,868637,868637,2470096,2470096,2815999,2765742,2815999,2765742,439035,229082,439035,229082,9588591,9588591
18-06-2015,Pro,85318,105308,290609,203152,405441,426237,845411,714758,65469,64195,179721,77404,1337269,2125754
18-06-2015,DII,26773,50802,30365,580125,324398,13422,0,0,28,0,24,0,394986,630951
19-06-2015,TOTAL,842686,842686,2485515,2485515,2751579,2971625,2751579,2971625,440821,239438,440821,239438,9731664,9731664
19-06-2015,Client,391740,348935,1398162,453286,1126367,1017234,1272886,1790368,347503,155390,225548,132505,4436396,4223528
19-06-2015,FII,333540,370925,763161,1228894,913318,1471963,662107,373582,23093,18949,36698,23492,3524024,2695698
19-06-2015,DII,27022,50792,31987,591452,325142,13422,0,0,28,0,27,0,397601,642271
19-06-2015,Pro,90384,72034,292205,211883,386752,469006,816586,807675,70197,65099,178548,83441,1373643,2170167
22-06-2015,Client,362484,377629,1366915,456705,1028941,1183771,1296893,1871413,330341,165492,217592,129805,4437944,4350037
22-06-2015,FII,341137,320181,811888,1238406,959642,1500922,616242,403320,21242,19056,37252,26335,3653887,2641736
22-06-2015,TOTAL,818940,818940,2513699,2513699,2715723,3228243,2715723,3228243,427957,247981,427957,247981,9952543,9952543
22-06-2015,Pro,89576,60376,300728,223696,400748,530128,802588,953510,76346,63433,173082,91841,1460959,2305093
22-06-2015,DII,25743,60754,34168,594892,326392,13422,0,0,28,0,31,0,399753,655677
23-06-2015,Pro,76264,65829,289094,222727,377582,525609,811873,1028557,79560,63783,177599,98379,1411892,2404964
23-06-2015,TOTAL,853236,853236,2517905,2517905,2724571,3363668,2724571,3363668,433658,255787,433658,255787,10148825,10148825
23-06-2015,FII,385814,299888,844164,1220182,1002258,1521024,595398,419155,21515,18648,37279,27056,3793423,2598958
23-06-2015,DII,27607,71754,33455,603120,325304,13422,0,0,28,0,35,0,399816,674909
23-06-2015,Client,363551,415765,1351192,471876,1019427,1303613,1317300,1915956,332555,173356,218745,130352,4543694,4469994
24-06-2015,Client,350023,448057,1318539,464504,1007651,1245736,1327234,1783943,332899,170595,215432,130820,4425443,4369990
24-06-2015,TOTAL,942224,942224,2486927,2486927,2733106,3313430,2733106,3313430,432554,254128,432554,254128,10162369,10162369
24-06-2015,DII,22471,78129,32750,606874,319801,14822,0,0,28,0,35,0,389872,685038
24-06-2015,Pro,70770,67140,269168,204579,358165,524955,817684,1072804,78915,66720,181445,96402,1368693,2440054
24-06-2015,FII,498960,348898,866470,1210970,1047489,1527917,588188,456683,20712,16813,35642,26906,3978361,2667287
25-06-2015,Pro,56450,64593,182740,106894,289611,349776,335230,456913,24448,29021,43808,19069,932046,1026507
25-06-2015,TOTAL,652615,652615,1972761,1972761,1484258,1646594,1484258,1646594,111921,68948,111921,68948,5937097,5937097
25-06-2015,DII,13935,66514,14798,598178,245734,1000,0,0,0,0,11,0,275467,664703
25-06-2015,Client,211364,406077,1161975,281945,338116,430308,856078,1020282,85725,39664,67206,49023,2267152,2680611
25-06-2015,FII,370866,115431,613248,985744,610797,865510,292950,169399,1748,263,896,856,2462432,1565276
26-06-2015,TOTAL,648347,648347,2005724,2005724,1658970,1777931,1658970,1777931,163691,94580,163691,94580,6349243,6349243
26-06-2015,DII,18993,66514,15475,611140,247656,1000,0,0,0,0,11,0,283124,677665
26-06-2015,Pro,55793,61964,188157,112679,314622,349702,378714,442277,32841,35185,59523,25886,976300,1081043
26-06-2015,FII,369071,121226,621471,991329,656494,919418,315876,183912,12495,9249,9157,6582,2588198,1628082
26-06-2015,Client,204490,398643,1180621,290576,440198,507811,964380,1151742,118355,50146,95000,62112,2501621,2962453
29-06-2015,Client,199295,450050,1201601,293977,466044,595286,1008050,1256378,139659,59665,111283,71230,2661550,3190968
29-06-2015,TOTAL,706347,706347,2040271,2040271,1737090,1972148,1737090,1972148,192538,111917,192538,111917,6760311,6760311
29-06-2015,Pro,49752,68013,195259,113848,321418,401134,409644,511287,38433,42265,68585,30878,1048261,1202255
29-06-2015,FII,422495,139514,626203,997926,703894,975728,319396,204483,14446,9987,12654,9809,2752753,1683782
29-06-2015,DII,34805,48770,17208,634520,245734,0,0,0,0,0,16,0,297747,683306
30-06-2015,TOTAL,754612,754612,2087357,2087357,1825187,2077837,1825187,2077837,212132,121726,212132,121726,7078851,7078851
30-06-2015,Client,210183,476905,1237550,301737,506967,650597,1062440,1309167,153086,66533,121826,76203,2824916,3348278
30-06-2015,DII,34814,44514,18097,662305,247372,0,0,0,0,0,20,0,300283,706839
30-06-2015,Pro,53447,76959,199605,125686,359821,409102,431065,539774,43149,43425,76060,34920,1108549,1284464
30-06-2015,FII,456168,156234,632105,997629,711027,1018138,331682,228896,15897,11768,14226,10603,2845103,1739270
01-07-2015,Pro,53943,81939,202551,134849,364556,422750,432503,608897,47781,43606,79684,40076,1135187,1377948
01-07-2015,Client,222747,502115,1237012,320662,507903,738772,1095161,1349492,162633,76276,131810,81756,2945343,3480996
01-07-2015,DII,35374,48227,20049,661616,247372,0,0,0,0,0,31,0,302795,709874
01-07-2015,FII,479297,159080,646507,988992,754329,1041544,346496,244677,15953,13384,14842,11434,2951014,1765521
01-07-2015,TOTAL,791361,791361,2106119,2106119,1874160,2203066,1874160,2203066,226367,133266,226367,133266,7334339,7334339
02-07-2015,Client,209029,495588,1227647,332642,523313,786025,1143849,1387437,176695,81164,143483,86902,3003873,3589901
02-07-2015,DII,33618,48347,20335,659408,247372,0,0,0,0,0,46,0,301325,707801
02-07-2015,FII,498900,161432,660108,985546,788181,1060754,351596,263365,23893,15289,17952,11836,3047125,1791727
02-07-2015,Pro,55229,91409,206774,137268,367877,406634,431298,602611,49538,46667,88645,44382,1132719,1395613
02-07-2015,TOTAL,796776,796776,2114864,2114864,1926743,2253413,1926743,2253413,250126,143120,250126,143120,7485042,7485042
03-07-2015,Client,221139,513994,1220120,344939,536226,857820,1170000,1468184,187839,86241,153241,91116,3109385,3741474
03-07-2015,TOTAL,821942,821942,2127852,2127852,2007092,2384369,2007092,2384369,264665,150182,264665,150182,7756102,7756102
03-07-2015,DII,29046,48227,20495,657903,248331,3800,0,0,0,0,56,0,301672,706186
03-07-2015,Pro,56440,97720,211048,136279,402488,412768,470774,649313,51776,47808,92882,46385,1182328,1493353
03-07-2015,FII,515317,162001,676189,988731,820047,1109981,366318,266872,25050,16133,18486,12681,3162717,1815089
06-07-2015,Pro,66211,89783,218978,150662,382825,400569,465227,664972,54926,49618,98941,49486,1173127,1519071
06-07-2015,FII,500751,181285,680626,1004248,825167,1159374,397706,287210,25003,17386,19678,12907,3208307,1903034
06-07-2015,DII,32006,56627,21324,659057,248331,3000,0,0,0,0,64,0,304661,715748
06-07-2015,TOTAL,841599,841599,2167284,2167284,2034336,2458616,2034336,2458616,279710,158494,279710,158494,7940039,7940039
06-07-2015,Client,242631,513904,1246356,353317,578013,895673,1171403,1506434,199781,91490,161027,96101,3253944,3802186
07-07-2015,DII,32274,60627,21526,657702,248331,3000,0,0,0,0,61,0,305131,718390
07-07-2015,Client,236876,511837,1254586,357166,603650,904714,1219683,1475646,214464,97170,169784,101246,3311460,3835362
07-07-2015,FII,552311,192469,684895,1010015,844522,1263230,408581,353751,26640,19218,20469,13197,3390816,1998482
07-07-2015,TOTAL,879267,879267,2178395,2178395,2106734,2557496,2106734,2557496,298754,167397,298754,167397,8188043,8188043
07-07-2015,Pro,57806,114334,217388,153512,410231,386552,478470,728099,57650,51009,108440,52954,1180636,1635809
08-07-2015,Pro,55342,106489,220441,159196,389115,423040,517865,682313,58052,56506,124447,55752,1202496,1646062
08-07-2015,TOTAL,860852,860852,2193240,2193240,2192699,2557158,2192699,2557158,331045,176857,331045,176857,8311851,8311851
08-07-2015,Client,225494,494082,1279364,341072,711930,761690,1243217,1490605,242964,100780,185103,106423,3322222,3860502
08-07-2015,DII,35105,58832,22268,661320,247498,2200,0,0,0,0,48,0,307071,720200
08-07-2015,FII,544911,201449,671167,1031652,844156,1370228,431617,384240,30029,19571,21447,14682,3480062,2085087
09-07-2015,TOTAL,846695,846695,2220974,2220974,2316583,2564222,2316583,2564222,356574,193501,356574,193501,8498549,8498549
09-07-2015,DII,36185,55832,22508,668952,248298,2200,0,0,0,0,48,0,309191,724832
09-07-2015,FII,506850,220301,672390,1048550,879273,1396359,433712,411638,29945,20304,23094,15867,3505121,2153162
09-07-2015,Pro,63772,79097,226060,162735,365022,427419,557543,652168,64216,60604,135730,62268,1207093,1649541
09-07-2015,Client,239888,491465,1300016,340737,823990,738244,1325328,1500416,262413,112593,197702,115366,3477144,3971014
10-07-2015,Client,244495,511128,1346438,339459,815627,771857,1345709,1537698,277881,114464,204699,115003,3570762,4053696
10-07-2015,DII,41565,60382,23575,682704,248298,2200,0,0,0,0,48,0,315638,743134
10-07-2015,FII,508904,224832,655967,1072133,935203,1406415,437456,426008,29870,20556,24950,16658,3556915,2202037
10-07-2015,Pro,74251,72873,235525,167209,354169,428535,570132,645301,62511,59981,140565,63340,1214972,1659420
10-07-2015,TOTAL,869215,869215,2261505,2261505,2353297,2609007,2353297,2609007,370262,195001,370262,195001,8658287,8658287
13-07-2015,Pro,92406,77007,240049,172367,393271,415879,588861,689015,66416,58522,138828,67477,1266543,1733555
13-07-2015,TOTAL,929236,929236,2291565,2291565,2379888,2665083,2379888,2665083,373606,203138,373606,203138,8842516,8842516
13-07-2015,FII,536248,246898,642473,1087932,968778,1395249,462138,450841,28050,21568,24666,18436,3592366,2290911
13-07-2015,DII,41247,55777,24077,685190,248662,0,0,0,0,0,64,0,313986,741031
13-07-2015,Client,259335,549554,1384966,346076,769177,853955,1328889,1525227,279140,123048,210048,117225,3669621,4077019
14-07-2015,Client,242391,556104,1406562,350945,803363,886844,1374341,1550489,294119,126072,216539,122169,3759351,4170587
14-07-2015,TOTAL,941619,941619,2308190,2308190,2405191,2698630,2405191,2698630,389665,210258,389665,210258,8953553,8953553
14-07-2015,DII,40173,57777,24198,685946,248662,0,0,0,0,0,48,0,313033,743771
14-07-2015,Pro,82053,80939,238996,170223,374535,400355,583169,696705,66923,61818,147477,70763,1224680,1749276
14-07-2015,FII,577002,246799,638434,1101076,978631,1411431,447681,451436,28623,22368,25601,17326,3656489,2289919
15-07-2015,FII,618746,235482,652784,1105923,998952,1426135,435428,459530,29103,22220,25589,17849,3747940,2279801
15-07-2015,DII,37645,57777,24274,685084,248662,0,0,0,0,0,52,0,310581,742913
15-07-2015,Pro,80370,87706,242681,172847,405260,395568,559928,793851,69685,59450,147561,73921,1253014,1835814
15-07-2015,TOTAL,968515,968515,2331297,2331297,2363866,2859191,2363866,2859191,393880,216708,393880,216708,9133457,9133457
15-07-2015,Client,231754,587550,1411558,367443,710992,1037488,1368510,1605810,295092,135038,220678,124938,3821922,4274929
16-07-2015,DII,35516,65633,24721,687233,248662,0,0,0,0,0,32,0,308899,752898
16-07-2015,Client,231024,617048,1412504,387397,663460,1146423,1368021,1659977,293569,146530,222059,129547,3893510,4384049
16-07-2015,FII,673996,226900,670097,1106750,1026097,1459062,448052,477037,28909,24053,26730,20483,3882214,2305952
16-07-2015,TOTAL,1011134,1011134,2358954,2358954,2348302,2987991,2348302,2987991,396792,230652,396792,230652,9333825,9333825
16-07-2015,Pro,70598,101553,251632,177574,410083,382506,532229,850977,74314,60069,147971,80622,1249202,1890926
17-07-2015,DII,34557,65633,27609,685668,249376,3200,0,0,0,0,33,0,314742,751334
17-07-2015,Client,231539,625181,1417060,391250,690747,1184480,1393746,1688299,307120,154387,229005,136266,3985333,4463747
17-07-2015,FII,677013,219376,671860,1115703,1049221,1511272,470205,526205,30135,25945,29391,21876,3965446,2382756
17-07-2015,TOTAL,1009559,1009559,2368938,2368938,2389577,3096466,2389577,3096466,412556,242707,412556,242707,9519803,9519803
17-07-2015,Pro,66450,99369,252409,176317,400233,397514,525626,881962,75301,62375,154127,84565,1254282,1921966
20-07-2015,FII,679619,224113,667563,1137280,1039157,1529438,477708,560007,31029,28500,32266,22792,3975306,2454166
20-07-2015,Pro,74461,97710,263713,186275,390748,394562,542764,848101,80791,66433,168862,92527,1270708,1936239
20-07-2015,DII,32034,65633,26728,688111,249376,3200,0,0,0,0,33,0,311338,753777
20-07-2015,TOTAL,1018242,1018242,2403682,2403682,2416931,3100555,2416931,3100555,437383,256389,437383,256389,9633182,9633182
20-07-2015,Client,232128,630786,1445678,392016,737650,1173355,1396459,1692447,325563,161456,236222,141070,4075830,4489000
21-07-2015,Client,209816,626758,1441280,383575,819789,1100505,1425558,1654598,360010,171999,242017,145568,4103399,4478074
21-07-2015,FII,699076,194568,670899,1145192,1029510,1498881,481066,554679,31559,27636,36631,25547,3957561,2437683
21-07-2015,TOTAL,993470,993470,2414095,2414095,2458194,2993642,2458194,2993642,471922,273700,471922,273700,9605023,9605023
21-07-2015,Pro,58194,106461,273419,193721,359519,391056,551570,784365,80353,74065,193241,102585,1236606,1931943
21-07-2015,DII,26384,65683,28497,691607,249376,3200,0,0,0,0,33,0,307457,757323
22-07-2015,Client,233150,672656,1466686,392246,767218,1320365,1408567,1747118,352079,185990,245354,149821,4325488,4615762
22-07-2015,FII,702706,213079,677047,1161019,1059869,1493557,476640,558007,33805,29366,37018,27409,3996350,2473172
22-07-2015,TOTAL,1047988,1047988,2458875,2458875,2475572,3212281,2475572,3212281,474364,287443,474364,287443,9956523,9956523
22-07-2015,Pro,85916,96570,286693,208786,399109,395159,590365,907156,88480,72087,191959,110213,1327444,2105049
22-07-2015,DII,26216,65683,28449,696824,249376,3200,0,0,0,0,33,0,307241,762540
23-07-2015,Pro,82345,92696,298073,214003,398496,394754,626890,847453,90814,77205,207031,113016,1341687,2101089
23-07-2015,FII,699859,232629,676109,1173880,1074101,1517429,533210,586123,34401,33064,40323,28397,4034963,2594562
23-07-2015,TOTAL,1035773,1035773,2484093,2484093,2611859,3147899,2611859,3147899,505928,298367,505928,298367,10083919,10083919
23-07-2015,Client,228032,644765,1480472,393145,889886,1232516,1451759,1714323,380713,188098,258540,156954,4399717,4619486
23-07-2015,DII,25537,65683,29439,703065,249376,3200,0,0,0,0,34,0,307552,768782
24-07-2015,Client,232267,644922,1503755,390453,1054351,1117424,1513473,1665507,410429,185178,266177,158695,4503404,4639227
24-07-2015,DII,29337,66013,31205,717288,249376,3200,0,0,0,0,36,0,313118,783337
24-07-2015,FII,687394,227891,676138,1183631,1066986,1517555,562525,585588,32618,33750,42551,30736,4014441,2632922
24-07-2015,Pro,80745,90917,307725,227451,402021,401144,696736,788228,88171,82416,222454,111913,1362222,2137699
24-07-2015,TOTAL,1029743,1029743,2518823,2518823,2772734,3039323,2772734,3039323,531218,301344,531218,301344,10193185,10193185
27-07-2015,Client,251529,633610,1540441,391966,1381870,880790,1611176,1590436,440037,171343,267166,154623,4666010,4648977
27-07-2015,FII,655403,260970,684612,1222257,1078851,1570677,566023,588082,33686,29882,48545,32108,4053111,2717985
27-07-2015,TOTAL,1033044,1033044,2592224,2592224,3118631,2916501,3118631,2916501,557851,291007,557851,291007,10509258,10509258
27-07-2015,Pro,95707,79446,336169,249330,408336,463834,941432,737983,84128,89782,242098,104276,1477956,2354565
27-07-2015,DII,30405,59018,31002,728671,249574,1200,0,0,0,0,42,0,312181,787731
28-07-2015,TOTAL,1095431,1095431,2652414,2652414,3237563,2966636,3237563,2966636,560459,294313,560459,294313,10806816,10806816
28-07-2015,Client,255124,658965,1573646,393355,1492575,872165,1666007,1610271,443632,175559,268851,156319,4812701,4753768
28-07-2015,FII,698880,313635,703651,1255384,1080271,1598978,566362,603072,33978,28991,47831,33780,4144749,2820064
28-07-2015,DII,34817,49168,31548,738207,249574,2600,0,0,0,0,42,0,318539,787417
28-07-2015,Pro,106610,73663,343569,265468,415143,492893,1005194,753293,82849,89763,243735,104214,1530827,2445567
29-07-2015,FII,659237,337297,725838,1286043,1109952,1613249,540577,578751,32189,26037,44163,32963,4166502,2819794
29-07-2015,Client,269622,625108,1588154,402718,1406699,926054,1608268,1675415,427279,180321,264658,156097,4798129,4732264
29-07-2015,DII,38656,49318,31462,740355,249874,2600,0,0,0,0,46,0,322592,789719
29-07-2015,Pro,115067,70859,327926,244264,385018,485804,1002698,773541,86495,88422,237096,105720,1488732,2434178
29-07-2015,TOTAL,1082582,1082582,2673380,2673380,3151543,3027707,3151543,3027707,545963,294780,545963,294780,10775955,10775955
30-07-2015,Pro,61376,37869,216166,117234,258255,305502,416824,325569,26513,33095,57518,23742,900907,978756
30-07-2015,DII,26825,45700,24935,720372,252834,0,0,0,0,0,0,0,304594,766072
30-07-2015,Client,215827,557709,1445512,303240,496711,339670,912200,934294,109033,47213,78292,55929,2653966,2841664
30-07-2015,TOTAL,767307,767307,2274278,2274278,1700157,1508933,1700157,1508933,136989,81335,136989,81335,6468999,6468999
30-07-2015,FII,463279,126029,587665,1133432,692357,863761,371133,249070,1443,1027,1179,1664,2609532,1882507
31-07-2015,Client,218241,570512,1465525,319870,508319,489805,999768,1043276,144424,70231,110467,76163,2896545,3120056
31-07-2015,FII,503742,120486,611133,1146818,742850,893061,390239,262654,15370,12078,13954,8136,2778234,1942287
31-07-2015,TOTAL,801305,801305,2326543,2326543,1777335,1690866,1777335,1690866,197747,121024,197747,121024,6914820,6914820
31-07-2015,Pro,54159,54847,223524,122413,273332,308000,387328,384936,36953,38715,73261,36725,934683,1059510
31-07-2015,DII,25163,55460,26361,737442,252834,0,0,0,1000,0,65,0,305358,792967
03-08-2015,Pro,53830,54549,224737,121610,280266,316045,406207,400203,41217,42319,83990,43330,958414,1109889
03-08-2015,FII,495465,122067,622799,1144198,754987,901569,389813,267277,18909,14044,18322,11282,2807773,1952959
03-08-2015,TOTAL,785305,785305,2324582,2324582,1839043,1767418,1839043,1767418,234176,140527,234176,140527,7091051,7091051
03-08-2015,Client,211067,546474,1449369,326840,550956,549804,1043023,1099938,173050,84164,131819,85915,3018410,3234009
03-08-2015,DII,24943,62215,27677,731934,252834,0,0,0,1000,0,45,0,306454,794194
04-08-2015,DII,20081,63028,27771,722662,252909,760,0,0,2000,0,25,0,303521,785715
04-08-2015,FII,491158,135902,642061,1137193,774834,961007,442021,273890,23163,16914,23369,14239,2909137,2026614
04-08-2015,Client,194019,501449,1423176,334997,648688,608673,1102159,1187232,201494,94745,148993,95350,3170795,3370180
04-08-2015,Pro,51702,56581,235293,133449,312313,352993,444564,462311,46994,48154,101264,50224,1047449,1248393
04-08-2015,TOTAL,756960,756960,2328301,2328301,1988744,1923433,1988744,1923433,273651,159813,273651,159813,7430902,7430902
05-08-2015,TOTAL,783550,783550,2340690,2340690,2037645,2049265,2037645,2049265,300641,173273,300641,173273,7685064,7685064
05-08-2015,DII,20081,63742,28964,720266,253764,760,0,0,2000,0,25,0,305569,784033
05-08-2015,Pro,48052,73622,235648,136903,338708,363782,441898,519303,51404,49970,111293,56345,1087564,1339364
05-08-2015,FII,512814,130371,652645,1142785,790110,982684,447484,290860,26866,18624,26349,15338,2983743,2053187
05-08-2015,Client,202603,515815,1423433,340736,655063,702039,1148263,1239102,220371,104679,162974,101590,3308188,3508480
06-08-2015,Pro,51093,90475,241404,142564,362211,399838,463264,584760,56347,52821,121498,61703,1163714,1464264
06-08-2015,Client,206159,514808,1431725,349867,658284,772266,1175609,1291852,240684,114957,175088,108819,3424075,3616043
06-08-2015,DII,18868,63302,29924,717857,253764,760,0,0,2000,0,25,0,305316,781184
06-08-2015,FII,521620,129155,657426,1150191,823094,1000783,458480,297035,27036,19705,29456,16961,3049664,2081278
06-08-2015,TOTAL,797740,797740,2360479,2360479,2097353,2173647,2097353,2173647,326067,187483,326067,187483,7942769,7942769
07-08-2015,DII,19408,62190,34413,713810,253544,760,0,0,2000,0,25,0,310125,776025
07-08-2015,Pro,47598,92703,242312,144932,346365,396139,455640,586668,60869,56895,131452,66777,1150178,1478172
07-08-2015,Client,194668,507815,1440641,349626,681825,796996,1194561,1315503,259389,124775,190394,115873,3498294,3673772
07-08-2015,FII,529745,128711,654672,1163670,839084,1015399,470617,307123,32522,22080,32909,21100,3093502,2124130
07-08-2015,TOTAL,791419,791419,2372038,2372038,2120818,2209294,2120818,2209294,354780,203750,354780,203750,8052099,8052099
10-08-2015,FII,548529,128373,655526,1180816,851655,1028949,472066,308671,34123,22664,34548,22127,3141446,2146601
10-08-2015,DII,18566,62478,35386,712875,253544,760,0,0,2000,0,33,0,310256,775386
10-08-2015,TOTAL,789008,789008,2383959,2383959,2169963,2216266,2169963,2216266,375570,212000,375570,212000,8146766,8146766
10-08-2015,Pro,45306,95417,246680,144874,347695,404353,478084,584332,61051,59575,138692,70740,1164660,1512139
10-08-2015,Client,176607,502740,1446367,345394,717069,782204,1219813,1323263,278396,129761,202297,119133,3530404,3712640
11-08-2015,Client,199060,510081,1457779,346193,824210,698240,1253041,1297624,318174,127821,218977,121829,3625284,3747745
11-08-2015,DII,21247,56678,35095,713232,255509,0,0,0,1500,0,33,0,313351,769943
11-08-2015,FII,531632,146511,657198,1187865,869586,1076659,474704,312645,35799,23041,37192,23387,3193915,2182304
11-08-2015,Pro,44916,83585,251445,154227,322605,377426,544165,542056,62283,64397,161554,70043,1123072,1555630
11-08-2015,TOTAL,796855,796855,2401517,2401517,2271910,2152325,2271910,2152325,417756,215259,417756,215259,8255622,8255622
12-08-2015,TOTAL,783581,783581,2413118,2413118,2485577,2191141,2485577,2191141,456960,219531,456960,219531,8549908,8549908
12-08-2015,FII,464855,178467,674951,1195260,899960,1182297,495887,303069,37675,23093,42364,26116,3282831,2241163
12-08-2015,Client,233774,461362,1436741,344775,992768,596133,1327343,1331679,354528,122654,225894,123137,3736598,3814190
12-08-2015,Pro,60349,86956,265956,160933,337340,402411,662347,556393,63257,73784,188669,70278,1203097,1725576
12-08-2015,DII,24603,56796,35470,712150,255509,10300,0,0,1500,0,33,0,327382,768979
13-08-2015,DII,25431,44796,36238,708879,255689,10300,0,0,1500,0,25,0,329158,753700
13-08-2015,FII,458000,181529,688353,1207021,898401,1220576,504019,290415,38393,25367,42610,28086,3329090,2253680
13-08-2015,Pro,57781,85805,270755,166783,369072,432098,699825,618632,65035,74064,201798,74147,1268805,1846990
13-08-2015,TOTAL,765194,765194,2425570,2425570,2564280,2280089,2564280,2280089,481843,227912,481843,227912,8744888,8744888
13-08-2015,Client,223982,453064,1430224,342887,1041118,617115,1360436,1371042,376915,128481,237410,125679,3817835,3890518
14-08-2015,DII,24311,48331,36790,710100,255689,5300,0,0,1500,0,25,0,323590,758456
14-08-2015,FII,453255,168040,696094,1215985,905648,1238524,500520,295653,39283,27646,44498,31146,3360450,2255842
14-08-2015,Pro,56516,75322,273578,169982,383081,416730,590081,706045,73391,71417,191740,86590,1274713,1819760
14-08-2015,TOTAL,748522,748522,2438714,2438714,2424494,2500297,2424494,2500297,477310,247938,477310,247938,8837275,8837275
14-08-2015,Client,214440,456829,1432252,342647,880076,839743,1333893,1498599,363136,148875,241047,130202,3878522,4003217
17-08-2015,TOTAL,730583,730583,2451037,2451037,2513047,2441250,2513047,2441250,490886,257037,490886,257037,8883840,8883840
17-08-2015,Client,218915,435852,1435172,349679,981693,791078,1378913,1502057,374623,157175,247970,133995,3958656,4048466
17-08-2015,FII,424226,175985,696861,1216288,912417,1240847,493108,292426,40938,28491,46007,31872,3343780,2255686
17-08-2015,DII,20569,46416,38255,711037,255689,0,0,0,1500,0,25,0,316013,757478
17-08-2015,Pro,66873,72330,280749,174033,363248,409325,641026,646767,73825,71371,196884,91170,1265391,1822210
18-08-2015,DII,20329,46416,38476,711839,255689,0,0,0,1500,0,46,0,315994,758301
18-08-2015,Pro,55884,73213,297150,194430,341719,427501,654713,691563,76529,73108,206058,95764,1271891,1915741
18-08-2015,Client,225870,432798,1442923,364736,1011797,859771,1376050,1563495,391011,165417,256332,138418,4096789,4131829
18-08-2015,TOTAL,723665,723665,2489586,2489586,2526866,2545282,2526866,2545282,509560,267420,509560,267420,9062379,9062379
18-08-2015,FII,421582,171238,711037,1218581,917661,1258010,496103,290224,40520,28895,47124,33238,3377705,2256508
19-08-2015,Pro,54573,80860,312762,211208,391332,455859,655923,787934,79629,73384,210544,98834,1367539,2045303
19-08-2015,DII,20329,46126,37473,713870,255689,0,0,0,1500,0,52,0,314991,760048
19-08-2015,TOTAL,741834,741834,2520793,2520793,2562325,2735188,2562325,2735188,523421,275065,523421,275065,9358626,9358626
19-08-2015,FII,416641,184758,723900,1212527,919757,1283484,491806,299195,41542,29191,48672,34354,3414515,2271312
19-08-2015,Client,250291,430090,1446658,383188,995547,995845,1414596,1648059,400750,172490,264153,141877,4261581,4281963
20-08-2015,DII,21944,37741,36793,711913,255689,5000,0,0,0,0,52,0,319426,749706
20-08-2015,Client,325425,441744,1465205,415968,1293889,789319,1487464,1641517,439442,160078,269764,141117,4473358,4397574
20-08-2015,FII,361475,214350,739505,1218303,918549,1333535,508076,299429,42021,28538,50901,34638,3423623,2325697
20-08-2015,TOTAL,785775,785775,2579800,2579800,2842931,2618171,2842931,2618171,559598,268922,559598,268922,9655197,9655197
20-08-2015,Pro,76931,91940,338297,233616,374804,490317,847391,677225,78135,80306,238881,93167,1438790,2182220
21-08-2015,TOTAL,833516,833516,2649538,2649538,3046044,2671388,3046044,2671388,575123,263979,575123,263979,10039588,10039588
21-08-2015,Client,386032,449814,1496971,436463,1454421,760245,1591136,1691753,456816,153182,271801,138967,4707667,4579934
21-08-2015,DII,25255,28662,38014,719144,253724,5000,0,0,0,0,60,0,321993,747866
21-08-2015,Pro,94677,70119,365762,254769,383918,520409,920949,691639,76767,82510,250978,91792,1524043,2280246
21-08-2015,FII,327552,284921,748791,1239162,953981,1385734,533959,287996,41540,28287,52284,33220,3485885,2431542
24-08-2015,Pro,84579,128410,380308,255141,473642,473809,1143990,684582,74367,96163,279303,83597,1582868,2575023
24-08-2015,FII,456673,429587,798938,1233611,1007421,1439770,639858,316563,44189,27484,59198,33149,3774475,2711966
24-08-2015,DII,46695,13845,40169,715129,255724,8289,0,0,0,0,60,0,350877,729034
24-08-2015,Client,503784,519889,1420300,435834,1608967,554501,1561906,1475224,473980,121040,253975,127941,4682572,4374769
24-08-2015,TOTAL,1091731,1091731,2639715,2639715,3345754,2476369,3345754,2476369,592536,244687,592536,244687,10390792,10390792
25-08-2015,Client,463267,550881,1367161,411493,1518805,590459,1432108,1436706,463454,127415,247682,122586,4530561,4201456
25-08-2015,TOTAL,1148674,1148674,2602369,2602369,3254720,2480988,3254720,2480988,586591,250230,586591,250230,10323572,10323572
25-08-2015,FII,550999,471010,853391,1228391,1012271,1424029,713990,324895,41720,29300,56817,34359,3911710,2829462
25-08-2015,DII,62375,9845,41814,733823,257089,5889,0,0,0,0,68,0,367167,743736
25-08-2015,Pro,72033,116938,340003,228662,466555,460611,1108622,719387,81417,93515,282024,93285,1514134,2548918
26-08-2015,TOTAL,1258575,1258575,2615482,2615482,3432186,2497159,3432186,2497159,594034,254513,594034,254513,10651949,10651949
26-08-2015,Client,492842,573878,1385964,421978,1691317,595399,1446886,1484155,468667,133126,253841,124362,4767315,4305100
26-08-2015,Pro,72827,122457,306552,196182,441988,451597,1186216,684290,85903,93170,283933,98128,1452037,2571206
26-08-2015,DII,62400,8276,45606,752533,258089,7489,0,0,0,0,76,0,373584,760885
26-08-2015,FII,630506,553964,877360,1244789,1040792,1442674,799084,328714,39464,28217,56184,32023,4059013,3014758
27-08-2015,DII,53599,6876,32362,773569,258089,7489,0,0,0,0,49,0,351539,780494
27-08-2015,Client,282988,604019,1346198,249154,546115,361321,768621,1098940,117471,45072,78062,45869,2699165,2844665
27-08-2015,Pro,86786,60862,198936,113233,232562,334888,471891,392651,26440,28427,64245,26884,908039,1129766
27-08-2015,TOTAL,941731,941731,2222824,2222824,1698182,1652832,1698182,1652832,144213,74071,144213,74071,6733853,6733853
27-08-2015,FII,518358,269974,645328,1086868,661416,949134,457670,161241,302,572,1857,1318,2775110,1978928
28-08-2015,DII,51403,6936,33018,772317,258089,7489,0,0,0,0,71,0,349999,779324
28-08-2015,FII,623152,258467,660149,1086860,750360,1131609,551063,189087,10062,8055,11270,8361,3183387,2105108
28-08-2015,Pro,60754,99553,198433,110081,310705,375997,486220,534508,31492,33370,81663,34541,1010751,1346566
28-08-2015,TOTAL,985341,985341,2230671,2230671,1885057,1938385,1885057,1938385,193241,101843,193241,101843,7334538,7334538
28-08-2015,Client,250032,620385,1339071,261413,565903,423290,847774,1214790,151687,60418,100237,58941,2790401,3103540
31-08-2015,FII,651930,264970,682399,1084233,773113,1235205,576192,212113,12929,10303,12633,10117,3365879,2160258
31-08-2015,TOTAL,996768,996768,2253128,2253128,1976411,2118349,1976411,2118349,223293,115620,223293,115620,7683569,7683569
31-08-2015,Pro,63459,111051,197289,114764,331411,409800,505030,611664,37395,35431,91507,40237,1074785,1474253
31-08-2015,DII,37987,6936,33597,782231,256085,7489,0,0,0,0,81,0,335158,789248
31-08-2015,Client,243392,613811,1339843,271900,615802,465855,895189,1294572,172969,69886,119072,65266,2907747,3259810
01-09-2015,FII,641224,280817,681489,1090951,793606,1329178,606900,252392,17289,12861,15580,11165,3475647,2257805
01-09-2015,TOTAL,1016023,1016023,2245861,2245861,2148413,2237942,2148413,2237942,256419,124295,256419,124295,8028953,8028953
01-09-2015,Client,260642,590690,1329074,266252,765369,467020,968322,1358880,199924,70180,134472,70952,3092209,3389568
01-09-2015,Pro,71666,135580,200878,112743,332007,431855,573191,626670,39206,41254,106284,42178,1116866,1596646
01-09-2015,DII,42491,8936,34420,775915,257431,9889,0,0,0,0,83,0,344231,784934
02-09-2015,Client,299232,588637,1348320,270081,884872,472071,1001063,1410057,219504,76515,146743,74850,3300514,3491431
02-09-2015,FII,626115,327710,688550,1105162,823567,1377949,642978,269402,18158,15695,16669,12354,3550034,2374275
02-09-2015,TOTAL,1066180,1066180,2274266,2274266,2302609,2309375,2302609,2309375,279818,134462,279818,134462,8366710,8366710
02-09-2015,Pro,82844,139330,204277,125022,336689,448261,658568,629916,42156,42252,116323,47258,1156479,1716417
02-09-2015,DII,57989,10503,33119,774001,257481,11094,0,0,0,0,83,0,359683,784587
03-09-2015,TOTAL,1051118,1051118,2276217,2276217,2391230,2413911,2391230,2413911,291307,145703,291307,145703,8569486,8569486
03-09-2015,DII,59108,10503,34365,772492,257613,8689,0,0,0,0,87,0,359775,783082
03-09-2015,Pro,68555,139366,202985,128081,380776,429400,641104,681923,45869,43388,117366,50706,1170973,1758546
03-09-2015,FII,648601,329819,702255,1103709,857342,1487539,755217,282006,18231,17127,17489,13201,3731095,2501441
03-09-2015,Client,274854,571430,1336612,271935,895499,488283,994909,1449982,227207,85188,156365,81796,3307643,3526417
04-09-2015,Pro,72059,166495,208608,128965,409030,428223,729345,680576,45814,45920,128078,50520,1209654,1883979
04-09-2015,TOTAL,1079948,1079948,2262531,2262531,2579655,2498126,2579655,2498126,310452,148389,310452,148389,8879101,8879101
04-09-2015,DII,60122,10624,36168,767245,257613,8529,0,0,0,0,107,0,362432,777976
04-09-2015,Client,297650,555866,1299070,265624,989781,485943,1030485,1480571,244819,85307,162679,83659,3402570,3578884
04-09-2015,FII,650117,346963,718685,1100697,923231,1575431,819825,336979,19819,17162,19588,14210,3904445,2638262
07-09-2015,DII,66881,10624,35227,766888,257153,7129,0,0,0,0,134,0,366390,777646
07-09-2015,Client,323521,560352,1297384,267509,1072504,484539,1008011,1513875,259467,88256,172618,85710,3525671,3608075
07-09-2015,FII,636122,384831,724285,1097902,930673,1606776,855144,370527,21701,17832,20673,14281,3937389,2743358
07-09-2015,TOTAL,1106735,1106735,2267883,2267883,2666849,2558956,2666849,2558956,328003,152668,328003,152668,9081094,9081094
07-09-2015,Pro,80211,150928,210987,135584,406519,460512,803694,674554,46835,46580,134578,52677,1251644,1952015
08-09-2015,Pro,66852,142029,212896,140493,434153,396491,791055,681971,51658,46939,133899,57546,1208989,1946993
08-09-2015,FII,669462,384052,734360,1117504,935602,1627567,919430,384053,20500,19112,21796,15210,4006603,2842045
08-09-2015,DII,74889,10624,39069,773182,257153,5178,0,0,0,0,224,0,376289,784030
08-09-2015,TOTAL,1110273,1110273,2304343,2304343,2683438,2585082,2683438,2585082,330246,161549,330246,161549,9174931,9174931
08-09-2015,Client,299070,573568,1318018,273164,1056530,555846,972953,1519058,258088,95498,174327,88793,3583050,3601863
09-09-2015,FII,650905,359485,749820,1091904,977743,1580481,876467,390300,23467,19797,26144,19906,4002213,2764206
09-09-2015,Client,274235,541812,1276692,280251,996369,602737,1027825,1485393,257741,106769,177739,91297,3514543,3604317
09-09-2015,DII,73701,10624,40826,768696,257153,5178,0,0,0,0,273,0,376858,779593
09-09-2015,Pro,63598,150518,211532,138019,448681,405000,775654,717703,55769,48967,132821,64330,1233547,1979045
09-09-2015,TOTAL,1062439,1062439,2278870,2278870,2679946,2593396,2679946,2593396,336977,175533,336977,175533,9127161,9127161
10-09-2015,FII,662499,386324,757706,1089123,1023681,1593663,896150,420363,25867,21124,32559,21496,4084540,2846015
10-09-2015,Pro,59859,162046,219224,141023,450849,411636,770194,729235,57342,49831,135528,66814,1248741,2004840
10-09-2015,DII,74324,11424,42187,766938,258653,3778,0,0,0,0,256,0,378942,778618
10-09-2015,Client,296555,533443,1270454,292487,980888,669516,1047727,1528995,269688,113766,184554,96411,3600867,3683617
10-09-2015,TOTAL,1093237,1093237,2289571,2289571,2714071,2678593,2714071,2678593,352897,184721,352897,184721,9313090,9313090
11-09-2015,TOTAL,1091849,1091849,2289007,2289007,2766430,2664116,2766430,2664116,361988,191312,361988,191312,9364702,9364702
11-09-2015,Pro,55896,160619,222101,141916,454152,419131,779851,726716,57223,50623,139504,69084,1259126,2017690
11-09-2015,Client,295035,524340,1253522,303599,1017567,656302,1035686,1522113,277368,119466,189580,100491,3619260,3675809
11-09-2015,FII,674103,390998,765633,1081431,1034507,1584905,950893,415287,27397,21223,32630,21737,4107768,2892976
11-09-2015,DII,66815,15892,47751,762061,260204,3778,0,0,0,0,274,0,378548,778227
14-09-2015,TOTAL,1085012,1085012,2298980,2298980,2809809,2762586,2809809,2762586,362169,199077,362169,199077,9517633,9517633
14-09-2015,FII,660361,388702,780103,1077019,1054696,1599099,986284,421090,28523,22002,33600,23226,4144784,2929921
14-09-2015,DII,64164,16660,47951,761431,260254,3778,0,0,0,0,278,0,376147,778369
14-09-2015,Pro,61719,158967,229219,146272,491030,429051,781844,773794,61361,48156,136870,74394,1320536,2072141
14-09-2015,Client,298768,520683,1241707,314258,1003829,730658,1041681,1567702,272285,128919,191421,101457,3676166,3737202
15-09-2015,DII,63913,15596,46302,760805,260254,2578,0,0,0,0,235,0,373047,776636
15-09-2015,Client,287750,513160,1235642,317353,1084543,711988,1057498,1569526,289347,126465,198699,103960,3735735,3760196
15-09-2015,FII,678537,396275,788020,1072574,1006800,1599674,1023709,428499,28928,21938,35456,22183,4123897,2978696
15-09-2015,Pro,55720,160889,234403,153635,493645,426080,764035,742295,59417,49180,143302,71440,1318445,2035596
15-09-2015,TOTAL,1085920,1085920,2304367,2304367,2845242,2740320,2845242,2740320,377692,197583,377692,197583,9551124,9551124
16-09-2015,DII,52616,14259,47203,754436,262004,6978,0,0,0,0,218,0,368801,768913
16-09-2015,Pro,57367,152989,241968,170274,503088,421075,814131,778912,61019,48949,140111,75133,1333466,2131550
16-09-2015,TOTAL,1060162,1060162,2308803,2308803,2895194,2884634,2895194,2884634,378634,204532,378634,204532,9731959,9731959
16-09-2015,Client,288399,512014,1205613,326817,1124702,855422,1097285,1610299,288830,134021,200747,105695,3896987,3852857
16-09-2015,FII,661780,380900,814019,1057276,1005400,1601159,983778,495423,28785,21562,37558,23704,4132705,2978639
18-09-2015,DII,47848,15859,47234,752709,260254,8978,0,0,0,0,218,0,364314,768786
18-09-2015,Pro,54620,143117,276649,212280,417390,389407,709355,815284,63191,50554,138815,77373,1251811,2096224
18-09-2015,Client,283179,500832,1200514,355321,1004273,864689,1096208,1571135,286435,140181,196373,108569,3779271,3828438
18-09-2015,TOTAL,1110602,1110602,2371155,2371155,2689698,2863124,2689698,2863124,374762,210287,374762,210287,9619628,9619628
18-09-2015,FII,724955,450794,846758,1050845,1007781,1600050,884135,476705,25136,19552,39356,24345,4224232,2926180
21-09-2015,DII,47944,15809,47465,752328,260262,6978,0,0,0,0,179,0,362649,768316
21-09-2015,Pro,60085,130887,310526,246115,406484,398895,779693,860333,67765,53022,141192,84473,1296777,2242693
21-09-2015,Client,315618,463351,1216110,382263,1086415,898305,1145919,1611548,287612,150055,197475,113893,3954115,3914449
21-09-2015,TOTAL,1159378,1159378,2450082,2450082,2805214,2932979,2805214,2932979,379269,222403,379269,222403,9949325,9949325
21-09-2015,FII,735731,549331,875981,1069376,1052053,1628801,879602,461098,23892,19326,40423,24037,4335784,3023867
22-09-2015,TOTAL,1332878,1332878,2493446,2493446,3019128,2949371,3019128,2949371,394788,217110,394788,217110,10406721,10406721
22-09-2015,Pro,68777,173599,300050,234748,435563,447327,928811,873404,65545,59691,157433,78769,1376953,2446764
22-09-2015,Client,392010,477504,1223474,444963,1249398,773398,1172654,1612366,306752,140972,195672,115173,4086004,4018332
22-09-2015,DII,55878,15966,48470,745695,260262,4000,0,0,0,0,207,0,368610,761868
22-09-2015,FII,816213,665809,921452,1068040,1073905,1724646,917663,463601,22491,16447,41476,23168,4575154,3179757
23-09-2015,Client,383064,485229,1242953,438024,1202666,864861,1162776,1680927,306001,148901,197731,118233,4148446,4082920
23-09-2015,DII,64012,14874,45804,754410,260262,4800,0,0,0,0,235,0,374878,769519
23-09-2015,Pro,63898,155287,268022,206521,499636,423656,949223,888376,70924,62392,159250,86389,1388528,2445046
23-09-2015,TOTAL,1340549,1340549,2499815,2499815,3055932,3032562,3055932,3032562,396618,226318,396618,226318,10551794,10551794
23-09-2015,FII,829575,685159,943036,1100860,1093368,1739245,943933,463259,19693,15025,39402,21696,4639942,3254309
24-09-2015,FII,440927,321530,740626,942567,365967,743504,349768,144919,1153,3,34,741,2292180,1759559
24-09-2015,Client,300359,424505,1127203,317072,454270,344976,622594,863813,81728,37094,62762,50603,2345630,2341349
24-09-2015,Pro,39771,77561,177941,89938,324647,280741,344093,364489,20889,32239,40814,17992,876228,934887
24-09-2015,TOTAL,836556,836556,2079000,2079000,1316455,1373221,1316455,1373221,103770,69336,103770,69336,5778338,5778338
24-09-2015,DII,55499,12960,33230,729423,171571,4000,0,0,0,0,160,0,264300,742543
28-09-2015,FII,444828,326258,749876,952499,411691,793305,371068,154368,9475,8399,8044,6189,2417574,1818426
28-09-2015,Pro,35740,84668,175950,96379,357588,319872,421519,402812,29457,35178,55624,25077,953785,1086079
28-09-2015,DII,55694,14677,34564,740314,171571,9000,0,0,0,0,179,0,270829,755170
28-09-2015,Client,311081,421740,1150327,321525,586395,377101,734659,942098,119597,53451,94682,65762,2597952,2580466
28-09-2015,TOTAL,847343,847343,2110717,2110717,1527246,1499278,1527246,1499278,158529,97028,158529,97028,6240141,6240141
29-09-2015,FII,432196,344250,771125,965755,507687,896621,385295,160856,12380,10952,11163,8011,2630961,1875330
29-09-2015,DII,59684,12100,34490,761339,171571,6227,0,0,0,0,195,0,271972,773634
29-09-2015,TOTAL,872671,872671,2161436,2161436,1693650,1686945,1693650,1686945,195391,113956,195391,113956,6724049,6724049
29-09-2015,Pro,40049,106460,184231,109881,381812,343487,464895,472778,36662,38309,66206,30405,1024550,1250625
29-09-2015,Client,340742,409861,1171590,324461,632580,440610,843460,1053311,146349,64695,117827,75540,2796566,2824460
30-09-2015,Pro,54951,83907,185866,116752,397269,326849,480660,477181,40740,37551,68207,33461,1043226,1260168
30-09-2015,Client,316115,425000,1173562,319992,634054,506953,862240,1069433,153703,70352,128017,79018,2854739,2883700
30-09-2015,TOTAL,869941,869941,2182620,2182620,1721914,1734613,1721914,1734613,209526,121597,209526,121597,6840211,6840211
30-09-2015,DII,63684,11798,35063,771286,171571,4000,0,0,0,0,205,0,274318,783289
30-09-2015,FII,435191,349236,788129,974590,519020,896811,379014,187999,15083,13694,13097,9118,2667928,1913054
01-10-2015,DII,60804,11677,35106,772971,171587.3333,4000,0,0,0,0,205,0,271497.3333,784853
01-10-2015,Pro,57816,88571,188697,118429,419584,335130.6667,525014,485328.6667,45463,40626,78152,38733,1087316.667,1334227.667
01-10-2015,Client,300713,452421,1184855,320827,660561,566088,909608.3333,1080023,174532,80014,144254,85283,2966763,2992416.333
01-10-2015,TOTAL,887718,887718,2202287,2202287,1783784.333,1756052,1783784.333,1756052,237500,136240,237500,136240,7003581.333,7003581.333
01-10-2015,FII,468385,335049,793629,990060,532052,850833.3333,349162,190700.3333,17505,15600,14889,12224,2678004.333,1892084.333
05-10-2015,FII,552082,356733,808955,977499,557673,837689,323514,226752,23977,17653,20155,14433,2798029,1919086
05-10-2015,TOTAL,936044,936044,2196835,2196835,1768054,1907187,1768055,1907187,257362,149335,257362,149335,7214817,7214818
05-10-2015,Client,279021,478756,1156444,333885,596648,691268,943817,1079563,181271,90970,153966,90053,2995622,3080040
05-10-2015,Pro,54530,88398,193082,117621,442162,374230,500724,600872,52114,40712,83058,44849,1156830,1435522
05-10-2015,DII,50411,12157,38354,767830,171571,4000,0,0,0,0,183,0,264336,780170
06-10-2015,DII,39238,11277,37225,758430,171571,2800,0,0,0,0,162,0,250834,769869
06-10-2015,TOTAL,931347,931347,2196388,2196388,1806645,1997287,1806645,1997287,277865,164340,277865,164340,7373872,7373872
06-10-2015,FII,567639,359005,816515,968215,585790,863465,331564,246960,25942,20126,22555,15905,2879477,1944204
06-10-2015,Pro,49987,88706,194923,120745,455492,352123,518381,620947,54826,41160,89602,51139,1148511,1489520
06-10-2015,Client,274483,472359,1147725,348998,593792,778899,956700,1129380,197097,103054,165546,97296,3095050,3170279
07-10-2015,DII,37850,11277,38241,760072,171594,2800,0,0,0,0,117,0,250485,771466
07-10-2015,TOTAL,972027,972027,2215268,2215268,1807902,2096253,1807902,2096253,303194,183222,303194,183222,7577866,7577866
07-10-2015,FII,621482,362887,810092,974254,590240,869185,329351,272589,28386,21882,27698,19440,2941267,1986219
07-10-2015,Pro,54983,102193,199572,127788,446601,359803,506279,656045,61095,42908,96624,59176,1164962,1548105
07-10-2015,Client,257712,495670,1167363,353154,599467,864465,972272,1167619,213713,118432,178755,104606,3221152,3272076
08-10-2015,TOTAL,968119,968119,2219366,2219366,1861822,2118136,1861822,2118136,328127,192543,328127,192543,7688113,7688113
08-10-2015,Pro,53219,98849,199577,135730,451792,362388,512279,654065,64626,45689,104856,61779,1177291,1567558
08-10-2015,FII,643751,354442,800311,983574,603666,899348,340574,296528,30784,22594,31486,20812,3000454,2027416
08-10-2015,DII,37714,11277,35950,761081,171594,2800,0,0,958,0,117,0,249016,772475
08-10-2015,Client,233435,503551,1183528,338981,634770,853600,1008969,1167543,231759,124260,191668,109952,3261352,3320664
09-10-2015,DII,37564,11277,37105,754916,171594,2800,0,0,958,0,117,0,250021,766310
09-10-2015,Client,228226,516031,1188913,338757,638672,857376,1030780,1166794,257064,140287,208836,121249,3310538,3382447
09-10-2015,TOTAL,969444,969444,2229673,2229673,1881858,2144849,1881859,2144849,362757,213836,362757,213836,7802418,7802418
09-10-2015,Pro,46995,99506,200570,138901,448691,367396,536398,664698,72500,50012,118747,69359,1186164,1627609
09-10-2015,FII,656659,342630,803085,997099,622901,917277,314681,313357,32235,23537,35057,23228,3055694,2026052
12-10-2015,DII,37400,11277,37952,751834,171594,2800,0,0,958,0,117,0,250704,763228
12-10-2015,FII,686453,337349,804041,992969,632165,904978,348916,326521,32655,22578,39903,24225,3082870,2069883
12-10-2015,Client,228737,532973,1179608,342614,742925,881525,1053592,1163915,283637,145766,218308,124679,3462198,3436081
12-10-2015,Pro,47240,118231,204031,138215,407919,387034,552096,685901,70999,52657,129921,72097,1169880,1696461
12-10-2015,TOTAL,999830,999830,2225632,2225632,1954603,2176337,1954604,2176337,388249,221001,388249,221001,7965652,7965653
13-10-2015,TOTAL,974918,974918,2233509,2233509,1912759,2191841,1912760,2191841,411067,231992,411067,231992,7956086,7956087
13-10-2015,Client,228670,526598,1188943,344504,775511,883371,995732,1184251,302593,151046,228456,129938,3530134,3409479
13-10-2015,FII,662378,331542,797819,998166,624446,918940,375698,340889,35426,24411,42426,26168,3063420,2114889
13-10-2015,DII,43214,13277,36784,750426,171594,1200,0,0,958,0,118,0,253750,763821
13-10-2015,Pro,40656,103501,209963,140413,341208,388330,541330,666701,72090,56535,140067,75886,1108782,1667898
14-10-2015,Client,230758,492525,1198178,340429,809379,922664,1005726,1188512,320841,150781,239053,132192,3632601,3398437
14-10-2015,TOTAL,942225,942225,2239464,2239464,1933772,2156870,1933772,2156870,430849,232644,430849,232644,7935824,7935824
14-10-2015,DII,46754,13277,37004,746066,171594,1200,0,0,958,0,78,0,257510,759421
14-10-2015,Pro,48085,82561,213818,141821,312244,368857,546065,627110,72429,57102,146185,74863,1072535,1618605
14-10-2015,FII,616628,353862,790464,1011148,640555,864149,381981,341248,36621,24761,45533,25589,2973178,2159361
15-10-2015,TOTAL,966862,966862,2244157,2244157,1923526,2148705,1923526,2148705,431853,246886,431853,246886,7961989,7961989
15-10-2015,DII,51571,13277,36797,742690,171594,1200,0,0,958,0,90,0,262120,756057
15-10-2015,Pro,57061,74818,217096,144516,316541,372911,538191,624620,75707,56859,147183,82961,1096175,1612289
15-10-2015,FII,624794,368310,788471,1014702,675336,841791,374967,335959,35358,25505,44420,26795,2991255,2165153
15-10-2015,Client,233436,510457,1201793,342249,760055,932803,1010368,1188126,319830,164522,240160,137130,3612439,3428490
16-10-2015,FII,597273,393562,782638,1022188,714114,855343,404150,359378,34010,25058,43416,27259,3008436,2249953
16-10-2015,Client,238585,505415,1211244,345311,710090,984271,998057,1199677,318686,176055,241167,141028,3638931,3430655
16-10-2015,DII,55431,11877,37167,740676,171594,0,0,0,958,0,90,0,265150,752643
16-10-2015,TOTAL,985378,985378,2254515,2254515,1954036,2212148,1954037,2212148,432454,257816,432454,257816,8096347,8096348
16-10-2015,Pro,94089,74524,223466,146340,358238,372534,551830,653093,78800,56703,147781,89529,1183830,1663097
19-10-2015,Client,269193,472245,1194361,361851,711377,1050095,1028431,1208850,327889,179444,246089,141532,3732359,3458998
19-10-2015,TOTAL,976808,976808,2248753,2248753,1989626,2263010,1989626,2263010,442037,260649,442037,260649,8180883,8180883
19-10-2015,DII,50023,13877,37133,731601,171594,0,0,0,958,0,90,0,259708,745568
19-10-2015,Pro,71318,82893,230638,140430,368833,344119,547344,690041,78592,56506,152600,92554,1150006,1705862
19-10-2015,FII,586274,407793,786621,1014871,737822,868796,413851,364119,34598,24699,43258,26563,3038810,2270455
20-10-2015,Pro,65698,82819,234863,140415,368899,330698,554329,687863,78451,58720,154628,94347,1137329,1714401
20-10-2015,TOTAL,970508,970508,2227673,2227673,2011053,2292169,2011054,2292169,445194,263833,445194,263833,8210430,8210431
20-10-2015,Client,274958,454736,1163320,370097,738805,1088731,1035044,1242640,331190,180700,246504,142723,3777704,3491744
20-10-2015,FII,583669,417596,792721,999103,731755,872740,421681,361666,34595,24413,43972,26763,3039893,2270781
20-10-2015,DII,46183,15357,36769,718058,171594,0,0,0,958,0,90,0,255504,733505
21-10-2015,DII,45645,15357,36025,710878,171594,0,0,0,958,0,90,0,254222,726325
21-10-2015,TOTAL,954254,954254,2206587,2206587,2012519,2315794,2012519,2315794,446734,268181,446734,268181,8204069,8204069
21-10-2015,FII,584150,416100,790293,992265,721154,894609,420866,442095,34188,23495,44446,27729,3047889,2343501
21-10-2015,Pro,67079,78945,237921,144142,361864,323671,552289,655585,78104,60858,156046,96084,1129497,1683091
21-10-2015,Client,257380,443852,1142348,359302,757907,1097514,1039364,1218114,333484,183828,246152,144368,3772461,3451152
23-10-2015,FII,620389,390034,766363,960143,702622,881394,412579,439344,32336,20921,45443,29328,3024025,2276871
23-10-2015,DII,45149,15357,36475,700331,171594,0,0,0,958,0,38,0,254176,715726
23-10-2015,Pro,67581,82572,238202,152955,342742,317503,509166,691398,78283,60428,156205,97542,1104739,1689838
23-10-2015,TOTAL,948420,948420,2148010,2148010,1992534,2345298,1992535,2345298,442353,269047,442353,269047,8145662,8145663
23-10-2015,Client,215301,460457,1106970,334581,775576,1146401,1070790,1214556,330776,187698,240667,142177,3762722,3463228
26-10-2015,TOTAL,903712,903712,2030336,2030336,1983811,2384293,1983811,2384293,448851,271018,448851,271018,8022021,8022021
26-10-2015,DII,44278,14557,34362,663553,171594,0,0,0,958,0,40,0,251192,678150
26-10-2015,Client,183936,470570,1039062,317443,840614,1156582,1027926,1215412,336421,190229,240029,141813,3746844,3413193
26-10-2015,Pro,62608,82206,230738,165192,314956,357121,559881,721681,79552,61004,160536,98439,1105979,1787935
26-10-2015,FII,612890,336379,726174,884148,656647,870590,396004,447200,31920,19785,48246,30766,2918006,2142743
27-10-2015,TOTAL,872057,872057,1906635,1906635,1857030,2294128,1857030,2294128,450144,276111,450144,276111,7656105,7656105
27-10-2015,Client,177072,482670,1004865,298576,830567,1103747,977541,1178264,334110,191318,237730,143079,3641679,3317860
27-10-2015,FII,583705,311959,660476,818202,579288,843271,366152,441346,34483,23559,50659,32805,2724782,2021123
27-10-2015,Pro,58244,66871,212447,172745,275654,347110,513337,674518,80593,61234,161715,100227,1035282,1689413
27-10-2015,DII,53036,10557,28847,617112,171521,0,0,0,958,0,40,0,254362,627709
28-10-2015,DII,37135,9334,25765,522455,171520,1332,0,0,958,0,62,0,236710,531851
28-10-2015,Pro,66011,52850,179168,155605,249004,359211,612544,665378,79975,64663,163678,96829,998032,1746884
28-10-2015,TOTAL,752596,752596,1684867,1684867,1908991,2194902,1908991,2194902,450302,266887,450302,266887,7258545,7258545
28-10-2015,Client,190936,388705,930152,263464,953329,968693,942151,1104822,335205,179111,233565,136099,3557426,3068806
28-10-2015,FII,458514,301707,549782,743343,535138,865666,354296,424702,34164,23113,52997,33959,2466377,1911004
29-10-2015,Pro,27601,30997,89303,52612,110138,123236,160321,145388,13498,15371,24399,10804,379147,424521
29-10-2015,FII,194257,92142,374439,508887,162706,293523,207182,63484,195,150,176,623,1025270,872494
29-10-2015,DII,17451,5026,14233,400247,173520,1972,0,0,0,0,14,0,207176,405287
29-10-2015,TOTAL,354149,354149,1120307,1120307,672824,583012,672824,583012,69601,40225,69601,40225,2840118,2840118
29-10-2015,Client,114840,225984,642332,158561,226460,164281,305321,374140,55908,24704,45012,28798,1228525,1137816
30-10-2015,TOTAL,365066,365066,1151650,1151650,780520,662522,780521,662522,110489,62544,110489,62544,3132791,3132792
30-10-2015,Client,118819,227539,665994,164920,277652,179249,357140,415810,83699,36355,66875,40390,1361768,1272674
30-10-2015,DII,24666,5319,14797,418683,174825,2802,0,0,0,0,14,0,217090,424016
30-10-2015,FII,196642,88596,378624,515026,193061,348831,245659,71975,9345,6992,7209,5276,1133495,933741
30-10-2015,Pro,24939,43612,92235,53021,134982,131640,177722,174737,17445,19197,36391,16878,420438,502361
02-11-2015,Client,123512,227761,674746,170647,312697,183607,371741,449365,100316,43218,80389,47218,1438096,1347121
02-11-2015,TOTAL,370441,370441,1172695,1172695,832916,723476,832916,723476,133743,74105,133743,74105,3307376,3307376
02-11-2015,DII,29448,4723,16026,418725,175134,2802,0,0,0,0,16,0,223410,423464
02-11-2015,Pro,24899,48672,96768,56263,144003,135834,203697,192515,20814,21871,43653,20163,444189,564963
02-11-2015,FII,192582,89285,385155,527060,201082,401233,257478,81596,12613,9016,9685,6724,1201681,971828
03-11-2015,TOTAL,374527,374527,1183987,1183987,860856.6667,764844.3333,860856.6667,764844.3333,149959,83172,149959,83172,3417346,3417346
03-11-2015,FII,195972,85778,389589,529314,212852.6667,416944,271391.6667,89533,14459,10022,11657,7568,1239838.667,995241.6667
03-11-2015,Client,125929,229621,682447,178039,323416,198967.6667,384950.3333,464915.6667,112089,49774,89895,52829,1492622.667,1400250
03-11-2015,Pro,23343,53704,95188,59727,149758.6667,146127.6667,204514.6667,210395.6667,23411,23376,48384,22775,461204.3333,599500.3333
03-11-2015,DII,29283,5424,16763,416907,174829.3333,2805,0,0,0,0,23,0,223680.3333,422354
04-11-2015,DII,25551,5424,16655,414057,174829.3333,2807,0,0,0,0,23,0,219842.3333,419504
04-11-2015,FII,193744,88800,393935,534762,219437,420811,274622,100155,16456,11169,12338,8478,1255552,1019155
04-11-2015,Pro,25579,46299,95297,63045,146842.3333,149556.6667,219343.3333,209396.6667,24697,24571,53956,24908,466543,616948
04-11-2015,TOTAL,376127,376127,1194993,1194993,893016.6667,788334.6667,893016.6667,788334.6667,163782,90689,163782,90689,3506942.333,3506942.333
04-11-2015,Client,131253,235604,689106,183129,351908,215160,399051.3333,478783,122629,54949,97465,57303,1565005,1451335.333
05-11-2015,Client,142077,242486,708337,180245,425887,237055,407453,506221,138072,57781,106487,60729,1709209,1503621
05-11-2015,Pro,33137,42406,98080,68409,154773,157004,254510,215832,25995,26946,61488,26016,495935,668661
05-11-2015,TOTAL,388049,388049,1207603,1207603,973135,825450,973136,825450,182055,96531,182055,96531,3672823,3672824
05-11-2015,DII,24937,4891,17487,413705,174829,3338,0,0,0,0,25,0,220591,418621
05-11-2015,FII,187898,98266,383699,545244,217646,428053,311173,103397,17988,11804,14055,9786,1247088,1081921
06-11-2015,TOTAL,386378,386378,1211590,1211590,1049820,865037,1049820,865037,199023,104345,199023,104345,3816193,3816193
06-11-2015,Client,141755,242813,711065,176320,468016,253096,431978,528569,149868,63245,113968,64001,1787045,1557649
06-11-2015,Pro,39845,41570,101486,67909,163336,168154,280458,228300,29298,29100,69492,29196,531219,716925
06-11-2015,FII,176634,97264,381093,551493,223090,440449,337384,108168,19857,12000,15538,11148,1253123,1120995
06-11-2015,DII,28144,4731,17946,415868,195378,3338,0,0,0,0,25,0,244806,420624
09-11-2015,DII,29509,5006,20330,415832,195378,4005,0,0,0,0,25,0,249222,420863
09-11-2015,Client,143022,215652,707177,176000,502750,242734,411584,509681,168570,66278,123345,69269,1830531,1505531
09-11-2015,FII,171292,117671,388034,564012,223906,445283,372617,113153,20325,12885,18383,11437,1261725,1197273
09-11-2015,TOTAL,379588,379588,1225229,1225229,1082814,838073,1082814,838073,220192,111923,220192,111923,3857819,3857819
09-11-2015,Pro,35765,41259,109688,69385,160780,146051,298613,215239,31297,32760,78439,31217,516341,734152
10-11-2015,FII,159027,123867,390859,571963,237639,473778,377306,109908,21692,12734,21873,12183,1295729,1217100
10-11-2015,DII,30147,5124,21830,416678,196711,4005,0,0,0,0,25,0,252693,421827
10-11-2015,Pro,36353,45385,114831,72519,165643,146398,359865,215026,32150,35412,87948,32024,530787,812767
10-11-2015,TOTAL,381401,381401,1239406,1239406,1172458,856848,1172458,856848,241387,115774,241387,115774,4007274,4007274
10-11-2015,Client,155874,207025,711886,178246,572465,232667,435287,531914,187545,67628,131541,71567,1928065,1555580
11-11-2015,Pro,34527,46701,116699,70231,174415,147854,372788,219093,32719,35589,89022,33459,541803,831294
11-11-2015,DII,30147,5124,21830,416678,196711,4005,0,0,0,0,25,0,252693,421827
11-11-2015,FII,158816,123952,391045,570726,237639,473778,377306,109908,21713,12734,21873,12183,1295725,1215948
11-11-2015,TOTAL,378990,378990,1240459,1240459,1193880,868014,1193880,868014,243257,117996,243257,117996,4042596,4042596
11-11-2015,Client,155500,203213,710885,182824,585115,242377,443786,539013,188825,69673,132337,72354,1952375,1573527
13-11-2015,FII,148726,135853,386542,572775,248399,491860,390130,107724,24528,13874,23436,12744,1313928,1242661
13-11-2015,Pro,35840,42980,122843,73616,167195,148738,377004,228338,32830,35668,96362,34825,543114,853125
13-11-2015,Client,160998,194991,714655,183666,601817,234116,446988,541995,200248,73142,137783,75115,1984976,1580538
13-11-2015,TOTAL,378948,378948,1245350,1245350,1214122,878056,1214122,878056,257606,122684,257606,122684,4096766,4096766
13-11-2015,DII,33384,5124,21310,415293,196711,3343,0,0,0,0,25,0,254748,420442
16-11-2015,TOTAL,375050,375050,1260911,1260911,1241818,899097,1241818,899097,261952,125727,261952,125727,4164555,4164555
16-11-2015,FII,143431,141493,386827,580559,257716,518025,400706,105880,24444,14064,24514,13262,1344507,1266414
16-11-2015,DII,36681,5124,22981,417338,197286,3341,0,0,0,0,30,0,260289,422492
16-11-2015,Pro,34590,38672,127378,78502,179895,137692,371539,240449,35104,35471,97926,36490,550130,863578
16-11-2015,Client,160348,189761,723725,184512,606921,240039,469573,552768,202404,76192,139482,75975,2009629,1612071
17-11-2015,DII,36537,5124,23288,416165,198286,2340,0,0,0,0,30,0,260451,421319
17-11-2015,TOTAL,373945,373945,1269404,1269404,1255240,918936,1255240,918936,270610,131113,270610,131113,4219248,4219248
17-11-2015,FII,141375,141498,390836,588366,271745,517094,390866,113742,25335,15065,26695,14430,1361450,1275597
17-11-2015,Pro,35912,36841,129646,79501,183874,138560,376566,235351,35979,35704,99120,38011,559675,865390
17-11-2015,Client,160121,190482,725634,185372,601335,260942,487808,569843,209296,80344,144765,78672,2037672,1656942
18-11-2015,Pro,36524,40624,136450,87235,188192,162428,404944,254568,35645,37226,105851,36245,596465,929467
18-11-2015,DII,37969,5124,23404,416081,199286,3343,0,0,0,0,40,0,264002,421245
18-11-2015,Client,169420,200923,730053,194478,667419,254458,513250,586749,223725,79289,150697,80163,2124364,1726260
18-11-2015,FII,149167,146409,395044,587157,262182,534415,398885,113327,25942,14773,28724,14880,1381523,1289382
18-11-2015,TOTAL,393080,393080,1284951,1284951,1317079,954644,1317079,954644,285312,131288,285312,131288,4366354,4366354
19-11-2015,DII,37392,5150,23822,417241,199286,2240,0,0,0,0,40,0,262740,422431
19-11-2015,Client,155422,193770,725986,194882,591528,306356,514779,611525,216913,88074,150492,83040,2084279,1748488
19-11-2015,FII,148890,145474,404252,589071,278737,529522,363493,119185,24808,14371,27653,15413,1400580,1260289
19-11-2015,Pro,34615,31925,143821,96687,195927,175949,387206,283357,37863,37255,101399,41247,625430,941821
19-11-2015,TOTAL,376319,376319,1297881,1297881,1265478,1014067,1265478,1014067,279584,139700,279584,139700,4373029,4373029
20-11-2015,Client,151492,193627,729433,199106,584344,313764,537167,616930,213254,92941,148511,84887,2085228,1780228
20-11-2015,TOTAL,380890,380890,1318266,1318266,1259546,1008901,1259546,1008901,275497,144981,275497,144981,4388081,4388081
20-11-2015,DII,34680,5268,24829,419789,199286,2240,0,0,0,0,40,0,261035,425097
20-11-2015,Pro,35458,31043,150718,103108,191446,171234,369489,276274,40065,37512,99198,44042,626433,923154
20-11-2015,FII,159260,150952,413286,596263,284470,521663,352890,115697,22178,14528,27748,16052,1415385,1259602
23-11-2015,Client,150840,195729,736054,207958,620823,327371,556732,626727,214508,97202,148517,86180,2146798,1821843
23-11-2015,DII,34701,5268,25386,419502,200485,2240,0,0,0,0,42,0,262812,424812
23-11-2015,FII,198162,183187,436894,614610,288118,513580,370793,104423,21569,14617,28139,17089,1472940,1318241
23-11-2015,Pro,35440,34959,155949,112213,197808,176690,379709,288731,41368,37768,100747,46318,645023,962677
23-11-2015,TOTAL,419143,419143,1354283,1354283,1307234,1019881,1307234,1019881,277445,149587,277445,149587,4527573,4527573
24-11-2015,Client,156151,194699,740769,214116,617377,333611,544695,619250,209579,94840,145648,86022,2152327,1804430
24-11-2015,DII,34854,5668,26487,423418,201573,1726,0,0,0,0,36,0,264640,429122
24-11-2015,TOTAL,439937,439937,1367906,1367906,1307050,1026702,1307050,1026701,273477,148131,273477,148131,4563203,4563202
24-11-2015,FII,215370,202820,456348,626533,292939,508781,371867,101814,20487,13691,26934,15276,1507616,1345244
24-11-2015,Pro,33562,36750,144302,103839,195161,182584,390488,305637,43411,39600,100859,46833,638620,984406
26-11-2015,Client,128817,173509,675996,158237,220865,151330,316500,412055,42884,19697,38889,26763,1239589,1125953
26-11-2015,FII,128084,124216,380670,533388,178214,319800,218059,48720,302,216,53,701,1007286,925137
26-11-2015,TOTAL,322432,322432,1171540,1171540,709656,597940,709656,597940,58627,36434,58627,36434,2896628,2896628
26-11-2015,Pro,32543,19157,95235,53780,131218,125084,175096,137165,15441,16521,19685,8970,416042,413853
26-11-2015,DII,32988,5550,19639,426135,179358,1726,0,0,0,0,0,0,233711,431685
27-11-2015,DII,32917,5550,20929,432164,179135,937,0,0,0,0,0,0,233918,437714
27-11-2015,FII,132142,122775,389516,533988,198277,387444,230436,73579,6601,5623,5504,4084,1119603,970366
27-11-2015,Pro,31255,23238,98744,56232,145218,141317,182969,179021,19710,19275,25324,11732,455519,478516
27-11-2015,TOTAL,329987,329987,1188919,1188919,773563,710598,773563,710598,89116,52625,89116,52625,3144809,3144809
27-11-2015,Client,133673,178424,679730,166535,250933,180900,360158,457998,62805,27727,58288,36809,1335768,1258212
30-11-2015,Pro,27667,24162,99734,65431,150059,144382,191580,189240,21291,21492,31125,14046,464624,515583
30-11-2015,DII,32950,5456,21743,440893,179146,937,0,0,0,0,8,0,234776,446357
30-11-2015,FII,139687,117866,400483,549351,207057,400604,239727,75696,9478,7159,7307,4757,1164468,994704
30-11-2015,Client,134801,187621,708286,174571,267711,195526,372666,476513,76691,32779,69020,42627,1415794,1323018
30-11-2015,TOTAL,335105,335105,1230246,1230246,803973,741449,803973,741449,107460,61430,107460,61430,3279662,3279662
01-12-2015,FII,145623,128428,409040,562338,238837,414272,264367,73187,10860,8503,9124,5329,1227135,1042773
01-12-2015,DII,31800,5456,22164,441266,177840,937,0,0,0,0,65,0,232741,446787
01-12-2015,TOTAL,342449,342449,1250901,1250901,860643,765235,860643,765235,124631,69071,124631,69071,3412930,3412930
01-12-2015,Pro,30555,23321,104192,66865,163194,146430,205657,201739,23594,22011,35503,15736,489976,548821
01-12-2015,Client,134471,185244,715505,180432,280772,203596,390619,490309,90177,38557,79939,48006,1463078,1374549
02-12-2015,Client,134790,177814,719551,182999,299907,203509,408377,504801,100162,43074,87949,52600,1500993,1414540
02-12-2015,Pro,30082,21673,105792,69366,169361,146577,224495,196392,24556,23200,38807,17499,499568,568232
02-12-2015,TOTAL,337195,337195,1260667,1260667,900975,775539,900975,775539,137304,75779,137304,75779,3487459,3487459
02-12-2015,FII,141011,133068,413097,571140,253276,424183,268102,74346,12586,9505,10483,5680,1253658,1062819
02-12-2015,DII,31312,4640,22227,437162,178430,1270,0,0,0,0,65,0,233239,441867
03-12-2015,Client,142980,175644,722893,187216,328032,196899,424138,521994,110654,46050,95280,56267,1547508,1460539
03-12-2015,DII,31209,5299,22074,435267,178630,1270,0,0,0,0,65,0,233183,440631
03-12-2015,FII,135417,136098,412572,574537,278094,442811,296829,74215,13888,10087,11771,6148,1292869,1099598
03-12-2015,Pro,31655,24220,108765,69284,199095,158649,262884,203420,24688,24855,42114,18577,547707,620499
03-12-2015,TOTAL,341261,341261,1266304,1266304,983851,799629,983851,799629,149230,80992,149230,80992,3621267,3621267
04-12-2015,Pro,32632,27911,111639,73017,186096,159887,264176,204961,24680,26996,48037,19697,541930,637799
04-12-2015,DII,32953,5515,22877,436425,182562,2169,0,0,40,0,65,0,240601,442005
04-12-2015,TOTAL,350309,350309,1284565,1284565,1005200,818393,1005201,818393,162599,86529,162599,86529,3707595,3707596
04-12-2015,FII,124908,142137,413128,581099,275013,462313,305088,75375,15812,10904,13407,6481,1302078,1123587
04-12-2015,Client,159816,174746,736921,194024,361529,194024,435937,538057,122067,48629,101090,60351,1622986,1504205
07-12-2015,Client,157871,177539,738353,192303,394593,200832,451673,542186,132216,53246,107341,62701,1677111,1533743
07-12-2015,DII,34348,5490,23066,437467,184295,2169,0,0,40,0,65,0,243918,443022
07-12-2015,FII,121664,138092,409188,578303,279314,462012,318291,77222,16465,11720,14469,7219,1300363,1133596
07-12-2015,Pro,33889,26651,113455,75989,183388,161766,271626,207371,25287,27234,52133,22280,545019,656050
07-12-2015,TOTAL,347772,347772,1284062,1284062,1041590,826779,1041590,826779,174008,92200,174008,92200,3766411,3766411
08-12-2015,FII,118031,137549,410391,584641,280055,474715,325336,79662,17757,11629,15833,8506,1312578,1151527
08-12-2015,Pro,30463,30741,116304,76760,156844,167235,274470,221924,24585,28500,56501,22630,523931,683026
08-12-2015,DII,34552,5490,23239,436421,183825,2839,0,0,40,0,65,0,244495,441976
08-12-2015,TOTAL,348511,348511,1291374,1291374,1059098,850914,1059098,850914,186135,96333,186135,96333,3832365,3832365
08-12-2015,Client,165465,174731,741440,193552,438374,206125,459292,549328,143753,56204,113736,65197,1751361,1555836
09-12-2015,DII,34594,5490,24676,434930,183845,2841,0,0,40,0,57,0,245996,440477
09-12-2015,Client,175264,174889,735620,196052,489240,210678,468015,572671.3333,155700,58638,119068,67606,1825140,1598301
09-12-2015,TOTAL,360428,360428,1295488,1295488,1124962,903411,1124962,903411,199306,100363,199306,100363,3983958,3983958
09-12-2015,FII,122282,143393,414650,587183,281226,517481,358390,85974,18315,11368,16615,9292,1365322,1200847
09-12-2015,Pro,28288,36656,120542,77323,170651,172411,298557,244765.6667,25251,30357,63566,23465,547500,744333
10-12-2015,DII,34695,5425,24776,434628,183845,2847,0,0,40,0,57,0,246203,440110
10-12-2015,Client,172654,174898,738081,194802,483917,221627,458469,578396,161370,62447,123149,69905,1840096,1599619
10-12-2015,Pro,27590,31423,122636,78580,166292,168310,300063,248824,26073,30731,65934,25021,541632,749845
10-12-2015,TOTAL,358293,358293,1302980,1302980,1128793,916822,1128793,916822,206668,105348,206668,105348,4018904,4018904
10-12-2015,FII,123354,146547,417487,594970,294739,524038,370261,89602,19185,12170,17528,10422,1390973,1229330
11-12-2015,Client,192030,177897,744232,210847,527277,211100,474440,585818,172932,64203,129251,70659,1911774,1648912
11-12-2015,FII,115165,154338,422230,594773,301119,531496,378733,91350,21525,12140,19845,11462,1403675,1250501
11-12-2015,Pro,29676,34661,124689,79691,166470,168141,325538,236410,25467,31403,70811,25625,545846,772736
11-12-2015,DII,35450,5425,23996,429836,183845,2841,0,0,40,0,57,0,246172,435318
11-12-2015,TOTAL,372321,372321,1315147,1315147,1178711,913578,1178711,913578,219964,107746,219964,107746,4107467,4107467
14-12-2015,DII,35849,5250,24484,428841,183845,2409,0,0,40,0,57,0,246627,434148
14-12-2015,Client,187407,178147,737833,211005,532999,236776,484096,622767,176515,69771,132489,74058,1941301,1702562
14-12-2015,FII,123623,160050,425908,595695,305528,567505,389034,97785,22416,14115,21774,12846,1459095,1277184
14-12-2015,TOTAL,376760,376760,1315937,1315937,1200687,984055,1200687,984055,227244,114702,227244,114702,4219385,4219385
14-12-2015,Pro,29881,33313,127712,80396,178315,177365,327557,263503,28273,30816,72924,27798,572362,805491
15-12-2015,FII,116667,161335,432001,601574,297225,568858,396144,105417,22762,14859,22313,13593,1452372,1300376
15-12-2015,Pro,31402,35871,132317,80598,182575,181756,319321,279616,28861,30730,73876,30170,587641,819452
15-12-2015,DII,38941,5017,25105,425149,183865,840,0,0,40,0,57,0,248791,430223
15-12-2015,Client,195511,180298,740428,222530,539138,267014,487338,633435,179554,75422,134971,77248,1997067,1735820
15-12-2015,TOTAL,382521,382521,1329851,1329851,1202803,1018468,1202803,1018468,231217,121011,231217,121011,4285871,4285871
16-12-2015,TOTAL,369766,369766,1321360,1321360,1250688,1050334,1250688,1050334,232548,127715,232548,127715,4352411,4352411
16-12-2015,Pro,32433,32352,133608,81657,198972,179645,337053,289535,30707,30331,72822,32777,605696,846196
16-12-2015,Client,185161,177166,722813,223467,534932,316419,516347,649203,179220,82655,136484,79583,2021200,1782250
16-12-2015,FII,112506,155291,439485,597676,332143,552897,397288,111596,22581,14729,23185,15355,1474341,1300391
16-12-2015,DII,39666,4957,25454,418560,184641,1373,0,0,40,0,57,0,251174,423574
17-12-2015,Client,191932,185143,732077,235859,517032,317665,516364,628214,184059,90080,140797,82398,2032845,1788775
17-12-2015,FII,99109,151601,444303,602837,331308,525010,367531,105328,22288,15855,24133,16735,1437873,1268165
17-12-2015,TOTAL,365667,365667,1345564,1345564,1222140,1015867,1222140,1015867,238239,136351,238239,136351,4323828,4323828
17-12-2015,Pro,35069,24699,142353,91230,190638,172352,338245,282325,31852,30416,73252,37218,602680,846969
17-12-2015,DII,39557,4224,26831,415638,183162,840,0,0,40,0,57,0,250430,419919
18-12-2015,Pro,35609,22774,142434,94994,187580,161474,371182,260564,31888,30771,78159,38390,589756,866063
18-12-2015,DII,38154,4469,28016,417637,183162,840,0,0,40,0,57,0,250212,422163
18-12-2015,FII,105320,151202,441357,619992,309253,517909,343345,99863,22812,17338,26218,17118,1413989,1257738
18-12-2015,Client,175170,175808,740572,219756,570324,307144,535793,626940,196773,91020,147079,83621,2081003,1788997
18-12-2015,TOTAL,354253,354253,1352379,1352379,1250319,987367,1250320,987367,251513,139129,251513,139129,4334960,4334961
21-12-2015,DII,37830,4224,28349,414256,183162,0,0,0,40,0,57,0,249381,418537
21-12-2015,Client,175019,175908,740185,218807,568290,332055,552294,639951,199049,97576,151459,86399,2112174,1824818
21-12-2015,FII,103629,148996,440100,626491,314100,530674,346620,100563,23724,17419,26656,18268,1429646,1267594
21-12-2015,TOTAL,351683,351683,1356983,1356983,1253802,1032042,1253802,1032042,257196,146729,257196,146729,4398435,4398435
21-12-2015,Pro,35205,22555,148349,97429,188250,169313,354888,291528,34383,31734,79024,42062,607234,887486
22-12-2015,Pro,31192,22528,154989,102578,191653,174508,374546,297662,33636,33257,81192,43250,619235,921756
22-12-2015,Client,180715,175160,743350,228547,595772,325260,573447,633970,204360,97699,152405,87833,2147156,1851362
22-12-2015,TOTAL,352296,352296,1369891,1369891,1274155,1030106,1274155,1030106,261012,149972,261012,149972,4437432,4437432
22-12-2015,DII,38670,4604,28024,409914,183162,0,0,0,40,0,57,0,249896,414575
22-12-2015,FII,101719,150004,443528,628852,303568,530338,326162,98474,22976,19016,27358,18889,1421145,1249739
23-12-2015,TOTAL,351164,351164,1388322,1388322,1270978,1067262,1270978,1067262,260337,156611,260337,156611,4494674,4494674
23-12-2015,DII,40658,5660,28233,408607,183162,0,0,0,40,0,57,0,252093,414324
23-12-2015,Client,172859,179725,739216,234308,574031,362482,588436,650900,201718,104145,153943,90721,2154451,1898033
23-12-2015,Pro,33586,22854,167384,112620,202565,178682,352470,315833,36281,33844,80185,46197,652342,930159
23-12-2015,FII,104061,142925,453489,632787,311220,526098,330072,100529,22298,18622,26152,19693,1435788,1252158
24-12-2015,Client,169034,180438,745322,241310,578064,374727,595857,657559,203223,106581,154686,91842,2176951,1921692
24-12-2015,Pro,32255,21639,171831,117898,201518,171872,348630,309092,38031,34521,81799,47626,650028,926684
24-12-2015,FII,110190,142979,454027,631254,311478,523453,329735,103401,21891,18747,26603,20381,1439786,1254353
24-12-2015,DII,38095,4518,28325,409043,183162,0,0,0,40,0,97,0,249622,413658
24-12-2015,TOTAL,349574,349574,1399505,1399505,1274222,1070052,1274222,1070052,263185,159849,263185,159849,4516387,4516387
28-12-2015,DII,38098,4518,28873,402679,182912,0,0,0,40,0,97,0,249923,407294
28-12-2015,TOTAL,374040,374040,1439809,1439809,1280926,1120282,1280927,1120282,263423,161271,263423,161271,4639751,4639752
28-12-2015,FII,113217,147115,476760,641535,327162,520793,323713,102609,21412,18842,27086,21475,1478186,1263533
28-12-2015,Pro,31813,23521,181860,126495,208232,173898,344132,339647,38657,34620,81930,48249,669080,963974
28-12-2015,Client,190912,198886,752316,269100,562620,425591,613082,678026,203314,107809,154310,91547,2242562,2004951
29-12-2015,Client,193927,214480,763304,275051,556567,450248,609792,686912,202372,111173,154593,92571,2277591,2033399
29-12-2015,TOTAL,411589,411589,1449270,1449270,1264063,1139889,1264064,1139889,262644,164170,262644,164170,4691625,4691626
29-12-2015,DII,37902,4518,28889,406142,181340,0,0,0,40,0,97,0,248171,410757
29-12-2015,Pro,33435,25213,174055,119883,194518,176002,330497,345056,39122,34480,80905,49567,651612,951121
29-12-2015,FII,146325,167378,483022,648194,331638,513639,323775,107921,21110,18517,27049,22032,1514251,1296349
30-12-2015,TOTAL,418567,418567,1433388,1433388,1303982,1138778,1303983,1138778,264856,163218,264856,163218,4722789,4722790
30-12-2015,Pro,36306,23869,150241,98125,183990,184331,366124,349681,39403,35931,83018,49184,630202,970001
30-12-2015,FII,163866,179364,494189,663939,342015,513785,325840,122657,20166,18063,27365,21903,1552084,1341068
30-12-2015,DII,35321,4521,28569,409172,179899,0,0,0,40,0,97,0,243829,413790
30-12-2015,Client,183074,210813,760389,262152,598078,440662,612019,666440,205247,109224,154376,92131,2296674,1997931
31-12-2015,Client,135055,181696,687477,180992,245955,191641,319647.3333,360894,53858,22809,44107,29064,1336795,1116400.333
31-12-2015,FII,124190,120013,395248,580492,137473,210179,192571,46380.66667,257,839,937,202,868186,940595.6667
31-12-2015,TOTAL,320341,320341,1204470,1204470,666610,523583.3333,666610,523583.3333,67861,38932,67861,38932,2821797.333,2821797.333
31-12-2015,Pro,31235,14107,105193,45410,120651,121763.3333,154391.6667,116308.6667,13746,15284,22817,9666,407872.3333,362700.3333
31-12-2015,DII,29861,4525,16552,397576,162531,0,0,0,0,0,0,0,208944,402101
01-01-2016,Client,140404,187689,702794,192369,269299,224663,356807,401486,71362,31073,59234,37271,1439595,1234856
01-01-2016,DII,29789,4528,16180,397837,162531,0,0,0,0,0,0,0,208500,402365
01-01-2016,FII,126362,123505,394862,583966,143890,224176,201242,47926,3249,3876,3740,1982,896415,962361
01-01-2016,Pro,33177,14010,109801,49465,167132,133783,184802,133210,18429,17416,30066,13112,479738,424665
01-01-2016,TOTAL,329732,329732,1223637,1223637,742852,582622,742851,582622,93040,52365,93040,52365,3024248,3024247
04-01-2016,TOTAL,353119,353119,1245210,1245210,836194,729019,836194,729019,126283,68859,126283,68859,3358684,3358684
04-01-2016,Pro,29426,19009,109441,54454,169492,158606,209718,178434,21471,22565,41021,15891,511001,518527
04-01-2016,Client,160340,196224,722796,202522,343333,239419,389099,491535,94951,38412,74700,47568,1599251,1401648
04-01-2016,DII,29804,6540,16198,397026,162501,267,0,0,0,0,0,0,208770,403566
04-01-2016,FII,133549,131346,396775,591208,160868,330727,237377,59050,9861,7882,10562,5400,1039662,1034943
05-01-2016,DII,29980,5556,16249,398091,162492,267,0,0,0,0,0,0,208988,403647
05-01-2016,FII,139960,137237,402524,600321,165884,381167,261396,67750,10729,9633,11886,6657,1109897,1085247
05-01-2016,Pro,28250,25595,115879,58403,195379,162659,235795,185562,25533,24823,45750,19667,552523,570772
05-01-2016,TOTAL,366748,366748,1268020,1268020,918845,791130,918844,791130,142573,81224,142573,81224,3568540,3568539
05-01-2016,Client,168558,198360,733368,211205,395090,247037,421653,537818,106311,46768,84937,54900,1697132,1508873
06-01-2016,TOTAL,373339,373339,1287744,1287744,962790,827618,962790,827619,161145,87526,161145,87526,2872544,3700163
06-01-2016,DII,29980,5565,17687,396379,162492,1067,0,0,0,0,0,0,210159,401944
06-01-2016,Pro,27280,28070,118203,60510,201260,163719,240028,195591,26767,27401,52695,20334,400911,597228
06-01-2016,FII,131249,138057,408996,607508,185228,395477,284018,71766,13834,10944,14251,7353,750251,1122953
06-01-2016,Client,184830,201647,742858,223347,413810,267355,438744,560262,120544,49181,94199,59839,1511223,1578038
07-01-2016,Pro,30623,32585,122197,64439,194030,166422,277650,216966,26804,31734,66908,21495,571810,680043
07-01-2016,TOTAL,389417,389417,1293670,1293670,1045118,894083,1045117,894084,188590,93272,188590,93272,3904150,3904150
07-01-2016,DII,30108,5570,18052,394390,162492,1873,0,0,0,0,0,0,212525,399960
07-01-2016,Client,206133,194721,739760,220458,477700,256446,463346,597529,145188,51059,104365,63356,1876286,1643775
07-01-2016,FII,122553,156541,413661,614383,210896,469342,304121,79589,16598,10479,17317,8421,1243529,1180372
08-01-2016,FII,116975,157240,415497,625027,227852,486750,331913,82787,18342,11496,18479,9363,1276912,1224809
08-01-2016,DII,30108,5565,18134,396213,162492,1870,0,0,0,0,0,0,212604,401778
08-01-2016,TOTAL,388832,388832,1313959,1313959,1105867,914828,1105866,914828,201674,99657,201674,99657,4024817,4024816
08-01-2016,Pro,28930,34959,126981,66607,202579,158347,290781,216770,28009,32415,71154,23808,577261,704079
08-01-2016,Client,212819,191068,753347,226112,512944,267861,483172,615271,155323,55746,112041,66486,1958040,1694150
11-01-2016,Pro,32262,34013,133708,72984,212583,165909,321458,233404,29788,33916,75912,27152,608166,764923
11-01-2016,FII,116161,162065,416268,637921,249063,517441,349045,87533,19055,12580,20469,9583,1330568,1266616
11-01-2016,TOTAL,399575,399575,1338337,1338337,1177670,963095,1177670,963095,214681,107493,214681,107493,4200851,4200851
11-01-2016,Client,220406,198069,769860,230504,550280,277379,507167,642158,165838,60997,118300,70758,2044760,1766956
11-01-2016,DII,30746,5428,18501,396928,165744,2366,0,0,0,0,0,0,217357,402356
12-01-2016,FII,117646,167758,417974,648751,251727,539903,369467,90497,20403,13595,21670,10440,1361248,1308583
12-01-2016,DII,30759,5428,18676,395912,165744,3172,0,0,0,0,0,0,218351,401340
12-01-2016,TOTAL,412785,412785,1355117,1355117,1237171,980727,1237171,980726,234656,117645,234656,117645,4338101,4338100
12-01-2016,Pro,34973,36411,138062,78625,209384,166596,339819,237569,29908,36796,84569,32065,615719,809058
12-01-2016,Client,229407,203188,780405,231829,610316,271056,527885,652660,184345,67254,128417,75140,2142783,1819119
13-01-2016,FII,120671,164503,426238,646442,271819,550960,386265,93573,24378,15463,24780,13355,1409529,1328918
13-01-2016,DII,31064,5253,19545,394370,165744,3434,0,0,0,0,0,0,219787,399623
13-01-2016,Pro,32342,43134,141307,82225,215801,154902,340325,237399,32110,39097,91469,35938,615559,830490
13-01-2016,TOTAL,414003,414003,1355083,1355083,1243135,992754,1243135,992753,249589,126425,249589,126425,4380989,4380988
13-01-2016,Client,229926,201113,767993,232046,589771,283458,516545,661781,193101,71865,133340,77132,2136114,1821957
14-01-2016,Client,239459,205676,769149,247334,604057,307506,526985,691248,205987,78491,142566,82399,2204649,1896208
14-01-2016,Pro,32378,46708,150114,84981,217326,160770,339685,254340,33701,40537,96512,37788,634826,860014
14-01-2016,DII,31124,5265,19993,393633,165744,4234,0,0,0,0,0,0,221095,398898
14-01-2016,FII,122507,167819,440264,653572,270904,568182,391362,95103,26133,16193,26743,15034,1444183,1349633
14-01-2016,TOTAL,425468,425468,1379520,1379520,1258031,1040692,1258032,1040691,265821,135221,265821,135221,4504753,4504753
15-01-2016,FII,129530,171465,450472,647272,270100,587162,419924,102818,27881,15353,29572,15543,1480498,1386594
15-01-2016,Pro,31217,55264,154723,89814,203035,164530,358083,256972,33550,43342,106798,37817,630397,904748
15-01-2016,DII,31556,5265,20717,391857,165744,4234,0,0,0,0,0,0,222251,397122
15-01-2016,TOTAL,438112,438112,1375344,1375344,1302380,1044874,1302381,1044873,284700,136228,284700,136228,4581638,4581638
15-01-2016,Client,245809,206118,749432,246401,663501,288948,524374,685083,223269,77533,148330,82868,2248492,1893174
18-01-2016,Client,214824,205230,723098,202461,725065,285744,528921,697845,235762,80300,154559,83445,2264793,1872461
18-01-2016,Pro,30014,44583,157613,98449,194578,181489,400256,258554,36874,45056,115067,41503,645624,958412
18-01-2016,DII,33181,4978,21584,396987,165744,4234,0,0,0,0,0,0,224743,401965
18-01-2016,TOTAL,422636,422636,1353733,1353733,1364178,1072936,1364179,1072935,301500,141310,301500,141310,4656293,4656293
18-01-2016,FII,144617,167845,451438,655836,278791,601469,435002,116536,28864,15954,31874,16362,1521133,1423455
19-01-2016,Client,203801,203106,713289,201733,704801,308472,540088,703255,237983,86174,154849,84097,2254520,1887128
19-01-2016,FII,146914,162863,454344,650052,300409,624333,453074,126258,27996,15977,33255,17447,1569973,1442949
19-01-2016,Pro,27854,44142,159285,99163,209400,166548,387192,272208,37926,44629,115801,45236,645642,963742
19-01-2016,TOTAL,416386,416386,1349921,1349921,1380354,1101722,1380354,1101721,303905,146780,303905,146780,4699068,4699067
19-01-2016,DII,37817,6275,23003,398973,165744,2369,0,0,0,0,0,0,228933,405248
20-01-2016,TOTAL,429242,429242,1354913,1354913,1415091,1145352,1415091,1145352,318111,146124,318111,146124,4808833,4808833
20-01-2016,Client,216296,200595,701669,205226,716024,287532,540804,714610,249886,82200,156973,82959,2253607,1901167
20-01-2016,DII,37472,6275,24228,400993,166448,1532,0,0,0,0,0,0,229680,407268
20-01-2016,FII,146697,163327,460133,641623,311360,677490,462103,128398,28994,16886,36052,18375,1641560,1449878
20-01-2016,Pro,28777,59045,168883,107071,221259,178798,412184,302344,39231,47038,125086,44790,683986,1050520
21-01-2016,Client,205563,199249,704057,201313,752208,298508,561303,731426,252071,87591,159013,85140,2299998,1937444
21-01-2016,FII,153626,163902,461003,632729,313860,690318,475328,132416,29435,16187,36602,19436,1664429,1460413
21-01-2016,TOTAL,422474,422474,1362328,1362328,1451374,1164947,1451374,1164946,322510,152420,322510,152420,4876053,4876052
21-01-2016,Pro,26127,53048,172949,120380,218858,174419,414743,301104,41004,48642,126895,47844,681999,1064014
21-01-2016,DII,37158,6275,24319,407906,166448,1702,0,0,0,0,0,0,229627,414181
22-01-2016,TOTAL,417322,417322,1361691,1361691,1411961,1214491,1411962,1214491,309661,160775,309661,160775,4875901,4875902
22-01-2016,FII,152334,151683,467495,619472,352631,677427,486807,128362,27890,17245,35829,21877,1695022,1444030
22-01-2016,Client,199723,206847,698793,208004,665750,370056,534186,755102,237468,95281,153413,87045,2267071,1944597
22-01-2016,Pro,27929,53063,170159,120451,227132,167008,390969,331027,44303,48249,120419,51853,684780,1067782
22-01-2016,DII,37336,5729,25244,413764,166448,0,0,0,0,0,0,0,229028,419493
25-01-2016,Client,202996,200829,701213,224465,690122,368071,536109,749229,240757,95996,153467,87333,2299155,1951432
25-01-2016,TOTAL,416353,416353,1401149,1401149,1434786,1201099,1434786,1201100,312148,161227,312148,161227,4926762,4926763
25-01-2016,DII,37332,5411,25443,415284,166472,0,0,0,0,0,0,0,229247,420695
25-01-2016,Pro,29393,45969,178273,129811,214046,170032,409502,328094,44417,48380,121468,52026,684541,1086870
25-01-2016,FII,146632,164144,496220,631589,364146,662996,489175,123777,26974,16851,37213,21868,1713819,1467766
27-01-2016,DII,34897,5411,25693,418186,166472,0,0,0,0,0,0,0,227062,423597
27-01-2016,FII,164046,193279,539853,656564,387210,647648,484428,119452,26324,16487,37267,21559,1781568,1512549
27-01-2016,Pro,34453,41480,168739,120446,212533,178533,421258,349220,46655,49213,122687,55339,690126,1110430
27-01-2016,TOTAL,468128,468128,1459189,1459189,1450653,1214264,1450652,1214265,314025,163847,314025,163847,5070106,5070106
27-01-2016,Client,234732,227958,724904,263993,684438,388083,544966,745593,241046,98147,154071,86949,2371350,2023530
28-01-2016,TOTAL,336440,336440,1240941,1240941,749781,660596,749780,660597,59643,40655,59643,40655,3088056,3088056
28-01-2016,Client,199605,177787,646203,213429,273784,179920,329935,472626,46509,22887,36804,29227,1368908,1259808
28-01-2016,FII,60694,135505,475241,538218,185234,340209,227324,43283,32,200,0,26,1061610,944356
28-01-2016,DII,32654,5923,18003,424419,166472,400,0,0,0,0,0,0,217529,430342
28-01-2016,Pro,43487,17225,101494,64875,124291,140067,192521,144688,13102,17568,22839,11402,440009,453550
29-01-2016,Client,195987,186610,646345,227889,281167,238722,384168,512767,70168,39011,56176,40730,1471400,1408340
29-01-2016,DII,36671,4187,20276,430505,166472,0,0,0,0,0,0,0,223419,434692
29-01-2016,FII,81189,132073,493051,544850,229378,366942,244296,56114,8124,6519,6857,5462,1185203,989652
29-01-2016,Pro,31914,22891,107610,64038,149372,139527,197925,176311,20555,20182,35814,19520,469160,516499
29-01-2016,TOTAL,345761,345761,1267282,1267282,826389,745191,826389,745192,98847,65712,98847,65712,3349182,3349183
01-02-2016,Pro,30015,30075,109382,73028,159016,143422,215682,196731,23196,22995,45669,24217,488026,585402
01-02-2016,FII,88752,132818,509774,557726,262519,391896,257033,65909,10379,8471,8369,7283,1271791,1029138
01-02-2016,DII,35459,4406,20536,427874,167472,0,0,0,0,0,0,0,223467,432280
01-02-2016,TOTAL,364090,364090,1305402,1305402,898471,781718,898471,781718,125981,79118,125981,79118,3554780,3554780
01-02-2016,Client,209864,196791,665710,246774,309464,246400,425756,519078,92406,47652,71943,47618,1571496,1507960
02-02-2016,Client,215997,201505,676003,252281,366086,244450,462495,517763,112048,53165,85363,53526,1667749,1572933
02-02-2016,FII,82099,127041,514487,570941,274417,383732,266418,75814,12709,9004,10945,7952,1276448,1059111
02-02-2016,TOTAL,363070,363070,1321683,1321683,963651,778098,963651,778099,148410,88038,148410,88038,3662950,3662951
02-02-2016,Pro,29410,29820,110623,77748,155391,149916,234738,184522,23653,25869,52102,26560,494862,605490
02-02-2016,DII,35564,4704,20570,420713,167757,0,0,0,0,0,0,0,223891,425417
03-02-2016,TOTAL,366582,366582,1336631,1336631,1010987,804481,1010986,804482,170740,97396,170740,97396,3786817,3786817
03-02-2016,Client,222018,204365,683901,253771,408236,245778,473538,544285,131375,59029,96174,57774,1750337,1629907
03-02-2016,FII,78117,129558,517638,582839,279028,403512,280645,76381,13876,9916,12124,10138,1302087,1091685
03-02-2016,DII,36016,4714,21652,417387,167757,2682,0,0,0,0,0,0,228107,422101
03-02-2016,Pro,30431,27945,113440,82634,155966,152509,256803,183816,25489,28451,62442,29484,506286,643124
04-02-2016,Pro,27314,29873,114400,86374,176018,156333,271576,199302,28035,29996,67975,34576,532096,689676
04-02-2016,FII,87848,122566,527106,590414,299579,418014,295041,85116,15229,11414,13410,11656,1359190,1118203
04-02-2016,TOTAL,361891,361891,1340092,1340092,1058205,848118,1058204,848119,185955,109281,185955,109281,3903542,3903542
04-02-2016,DII,37304,4556,22321,414794,167757,2682,0,0,0,0,0,0,230064,419350
04-02-2016,Client,209425,204896,676265,248510,414851,271089,491587,563701,142691,67871,104570,63049,1782192,1676313
05-02-2016,Client,198559,204370,676140,241690,386079,299902,501122,580844,145140,79428,109092,71249,1785248,1708367
05-02-2016,DII,38504,4551,22891,419949,167757,1870,0,0,0,0,0,0,231022,424500
05-02-2016,Pro,29878,23902,122132,93841,192132,156043,271565,212730,33590,31720,72019,39831,565495,713888
05-02-2016,TOTAL,358822,358822,1352970,1352970,1067242,886364,1067241,886365,195464,123903,195464,123903,3984765,3984765
05-02-2016,FII,91881,125999,531807,597490,321274,428549,294554,92791,16734,12755,14353,12823,1403000,1138010
08-02-2016,FII,90325,127505,532650,586195,321331,446003,307604,90997,17982,13360,15261,13053,1421651,1140615
08-02-2016,TOTAL,370700,370700,1354380,1354380,1120200,893584,1120199,893585,205841,129050,205841,129050,4073755,4073755
08-02-2016,Client,209104,209381,679359,253800,444225,271850,517694,585439,154701,82353,113377,74868,1841592,1754559
08-02-2016,Pro,33967,29105,119025,94393,186907,172504,294901,217149,33158,33337,77203,41129,578898,753880
08-02-2016,DII,37304,4709,23346,419992,167737,3227,0,0,0,0,0,0,231614,424701
09-02-2016,DII,38067,4709,23402,422749,167737,3222,0,0,0,0,0,0,232428,427458
09-02-2016,TOTAL,360491,360491,1365985,1365985,1156838,949570,1156837,949570,228115,134123,228115,134123,4195122,4195121
09-02-2016,Pro,29811,29634,124078,98571,178776,175832,307357,241362,33789,36404,86604,42536,578690,806064
09-02-2016,FII,95245,122623,523651,605266,306954,518724,307071,88496,18710,13440,16213,13197,1476724,1152866
09-02-2016,Client,197368,203525,694854,239399,503371,251792,542409,619712,175616,84279,125298,78390,1907280,1808733
11-02-2016,FII,105742,133592,520477,639211,311278,597309,368862,86988,21277,13906,19496,14163,1569989,1262312
11-02-2016,TOTAL,398411,398411,1369950,1369950,1364861,1046052,1364862,1046051,268910,134328,268910,134328,4582512,4582512
11-02-2016,Pro,32844,64157,138484,98559,215217,193408,406373,292364,35366,41701,107923,42665,657020,1012041
11-02-2016,DII,37694,4462,23579,422095,169084,4029,0,0,0,165,0,0,234551,426557
11-02-2016,Client,222131,196200,687410,210085,669282,251306,589627,666699,212267,78556,141491,77500,2120952,1881602
12-02-2016,FII,120858,133073,529988,645392,299013,619049,387692,96141,22238,15039,22194,15357,1606185,1299849
12-02-2016,TOTAL,410425,410425,1371145,1371145,1419662,1075688,1419663,1075688,281889,137679,281889,137679,4696488,4696489
12-02-2016,DII,37913,4349,26208,421108,169084,4927,0,0,0,0,0,0,238132,425457
12-02-2016,Client,219631,202322,670950,206448,723210,273168,607096,684725,221923,79677,144089,77740,2188559,1922420
12-02-2016,Pro,32023,70681,143999,98197,228355,178544,424875,294822,37728,42963,115606,44582,663612,1048763
15-02-2016,TOTAL,395744,395744,1373455,1373455,1391108,1103697,1391108,1103697,276393,150031,276393,150031,4690428,4690428
15-02-2016,Pro,29045,75402,148339,105723,233589,170560,389723,307596,39969,42139,111808,50909,663641,1041161
15-02-2016,FII,131894,126379,547978,631163,320597,627409,403096,101885,21989,15801,22319,15990,1665668,1300832
15-02-2016,DII,38943,4200,27086,419330,169084,2898,0,0,0,0,0,0,238011,423530
15-02-2016,Client,195862,189763,650052,217239,667838,302830,598289,694216,214435,92091,142266,83132,2123108,1924905
16-02-2016,TOTAL,414736,414736,1391953,1391953,1420980,1099138,1420980,1099137,291680,150463,291680,150463,4768950,4768949
16-02-2016,Pro,25857,84614,159761,124450,222448,170209,392594,306343,38686,42182,116913,51566,659143,1076480
16-02-2016,Client,199349,199885,655366,228098,710582,306491,617624,679945,229772,92687,148722,82930,2194247,1957204
16-02-2016,FII,150417,126037,549182,621458,318866,617919,410762,112849,23222,15594,26045,15967,1675200,1313118
16-02-2016,DII,39113,4200,27644,417947,169084,4519,0,0,0,0,0,0,240360,422147
17-02-2016,Client,195591,201026,658929,229521,702383,342656,602558,696423,230868,98631,150101,86059,2229058,1965688
17-02-2016,FII,155882,135228,552368,622700,331764,613478,418456,118350,25227,16345,27762,16761,1695064,1339257
17-02-2016,TOTAL,417362,417362,1406472,1406472,1428475,1123606,1428475,1123606,297160,157240,297160,157240,4830315,4830315
17-02-2016,Pro,30058,76908,167290,133234,225044,164840,407461,308833,41065,42264,119297,54420,670561,1100153
17-02-2016,DII,35831,4200,27885,421017,169284,2632,0,0,0,0,0,0,235632,425217
18-02-2016,FII,182670,153529,563819,620303,357575,587578,432325,117015,25319,16961,29065,18450,1733922,1370687
18-02-2016,DII,36257,4280,28149,420961,168509,2632,0,0,0,0,0,0,235547,425241
18-02-2016,Pro,27722,80428,172306,142106,225800,162976,393026,328402,42146,42702,118819,55913,673652,1118694
18-02-2016,TOTAL,440462,440462,1424921,1424921,1426317,1149133,1426317,1149133,300993,163673,300993,163673,4905499,4905499
18-02-2016,Client,193813,202225,660647,241551,674433,395947,600966,703716,233528,104010,153109,89310,2262378,1990877
19-02-2016,TOTAL,429414,429414,1435815,1435815,1450122,1142296,1450122,1142297,304045,169228,304045,169228,4930920,4930921
19-02-2016,Client,195217,201138,668783,244363,690336,417933,611933,693559,236422,108981,155509,92475,2317672,1998977
19-02-2016,DII,34329,4422,27614,424165,168509,2632,0,0,0,0,0,0,233084,428587
19-02-2016,FII,170690,158323,561390,618047,373750,545139,441102,116017,24687,17167,30323,18884,1692823,1382696
19-02-2016,Pro,29178,65531,178028,149240,217527,176592,397087,332721,42936,43080,118213,57869,687341,1120661
22-02-2016,Pro,28334,59691,176329,149958,213106,174640,408197,335289,44330,44130,118415,59521,680869,1131071
22-02-2016,DII,32388,4422,27492,427182,168642,2949,0,0,0,0,0,0,231471,431604
22-02-2016,Client,197717,199566,674380,249824,726474,439629,634500,710070,237373,111221,156624,93437,2386794,2044021
22-02-2016,TOTAL,432964,432964,1456499,1456499,1485407,1155376,1485407,1155375,305758,172762,305758,172762,5008766,5008765
22-02-2016,FII,174525,169285,578298,629535,377185,538158,442710,110016,24055,17411,30719,19804,1709632,1402069
23-02-2016,Pro,21326,62443,151216,123013,206188,168569,455721,316027,43030,45256,124109,57220,635585,1138533
23-02-2016,Client,211672,207006,658137,251468,829204,433702,663211,705300,244674,105055,154434,90711,2482444,2072130
23-02-2016,TOTAL,445085,445085,1428279,1428279,1573348,1130096,1573348,1130096,311427,167003,311427,167003,5055238,5055238
23-02-2016,FII,179829,170220,591342,624684,369453,525157,454416,108769,23723,16692,32884,19072,1706196,1410045
23-02-2016,DII,32258,5416,27584,429114,168503,2668,0,0,0,0,0,0,231013,434530
24-02-2016,Client,222465,215093,653995,252261,879619,409138,666172,703872,242684,104431,152461,89889,2512332,2079748
24-02-2016,TOTAL,469986,469986,1428766,1428766,1632748,1094440,1632748,1094439,311741,166089,311741,166089,5103770,5103769
24-02-2016,FII,189125,189086,604746,630398,368736,509152,454756,92105,23706,15449,33400,19282,1710914,1419027
24-02-2016,Pro,25479,60391,142729,113942,215900,173482,511820,298462,45351,46209,125880,56918,649150,1167413
24-02-2016,DII,32917,5416,27296,432165,168493,2668,0,0,0,0,0,0,231374,437581
25-02-2016,DII,31877,5416,18368,435921,167147,3069,0,0,64,0,0,0,220525,441337
25-02-2016,TOTAL,339285,339285,1180358,1180358,792328,671574,792327,671574,55334,38369,55334,38369,3077248,3077247
25-02-2016,Client,183635,158601,554554,161275,312365,204497,358098,466359,43062,23893,34485,26048,1322006,1204866
25-02-2016,FII,84349,151336,530438,517915,184238,318438,230882,47592,533,100,545,31,1118096,948301
25-02-2016,Pro,39424,23932,76998,65247,128578,145570,203347,157623,11675,14376,20304,12290,416621,482743
26-02-2016,FII,92749,144253,544933,516503,211597,335616,251906,63181,5210,4570,5706,4032,1194675,985581
26-02-2016,DII,31044,5407,19893,444863,167411,3400,0,0,64,0,0,0,221812,450270
26-02-2016,TOTAL,345275,345275,1199025,1199025,903379,745563,903379,745562,81702,53741,81702,53741,3328685,3328684
26-02-2016,Pro,36569,23909,79458,70832,181235,154680,236719,184291,17256,16829,27732,17547,486027,561030
26-02-2016,Client,184913,171706,554741,166827,343136,251867,414754,498090,59172,32342,48264,32162,1426171,1331803
29-02-2016,Pro,35193,22554,79228,78842,176069,177949,267323,206435,20632,19786,38972,22424,508857,636550
29-02-2016,DII,31285,5404,19075,451014,167411,3019,0,0,64,0,0,0,220854,456418
29-02-2016,Client,190046,190371,564621,175835,411004,280331,440004,537160,82386,39818,62091,38290,1568206,1443751
29-02-2016,TOTAL,348467,348467,1227141,1227141,993757,812513,993758,812513,110801,65917,110801,65917,3558596,3558597
29-02-2016,FII,91943,130138,564217,521450,239273,351214,286431,68918,7719,6313,9738,5203,1260679,1021878
01-03-2016,DII,31374,4976,18277,449340,167411,1686,0,0,64,0,0,0,218812,454316
01-03-2016,FII,104202,127317,572443,518054,300868,389821,279469,86703,11824,8925,11591,7215,1388083,1030349
01-03-2016,Pro,36741,24598,84463,73833,190759,165350,267200,239791,26806,21344,44200,28290,525463,677912
01-03-2016,Client,187159,202585,563557,197513,362129,344820,474497,575183,88281,51785,71184,46549,1597731,1567511
01-03-2016,TOTAL,359476,359476,1238740,1238740,1021167,901677,1021166,901677,126975,82054,126975,82054,3730089,3730088
02-03-2016,FII,124574,122133,580910,502722,361375,431250,274362,114200,13125,11078,13378,8880,1522312,1035675
02-03-2016,Client,184753,208714,557109,227566,319569,391669,504069,590367,96559,61990,79128,53449,1611649,1663293
02-03-2016,DII,31726,4213,19066,437642,167411,958,0,0,64,0,0,0,219225,441855
02-03-2016,Pro,30269,36262,86034,75189,189805,149123,259728,268433,29934,22975,47176,33714,508140,720502
02-03-2016,TOTAL,371322,371322,1243119,1243119,1038160,973000,1038159,973000,139682,96043,139682,96043,3861326,3861325
03-03-2016,Pro,33042,39101,86738,76684,189861,152955,254860,303285,33091,23201,49783,38457,518888,762170
03-03-2016,DII,31693,4159,20544,430742,167138,958,0,0,64,0,0,0,220397,434901
03-03-2016,Client,189647,218499,560616,246157,307061,467827,528533,609926,104598,73582,87745,59553,1703331,1750413
03-03-2016,FII,134013,126636,584626,498941,388170,436354,268837,144884,14818,11932,15043,10705,1569913,1065046
03-03-2016,TOTAL,388395,388395,1252524,1252524,1052230,1058094,1052230,1058095,152571,108715,152571,108715,4012529,4012530
04-03-2016,TOTAL,401550,401550,1254302,1254302,1081968,1089083,1081968,1089083,161550,116402,161550,116402,4104855,4104855
04-03-2016,Pro,31594,41393,86897,78443,198358,148810,251576,314132,34912,23462,52773,40840,524033,779157
04-03-2016,FII,143387,133972,584426,490772,389003,448288,282018,149138,16563,13084,16844,12131,1594751,1084875
04-03-2016,Client,195158,222363,561199,259356,327441,491027,548374,625813,110011,79856,91933,63431,1764692,1811270
04-03-2016,DII,31411,3822,21780,425731,167166,958,0,0,64,0,0,0,221379,429553
08-03-2016,TOTAL,412610,412610,1247132,1247132,1105830,1112070,1105831,1112070,173145,123546,173145,123546,4174333,4174334
08-03-2016,Pro,30610,41876,88177,82081,191561,143969,251939,307858,34780,23935,56465,43347,513032,783566
08-03-2016,Client,192400,231432,556962,268579,358598,522798,561160,660190,120555,85397,98737,67178,1836710,1887276
08-03-2016,FII,158902,135478,580138,479002,388483,444345,292732,144022,17746,14214,17943,13021,1603828,1082198
08-03-2016,DII,30698,3824,21855,417470,167188,958,0,0,64,0,0,0,220763,421294
09-03-2016,Client,175532,231647,560584,241516,378118,526353,571281,666566,125154,90199,104663,71254,1855940,1886927
09-03-2016,FII,167588,141817,562604,487654,402930,452921,292282,154181,18874,15765,18576,13461,1620682,1107971
09-03-2016,TOTAL,410452,410452,1234677,1234677,1129849,1140512,1129849,1140513,180845,130578,180845,130578,4226913,4226914
09-03-2016,Pro,36744,33089,92299,86238,181613,159801,266286,319766,36753,24614,57606,45863,531824,808848
09-03-2016,DII,30588,3899,19190,419269,167188,1437,0,0,64,0,0,0,218467,423168
10-03-2016,FII,161084,136121,558123,495855,410466,466380,304595,156529,19966,16528,19953,13972,1632547,1127025
10-03-2016,DII,30588,3899,20471,415153,167188,1437,0,0,64,0,0,0,219748,419052
10-03-2016,Pro,35948,32645,91952,88247,180818,166792,279315,325354,36235,25873,62693,46120,537618,834374
10-03-2016,TOTAL,402819,402819,1238416,1238416,1177362,1148038,1177361,1148038,194967,133681,194967,133681,4295283,4295282
10-03-2016,Client,175199,230154,567870,239161,418890,513429,593451,666155,138702,91280,112321,73589,1905370,1914831
11-03-2016,DII,30518,3899,20248,411631,167188,1437,0,0,64,0,0,0,219455,415530
11-03-2016,Client,165387,233029,563237,231986,423045,527709,604873,677316,144148,95011,118178,75653,1918537,1941035
11-03-2016,FII,176810,135204,550840,495602,424078,466982,315441,162976,20870,17017,20950,14869,1656597,1145042
11-03-2016,TOTAL,406170,406170,1226528,1226528,1187213,1147668,1187212,1147669,202551,138449,202551,138449,4308579,4308579
11-03-2016,Pro,33455,34038,92203,87309,172902,151540,266898,307377,37469,26421,63423,47927,513990,806972
14-03-2016,Client,160314,238009,559593,228136,435356,553997,618853,684180,144661,96325,120678,75529,1950246,1965385
14-03-2016,Pro,31118,36502,89624,86150,167898,144274,265639,323442,37670,26415,62625,48596,496999,822954
14-03-2016,TOTAL,406773,406773,1215151,1215151,1203309,1169395,1203309,1169395,204642,140188,204642,140188,4339458,4339458
14-03-2016,FII,184822,128363,546887,491864,427867,469687,318817,161773,22247,17448,21339,16063,1668958,1138219
14-03-2016,DII,30519,3899,19047,409001,172188,1437,0,0,64,0,0,0,223255,412900
15-03-2016,TOTAL,405177,405177,1215281,1215281,1231871,1183549,1231871,1183549,216235,146266,216235,146266,4398379,4398379
15-03-2016,FII,187570,120974,538450,498404,433951,477921,324299,155013,23201,17749,21979,16958,1678842,1137627
15-03-2016,DII,29383,4630,18986,408002,172188,1437,0,0,64,0,0,0,222058,412632
15-03-2016,Pro,34379,34496,90265,86254,166526,159377,277973,333291,37991,27459,66248,50048,515997,848310
15-03-2016,Client,153845,245077,567580,222621,459206,544814,629599,695245,154979,101058,128008,79260,1981482,1999810
16-03-2016,DII,31290,4710,19175,407763,172188,1809,0,0,64,0,0,0,224526,412473
16-03-2016,FII,198539,134346,525620,507244,443930,500465,347293,171860,23309,17836,23205,18459,1709699,1202407
16-03-2016,TOTAL,423459,423459,1217495,1217495,1261848,1225044,1261848,1225043,224166,149159,224166,149159,4501171,4501170
16-03-2016,Pro,34992,35371,91600,86616,177672,168903,287529,347950,39134,28236,68909,50580,540537,876955
16-03-2016,Client,158638,249032,581100,215872,468058,553867,627026,705233,161659,103087,132052,80120,2026409,2009335
17-03-2016,Pro,28809,37507,92358,84997,171608,169501,280471,364771,39929,30682,72585,53723,532887,894054
17-03-2016,DII,31024,4710,19993,402930,172122,1437,0,0,64,0,0,0,224640,407640
17-03-2016,FII,205639,130707,534150,505843,465310,508716,359901,174062,23738,17959,23624,20372,1755512,1214509
17-03-2016,TOTAL,424141,424141,1219944,1219944,1292411,1245464,1292412,1245463,230494,156921,230494,156921,4569375,4569375
17-03-2016,Client,158669,251217,573443,226174,483371,565810,652040,706630,166763,108280,134285,82826,2056336,2053172
18-03-2016,Client,165712,260234,574580,235804,442225,614012,646560,713825,165499,118254,137112,87888,2080282,2081423
18-03-2016,FII,221752,139126,531998,507098,485970,512897,372033,182561,24434,18019,24502,22464,1795070,1247784
18-03-2016,Pro,30310,45825,97058,84522,184302,163326,266027,395286,44344,32058,72727,57979,551398,922366
18-03-2016,DII,31310,3899,19912,396124,172122,1437,0,0,64,0,0,0,224845,400023
18-03-2016,TOTAL,449084,449084,1223548,1223548,1284619,1291672,1284620,1291672,234341,168331,234341,168331,4651595,4651596
21-03-2016,FII,217418,131931,535284,512302,502015,492452,347177,217346.6667,24666,18813,25254,23906,1790648,1257916.667
21-03-2016,TOTAL,452811,452811,1234837,1234837,1270547.333,1367706.333,1270547.333,1367706.333,236040,176496,236040,176496,4738437.667,4738437.667
21-03-2016,Client,171278,265402,575955,244519,399675,706419,663103.3333,723645,162802,124198,137157,90669,2140327,2124495.333
21-03-2016,Pro,33639,51589,103202,88529,196735.3333,165665.3333,260267,426714.6667,48508,33485,73629,61921,581234.6667,962649.6667
21-03-2016,DII,30476,3889,20396,389487,172122,3170,0,0,64,0,0,0,226228,393376
22-03-2016,DII,31761,5907,20356,386905,172122,3170,0,0,64,0,0,0,227473,392812
22-03-2016,Pro,35938,45913,104552,89743,177005,161709,252864,415106,47981,35422,75857,63252,562607,942735
22-03-2016,Client,166650,270892,587432,235369,430768,707569,675283,723307,168466,125502,137661,91269,2186387,2133781
22-03-2016,FII,222398,134035,526344,526667,499216,492136,350965,226171,24906,19547,27899,25950,1784547,1291687
22-03-2016,TOTAL,456747,456747,1238684,1238684,1279111,1364584,1279112,1364584,241417,180471,241417,180471,4761014,4761015
23-03-2016,Client,170635,278059,603908,233202,444237,698477,683660,703920,170768,129688,137850,92221,2217713,2128912
23-03-2016,DII,31467,9079,20430,384654,172122,3170,0,0,64,0,0,0,227253,393733
23-03-2016,Pro,36864,52504,111069,95342,182568,159699,254880,410925,49476,36235,76773,66168,575911,956592
23-03-2016,TOTAL,469176,469176,1249483,1249483,1281762,1351540,1281763,1351540,243824,185237,243824,185237,4781022,4781023
23-03-2016,FII,230210,129534,514076,536285,482835,490194,343223,236695,23516,19314,29201,26848,1760145,1301786
28-03-2016,TOTAL,445092,445092,1282961,1282961,1346696,1298100,1346696,1298100,259676,179534,259676,179534,4812059,4812059
28-03-2016,DII,32003,4156,20326,383826,172122,2270,0,0,64,0,0,0,226785,387982
28-03-2016,Client,167744,274565,638985,229449,519910,644821,688137,682095,188782,123457,141109,88649,2283699,2104004
28-03-2016,Pro,32489,51950,121484,107205,180567,161458,316652,381865,47844,37204,86157,64341,581046,1008170
28-03-2016,FII,212856,114421,502166,562481,474097,489551,341907,234140,22986,18873,32410,26544,1720529,1311903
29-03-2016,Pro,29795,46981,130649,116921,161813,168695,314125,384879,49695,38726,89494,68341,579373,1020741
29-03-2016,FII,243180,140777,509800,586828,466703,497192,350284,241595,22850,17952,32873,27436,1757677,1379793
29-03-2016,TOTAL,472958,472958,1317848,1317848,1354315,1321155,1354315,1321154,266601,188515,266601,188515,4921392,4921391
29-03-2016,Client,170494,279965,657033,232325,553677,652998,689906,694680,193992,131837,144234,92738,2360031,2133848
29-03-2016,DII,29489,5235,20366,381774,172122,2270,0,0,64,0,0,0,224311,387009
30-03-2016,FII,270828,160551,517228,604772,456978,480755,328576,253292,20975,17322,30385,28565,1764086,1406141
30-03-2016,Pro,34182,50320,131045,110582,167078,169231,266191,461398,53048,38311,83432,75774,592895,1047697
30-03-2016,Client,157341,276540,649514,225092,494520,758836,695931,696402,174824,140181,135094,91475,2375216,2120534
30-03-2016,DII,29216,4156,20558,377899,172122,2270,0,0,64,0,0,0,224230,382055
30-03-2016,TOTAL,491567,491567,1318345,1318345,1290698,1411092,1290698,1411092,248911,195814,248911,195814,4956427,4956427
31-03-2016,Client,120877,216704,569182,162353,279677,259429,426835,389923,47503,22113,40068,24055,1298781,1259938
31-03-2016,TOTAL,334124,334124,1085544,1085544,787377,606329,787377,606329,60694,34116,60694,34116,2908184,2908183.333
31-03-2016,DII,23972,4095,16705,361167,164465,1733,0,0,0,0,0,0,206875,365262
31-03-2016,Pro,15344,48525,75524,40402,130634,104794,140633,156061,12814,12003,20606,9810,351112.3333,416036.3333
31-03-2016,FII,173931,64800,424133,521622,212601,240373,219909,60345,377,0,20,251,1051415.667,866947
01-04-2016,Pro,17216,52294,79076,48867,134274,119506,150695,211430,16751,14714,31730,13261,381537,508277
01-04-2016,FII,169761,67996,426422,533685,215631,291903,246736,68917,4980,4257,5092,2903,1112954,925329
01-04-2016,DII,24941,4597,17131,363508,164465,1923,0,0,0,0,0,0,208460,368105
01-04-2016,TOTAL,333178,333178,1117391,1117391,831085,701131,831085,701131,91952,48294,91952,48294,3123031,3123031
01-04-2016,Client,121260,208291,594762,171331,316715,287799,433654,420784,70221,29323,55130,32130,1420080,1321320
04-04-2016,FII,175725,72507,425645,545558,225739,303410,259283,81159,7717,6130,9107,4560,1144366,972174
04-04-2016,DII,22551,4952,17626,362871,169565,3333,0,0,0,0,0,0,213075,367823
04-04-2016,TOTAL,333336,333336,1133704,1133704,892702,756355,892702,756355,112417,57812,112417,57812,3286326,3286326
04-04-2016,Pro,18140,53688,82201,49967,145632,123755,172462,226756,19374,15893,36999,15515,404995,555387
04-04-2016,Client,116920,202189,608232,175308,351766,325857,460957,448440,85326,35789,66311,37737,1523890,1390942
05-04-2016,DII,21612,5849,17583,363305,167662,2866,0,0,0,0,0,0,209723,369154
05-04-2016,TOTAL,326240,326240,1137670,1137670,1013477,791786,1013478,791786,145899,65995,145899,65995,3481067,3481068
05-04-2016,Client,125692,184479,608772,175815,468553,310318,501546,487097,114511,38464,82287,44374,1666310,1475598
05-04-2016,FII,162087,81077,430550,546308,238711,343180,303882,78679,10629,7827,14852,5887,1192984,1030685
05-04-2016,Pro,16849,54835,80765,52242,138551,135422,208050,226010,20759,19704,48760,15734,412050,605631
06-04-2016,TOTAL,317151,317151,1141059,1141059,1084574,825437,1084575,825437,161344,75640,161344,75640,3605205,3605206
06-04-2016,Pro,17885,58446,86398,56020,168311,133839,236157,232158,22747,20353,52930,19090,449533,654801
06-04-2016,FII,153130,85269,436829,543292,241572,349993,322020,83077,11694,9999,16464,7157,1203217,1057279
06-04-2016,Client,124658,167475,600117,178593,507047,338739,526398,510202,126903,45288,91950,49393,1742752,1524011
06-04-2016,DII,21478,5961,17715,363154,167644,2866,0,0,0,0,0,0,209703,369115
07-04-2016,TOTAL,297306,297306,1143457,1143457,1116352,830127,1116353,830127,179078,82848,179078,82848,3649168,3649169
07-04-2016,FII,129549,87329,438101,542764,240958,356579,333674,85994,13143,10782,17629,7703,1189112,1075093
07-04-2016,DII,21534,6049,16823,361895,167628,2866,0,0,0,0,0,0,208851,367944
07-04-2016,Client,126397,156672,602782,179840,563812,325778,538259,515324,141248,49130,102481,52976,1809147,1545552
07-04-2016,Pro,19826,47256,85751,58958,143954,144904,244420,228809,24687,22936,58968,22169,442058,660580
08-04-2016,FII,123320,96415,435254,547097,240164,368879,337851,89485,13919,11808,19340,8796,1193344,1098984
08-04-2016,DII,21534,6743,16436,361532,167628,3764,0,0,0,0,0,0,209362,368275
08-04-2016,Client,132470,152442,608251,181955,588077,323754,545697,516010,149362,53518,108358,56997,1855432,1561459
08-04-2016,TOTAL,301005,301005,1150072,1150072,1143993,844323,1143994,844323,189216,89341,189216,89341,3717950,3717951
08-04-2016,Pro,23681,45405,90131,59488,148124,147926,260446,238828,25935,24015,61518,23548,459812,689233
11-04-2016,Pro,20925,46012,95096,60374,152232,147798,241727,264151,30104,25078,60510,26827,471233,699601
11-04-2016,FII,124005,97471,435672,555150,238843,379441,334165,92818,15814,12667,23163,9934,1206442,1112701
11-04-2016,DII,18876,6311,16352,364116,167628,1666,0,0,0,0,0,0,204522,370427
11-04-2016,Client,132960,146972,612346,179826,544185,367047,526996,538983,149179,59324,111424,60308,1865041,1564509
11-04-2016,TOTAL,296766,296766,1159466,1159466,1102888,895952,1102888,895952,195097,97069,195097,97069,3747238,3747238
12-04-2016,DII,15750,6915,18068,364433,167628,1666,0,0,0,576,0,0,203688,371348
12-04-2016,TOTAL,288918,288918,1171919,1171919,1113247,934587,1113246,934587,205029,106254,205029,106254,3819954,3819953
12-04-2016,Client,132336,146785,619270,184747,521012,396719,540940,566848,157294,65272,117173,65202,1891903,1621695
12-04-2016,FII,119197,90169,438803,561996,259180,397386,333093,96708,16412,14403,24041,10995,1245381,1117002
12-04-2016,Pro,21635,45049,95778,60743,165427,138816,239213,271031,31323,26003,63815,30057,478982,709908
13-04-2016,FII,151735,93444,441438,564076,290978,444021,280014,119186,17610,16746,26371,15128,1362528,1098219
13-04-2016,TOTAL,314615,314615,1181409,1181409,1057352,1040904,1057352,1040904,209357,123028,209357,123028,3926665,3926665
13-04-2016,Pro,25050,44179,99111,62004,167009,141806,223157,326257,34973,27565,62971,36410,495514,754978
13-04-2016,DII,11702,6683,18798,366666,167628,1666,0,0,20,576,0,0,200390,373349
13-04-2016,Client,126128,170309,622062,188663,431737,453411,554181,595461,156754,78141,120015,71490,1868233,1700119
18-04-2016,DII,8008,6763,17242,363192,167628,1666,0,0,20,259,0,0,194823,369955
18-04-2016,FII,155356,86386,450900,554666,293216,450227,279904,116810,17837,18840,27732,17947,1386376,1083445
18-04-2016,Pro,23624,51200,102884,67006,187682,150991,220986,370933,37757,28709,68364,43309,531647,821798
18-04-2016,TOTAL,312363,312363,1177775,1177775,1068300,1132980,1068300,1132980,225766,139970,225766,139970,4057154,4057154
18-04-2016,Client,125375,168014,606749,192911,419774,530096,567410,645237,170152,92162,129670,78714,1944308,1781956
20-04-2016,Pro,25101,51727,109434,76507,179134,146705,229151,364051,36934,29690,74915,45463,526998,608695
20-04-2016,TOTAL,332091,332091,1207505,1207505,1102261,1183327,1102261,1183327,242068,147650,242068,147650,4214902,4286263
20-04-2016,FII,172785,81270,446049,560237,303750,441662,278564,140182,19030,19964,29268,18889,1403240,1410965
20-04-2016,Client,126037,190686,635304,206021,451139,593294,594546,679094,186104,97737,137885,83298,2089615,1891530
20-04-2016,DII,8168,8408,16718,364740,168238,1666,0,0,0,259,0,0,195049,375073
21-04-2016,TOTAL,337720,337720,1213194,1213194,1125560,1203188,1125560,1203188,255300,153257,255300,153257,4288219,4288219
21-04-2016,Pro,29772,52234,115184,85137,171616,161393,239677,376027,38414,31609,79843,48076,547988,880994
21-04-2016,Client,124241,191052,621603,215401,479058,597917,623717,668426,196098,99531,144099,84591,2118448,1927286
21-04-2016,FII,175571,85594,459213,550430,306648,442212,262166,158735,20788,21858,31358,20590,1426290,1108873
21-04-2016,DII,8136,8840,17194,362226,168238,1666,0,0,0,259,0,0,195493,371066
22-04-2016,TOTAL,344334,344334,1233766,1233766,1153396,1204836,1153395,1204836,262780,161338,262780,161338,4360450,4360449
22-04-2016,Pro,31291,53801,126393,98187,175087,152988,252310,374251,40761,32105,82820,51983,558625,913352
22-04-2016,Client,123452,197300,631609,223195,488691,597902,631691,674280,200075,105744,146991,87788,2147473,1961245
22-04-2016,FII,181455,81752,457876,547562,321380,452280,269394,156305,21944,23230,32969,21567,1458165,1109549
22-04-2016,DII,8136,11481,17888,364822,168238,1666,0,0,0,259,0,0,196187,376303
25-04-2016,Client,122463,196371,639137,229339,530318,588541,629289,697459,216690,103182,155751,89190,2200331,1997399
25-04-2016,DII,8047,11485,18376,365998,168238,1666,0,0,0,259,0,0,196586,377483
25-04-2016,FII,185952,86655,477328,567912,316562,476307,273013,158334,21276,23232,34543,21649,1500657,1142106
25-04-2016,TOTAL,346835,346835,1281913,1281913,1186238,1231879,1186238,1231879,279280,161356,279280,161356,4487501,4487501
25-04-2016,Pro,30373,52324,147072,118664,171120,165365,283936,376086,41314,34683,88986,50517,589927,970513
26-04-2016,TOTAL,404461,404461,1321028,1321028,1140389,1302326,1140389,1302326,268069,174421,268069,174421,4610694,4610694
26-04-2016,Pro,35036,54568,156655,126910,182987,169292,251081,420110,47708,33321,84021,58381,624999,995071
26-04-2016,DII,8047,10787,19356,370025,168238,1666,0,0,0,278,0,0,197585,380812
26-04-2016,Client,130422,223486,671570,242598,473209,648232,612258,711916,197929,116851,150359,92277,2238213,2032894
26-04-2016,FII,230956,115620,473447,581495,315955,483136,277050,170300,22432,23971,33689,23763,1549897,1201917
27-04-2016,Client,126742,232948,675534,238692,492755,659329,618923,716153,204519,117813,150866,92339,2276692,2049921
27-04-2016,TOTAL,426711,426711,1307392,1307392,1147461,1322770,1147461,1322770,273181,176403,273181,176403,4653918,4653918
27-04-2016,FII,257624,128437,475588,581259,315795,491675,271623,178086,21843,23862,36237,24972,1586387,1220614
27-04-2016,Pro,34596,52873,138379,113431,170673,170100,256915,428531,46819,34469,86078,59092,595036,996920
27-04-2016,DII,7749,12453,17891,374010,168238,1666,0,0,0,259,0,0,195803,386463
28-04-2016,TOTAL,338537,338537,1136428,1136428,720651,660162,720651,660162,69443,37578,69443,37578,2962799,2962799
28-04-2016,FII,220112,72797,403755,522449,181594,264895,189116,51321,349,140,664,376,1070845,836723
28-04-2016,DII,8026,8778,12720,370542,164069,1200,0,0,0,0,0,0,186015,379320
28-04-2016,Pro,12287,40921,83039,57442,108951,118213,137024,153530,13577,13103,23972,9702,349170,422591
28-04-2016,Client,98112,216041,636914,185995,266037,275854,394511,455311,55517,24335,44807,27500,1356769,1324165
29-04-2016,Pro,15685,43535,89107,66764,135628,143883,172575,202414,19535,17325,34811,16153,421163,536252
29-04-2016,DII,9390,7912,12686,379307,164069,1618,0,0,0,0,0,0,187763,387219
29-04-2016,FII,218948,76667,408090,540096,188247,324642,204382,56951,5931,6085,6520,4466,1151943,889082
29-04-2016,Client,108569,224478,668999,192715,320988,289337,431975,500115,84145,36991,68280,39782,1509029,1457345
29-04-2016,TOTAL,352592,352592,1178882,1178882,808932,759480,808932,759480,109611,60401,109611,60401,3269898,3269898
02-05-2016,Client,114898,211610,677663,195770,370166,304405,460840,521138,106016,43007,83750,47043,1616155,1520151
02-05-2016,TOTAL,343491,343491,1191684,1191684,864651,776195,864651,776195,136086,71211,136086,71211,3383318,3383318
02-05-2016,DII,10650,6235,12353,379432,164069,1618,0,0,0,0,0,0,188690,385667
02-05-2016,Pro,15108,41433,94504,68578,137053,137351,189340,192430,22739,20221,43613,18658,426976,554052
02-05-2016,FII,202835,84213,407164,547904,193363,332821,214471,62627,7331,7983,8723,5510,1151497,923448
03-05-2016,Client,129206,215927,687126,195116,424567,302998,486100,530356,125901,48035,97032,53779,1717833,1578310
03-05-2016,FII,188545,86212,408020,556472,204618,353663,228031,72913,9708,10160,11523,7180,1174714,962331
03-05-2016,Pro,20530,41180,94477,72651,141097,144771,220220,199463,23757,23013,50811,20249,447645,604574
03-05-2016,DII,11281,6243,11986,377370,164069,1300,0,0,0,0,0,0,188636,383613
03-05-2016,TOTAL,349562,349562,1201609,1201609,934351,802732,934351,802732,159366,81208,159366,81208,3528828,3528828
04-05-2016,TOTAL,337512,337512,1206844,1206844,987313,807981,987313,807981,184438,91249,184438,91249,3615337,3615337
04-05-2016,Client,131416,203097,690784,186826,480068,292039,499607,544731,147203,54299,109549,59065,1795809,1602875
04-05-2016,DII,13877,6711,11377,378265,164069,1323,0,0,0,0,0,0,190646,384976
04-05-2016,Pro,23420,39288,99547,73446,137524,140673,234642,186246,25496,24583,59830,23178,451243,616630
04-05-2016,FII,168799,88416,405136,568307,205652,373946,253064,77004,11739,12367,15059,9006,1177639,1010856
05-05-2016,DII,15588,6711,11518,378402,164069,656,0,0,0,0,0,0,191831,385113
05-05-2016,FII,152340,88752,410459,572266,224280,397590,273329,81995,12481,13610,16586,10088,1210760,1043016
05-05-2016,Client,129279,190431,685711,186455,498785,298576,508885,554488,160599,60591,119593,63259,1833541,1623111
05-05-2016,TOTAL,322553,322553,1211969,1211969,1020166,838150,1020166,838150,200242,99542,200242,99542,3692622,3692622
05-05-2016,Pro,25346,36659,104281,74846,133032,141328,237952,201667,27162,25341,64063,26195,456490,641382
06-05-2016,Pro,27405,37850,107452,75323,142838,128955,257805,192505,28025,26000,68496,27394,460675,659373
06-05-2016,TOTAL,314988,314988,1214986,1214986,1072465,849616,1072465,849616,214436,104376,214436,104376,3770867,3770867
06-05-2016,FII,141177,95019,415948,575720,234823,407018,291872,84379,13732,14677,19303,10610,1227375,1076903
06-05-2016,Client,130791,174081,680068,184702,530735,313636,522788,572732,172679,63699,126637,66372,1891608,1647312
06-05-2016,DII,15615,8038,11518,379241,164069,7,0,0,0,0,0,0,191209,387279
09-05-2016,DII,13361,6156,11528,379098,164069,0,0,0,0,0,0,0,188958,385254
09-05-2016,Pro,28050,36292,110634,74095,143374,132524,235425,223759,31102,25726,67069,30683,471410,667323
09-05-2016,Client,134733,191648,698972,191523,486012,378666,522224,624216,173426,69956,131816,69551,1941765,1730978
09-05-2016,TOTAL,325141,325141,1232584,1232584,1055778,932272,1055779,932272,219189,111653,219189,111653,3876617,3876618
09-05-2016,FII,148997,91045,411450,587868,262323,421082,298130,84297,14661,15971,20304,11419,1274484,1093063
10-05-2016,TOTAL,329274,329274,1251983,1251983,1068021,986971,1068021,986971,231140,116943,231140,116943,3984332,3984332
10-05-2016,Pro,31633,33718,112173,75331,144159,153693,231590,252933,31238,26699,70263,32135,499595,695970
10-05-2016,FII,146525,95023,411340,602061,265726,434624,301131,92792,15885,17212,21649,11943,1291312,1124599
10-05-2016,Client,140399,194387,717104,192849,494067,398654,535300,641246,184017,73032,139228,72865,2007273,1775875
10-05-2016,DII,10717,6146,11366,381742,164069,0,0,0,0,0,0,0,186152,387888
11-05-2016,Client,133928,167849,699779,195999,507392,398419,545444,653694,199443,77784,147816,77789,2016745,1788591
11-05-2016,TOTAL,306055,306055,1243456,1243456,1084590,1007174,1084590,1007174,247918,124606,247918,124606,4013799,4013799
11-05-2016,DII,9711,6146,11172,381397,164069,0,0,0,0,0,0,0,184952,387543
11-05-2016,Pro,28298,33184,112139,76169,137962,155751,228798,264439,31488,28531,76663,33612,494169,712865
11-05-2016,FII,134118,98876,420366,589891,275167,453004,310348,89041,16987,18291,23439,13205,1317933,1124800
12-05-2016,FII,141304,98489,428200,588862,278999,462531,310013,102008,17674,19370,24015,13731,1348078,1137118
12-05-2016,DII,9613,5718,11050,382627,164069,306,0,0,0,0,0,0,185038,388345
12-05-2016,TOTAL,316063,316063,1251723,1251723,1091947,1065517,1091948,1065517,253268,132175,253268,132175,4110693,4110694
12-05-2016,Pro,25736,36073,114316,77340,151428,149224,229362,282983,32450,29324,77206,37414,502478,740378
12-05-2016,Client,139410,175783,698157,202894,497451,453456,552573,680526,203144,83481,152047,81030,2075099,1844853
13-05-2016,DII,10496,6508,10505,380390,164069,592,0,0,0,0,0,0,185662,386898
13-05-2016,Pro,28825,39266,118131,78438,149132,159234,277833,263982,31970,31282,85966,35740,518574,781225
13-05-2016,TOTAL,305994,305994,1252083,1252083,1171454,1036999,1171454,1036999,273231,131806,273231,131806,4171567,4171567
13-05-2016,Client,131962,164272,694980,195838,581451,397231,565303,668365,222774,81265,161375,81819,2109663,1836972
13-05-2016,FII,134711,95948,428467,597417,276802,479942,328318,104652,18487,19259,25890,14247,1357668,1166472
16-05-2016,TOTAL,304888,304888,1277463,1277463,1168691,1068337,1168691,1068337,288185,137531,288185,137531,4245095,4245095
16-05-2016,Client,134157,162682,711014,201063,569792,424179,574394,691887,235028,85767,169804,84791,2159937,1884621
16-05-2016,DII,10987,6186,10512,382032,164069,592,0,0,0,0,0,0,186160,388218
16-05-2016,FII,132501,96997,430805,611273,283431,494428,329273,103412,18762,19785,27167,14948,1379712,1183070
16-05-2016,Pro,27243,39023,125132,83095,151399,149138,265024,273038,34395,31979,91214,37792,519286,789186
17-05-2016,FII,144973,104320,439664,610632,293050,493739,317667,113702,19688,20160,27305,16559,1411274,1190185
17-05-2016,Pro,24356,40422,129358,89688,158267,143908,254323,295362,36277,32221,93517,41863,524387,815175
17-05-2016,DII,10127,5893,10376,383547,164475,592,0,0,0,0,0,0,185570,389440
17-05-2016,Client,135114,163935,713031,208562,550619,478628,594421,707803,239631,94443,174774,88402,2211466,1937897
17-05-2016,TOTAL,314570,314570,1292429,1292429,1166411,1116867,1166411,1116867,295596,146824,295596,146824,4332697,4332697
18-05-2016,TOTAL,318507,318507,1302051,1302051,1181732,1118842,1181732,1118842,308737,154167,308737,154167,4384036,4384036
18-05-2016,Client,133486,150289,712330,213705,562062,470123,581278,706816,251683,99241,180312,92526,2228925,1924926
18-05-2016,Pro,28653,35009,135812,95210,151927,151209,270901,295119,36863,33657,98339,43476,538121,838054
18-05-2016,DII,10415,5730,10685,386246,164475,592,0,0,0,0,0,0,186167,391976
18-05-2016,FII,145953,127479,443224,606890,303268,496918,329553,116907,20191,21269,30086,18165,1430823,1229080
19-05-2016,Client,143387,157817,711528,218479,684236,438029,623798,699913,266734,97585,185136,93699,2341499,1978842
19-05-2016,TOTAL,331982,331982,1322170,1322170,1291413,1098447,1291413,1098447,323188,153696,323188,153696,4520896,4520896
19-05-2016,Pro,34995,37163,147196,107816,148908,153311,325262,273689,35399,35327,106008,41916,555136,891854
19-05-2016,DII,10752,7854,10691,386113,164475,592,0,0,0,0,0,0,186510,393967
19-05-2016,FII,142848,129148,452755,609762,293794,506515,342353,124845,21055,20784,32044,18081,1437751,1256233
20-05-2016,DII,11658,7468,10631,390405,164475,1592,0,0,0,209,0,0,188565,397873
20-05-2016,TOTAL,324727,324727,1335603,1335603,1321803,1098128,1321803,1098128,328158,157338,328158,157338,4565757,4565757
20-05-2016,Client,141286,154159,716845,218874,716788,437622,633809,691393,270486,101261,184836,93520,2384288,1976591
20-05-2016,FII,138707,125758,450825,605518,293925,512147,352809,130208,20874,20049,35049,20252,1436527,1269594
20-05-2016,Pro,33076,37342,157302,120806,146615,146767,335185,276527,36798,35819,108273,43566,556377,921699
23-05-2016,FII,148396,129432,465210,612823,284705,512810,326741,127826,21886,19846,38294,22155,1452853,1257271
23-05-2016,DII,13350,7215,10785,394427,165128,926,0,0,0,209,0,0,190398,401642
23-05-2016,TOTAL,348817,348817,1392552,1392552,1355180,1114783,1355180,1114783,334910,158886,334910,158886,4705128,4705128
23-05-2016,Pro,31075,35030,179427,146144,161482,155366,373132,282990,39391,36515,111802,44589,603256,993687
23-05-2016,Client,155996,177140,737130,239158,743865,445681,655307,703967,273633,102316,184814,92142,2458621,2052528
24-05-2016,TOTAL,367482,367482,1407221,1407221,1332665,1154890,1332665,1154890,339267,165332,339267,165332,4766857,4766857
24-05-2016,Pro,32850,32973,171393,138361,156046,169968,359115,302676,42256,37588,114544,48701,610101,996370
24-05-2016,FII,157729,145385,481664,621893,285095,504064,327621,132025,23390,20961,40083,24137,1472903,1291144
24-05-2016,Client,163927,181909,743582,248866,726396,479932,645929,720189,273621,106574,184640,92494,2494032,2074027
24-05-2016,DII,12976,7215,10582,398101,165128,926,0,0,0,209,0,0,189821,405316
25-05-2016,Client,166601,227670,762660,262557,568897,603483,625561,715178,250191,116426,174842,92096,2468258,2097904
25-05-2016,TOTAL,432533,432533,1431194,1431194,1215722,1268345,1215723,1268345,323775,176831,323775,176831,4848400,4848401
25-05-2016,FII,227697,157144,502489,637865,308571,496403,295900,140431,22100,21546,40194,27762,1578806,1299296
25-05-2016,DII,10853,5445,10600,404922,165128,678,0,0,0,229,0,0,187488,410367
25-05-2016,Pro,27382,42274,155445,125850,173126,167781,294262,412736,51484,38630,108739,56973,613848,1040834
26-05-2016,TOTAL,329919,329919,1188871,1188871,721585,697284,721584,697284,76557,46775,76557,46775,3060991,3060990
26-05-2016,FII,198428,54881,413492,555857,190282,289346,185159,49515,479,0,1020,151,1092027,846583
26-05-2016,DII,7547,4279,10008,403053,164722,678,0,0,0,0,0,0,182955,407332
26-05-2016,Client,103071,219536,674925,174538,212728,288835,399174,461697,52492,30974,52197,33483,1363025,1340625
26-05-2016,Pro,20873,51223,90446,55423,153853,118425,137251,186072,23586,15801,23340,13141,422984,466450
27-05-2016,TOTAL,355465,355465,1216266,1216266,793582,791229,793581,791229,115403,77415,115403,77415,3349360,3349359
27-05-2016,FII,230802,51048,429867,551909,235674,294200,188082,65932,10012,8743,10718,6281,1209298,873970
27-05-2016,Client,98473,237527,682140,189419,222844,367847,453396,501880,78400,49100,71546,49355,1498804,1503123
27-05-2016,DII,7441,4194,10622,413176,165237,744,0,0,0,0,0,0,184044,417370
27-05-2016,Pro,18749,62696,93637,61762,169827,128438,152103,223417,26991,19572,33139,21779,457214,554896
30-05-2016,Client,98683,236449,692911,190196,233427,407891,474764,531941,98533,56739,86666,56870,1588184,1576886
30-05-2016,Pro,18959,63772,95293,64061,173747,136983,161415,247516,30523,22429,42339,25377,477934,604480
30-05-2016,FII,242259,53335,431993,561950,252799,310856,189031,77017,13834,11522,13885,8443,1263263,903661
30-05-2016,DII,6045,12390,10404,414394,165237,744,0,0,0,0,0,0,182430,426784
30-05-2016,TOTAL,365946,365946,1230601,1230601,825210,856474,825210,856474,142890,90690,142890,90690,3511811,3511811
31-05-2016,Client,99125,244623,710889,197443,245391,439255,494475,553409,113000,62941,96476,62830,1670601,1649256
31-05-2016,DII,5959,12137,10421,419654,165237,835,0,0,0,0,0,0,182452,431791
31-05-2016,Pro,18324,65393,101273,68260,192531,134279,174906,251075,32534,25102,48104,28311,504043,636049
31-05-2016,TOTAL,367062,367062,1264382,1264382,862129,887722,862129,887722,161401,101587,161401,101587,3644283,3644283
31-05-2016,FII,243654,44909,441799,579025,258970,313353,192748,83238,15867,13544,16821,10446,1287187,927187
01-06-2016,Pro,18654,69144,101695,70613,186487,135852,196373,267847,34803,27283,53709,30106,504774,687792
01-06-2016,TOTAL,365823,365823,1273882,1273882,909124,930513,909125,930513,179295,109508,179295,109508,3768145,3768146
01-06-2016,FII,243803,49670,456997,584849,266705,326621,192945,98282,18868,15661,19769,11562,1328655,957077
01-06-2016,Client,97195,236285,704769,199358,290695,467205,519807,564384,125624,66564,105817,67840,1752052,1693491
01-06-2016,DII,6171,10724,10421,419062,165237,835,0,0,0,0,0,0,182664,429786
02-06-2016,Client,102728,237739,711405,207534,262241,458352,513865,562493,131890,73044,113271,72806,1739660,1707708
02-06-2016,TOTAL,371549,371549,1296082,1296082,884749,923225,884749,923225,189319,117353,189319,117353,3782277,3782277
02-06-2016,DII,5928,11537,10577,420708,165237,835,0,0,192,0,0,0,182769,432245
02-06-2016,FII,242193,50355,467438,596259,273954,338165,200022,108742,19318,16538,20320,12561,1357606,988259
02-06-2016,Pro,20700,71918,106662,71581,183317,125873,170862,251990,37919,27771,55728,31986,502242,654065
03-06-2016,DII,5928,14202,10506,420464,165203,835,0,0,192,0,0,0,182664,434666
03-06-2016,Pro,18558,69842,105500,71699,189229,134446,185567,264002,39076,29239,60990,33180,516048,685280
03-06-2016,Client,99350,236523,715861,209054,284336,481096,530230,576240,144659,77288,121037,77910,1802590,1750994
03-06-2016,TOTAL,367918,367918,1299386,1299386,916118,960146,916119,960146,206560,124149,206560,124149,3874277,3874278
03-06-2016,FII,244082,47351,467519,598169,277350,343769,200322,119904,22633,17622,24533,13059,1372975,1003338
06-06-2016,DII,5928,14537,10539,420829,165203,901,0,0,192,0,0,0,182763,435366
06-06-2016,Pro,15998,66609,107237,71341,191370,139376,194333,278119,40167,29988,64519,34899,524136,709820
06-06-2016,Client,91956,238006,725980,208049,300100,502595,541420,584776,154945,80326,128787,80287,1855902,1781325
06-06-2016,TOTAL,363664,363664,1306363,1306363,936062,987475,936062,987475,218650,128880,218650,128880,3941094,3941094
06-06-2016,FII,249782,44512,462607,606144,279389,344603,200309,124580,23346,18566,25344,13694,1378293,1014583
07-06-2016,Client,100991,255227,735450,217613,292749,560641,557571,593224,156112,87450,130999,83436,1933393,1838070
07-06-2016,DII,6287,14804,11857,420105,165203,3510,0,0,192,0,0,0,187049,434909
07-06-2016,Pro,19962,66624,110759,72249,202746,141969,194927,325290,42848,30241,65332,37926,548525,762348
07-06-2016,FII,251843,42428,457835,605934,292732,345892,200932,133498,23530,18309,26351,14638,1390141,1023781
07-06-2016,TOTAL,379083,379083,1315901,1315901,953430,1052012,953430,1052012,222682,136000,222682,136000,4059108,4059108
08-06-2016,TOTAL,377431,377431,1319759,1319759,970814,1120486,970813,1120486,229696,142040,229696,142040,4160226,4160225
08-06-2016,DII,6691,14644,11832,418361,165203,3510,0,0,192,0,0,0,187428,433005
08-06-2016,Client,102097,255858,736668,225136,303414,593856,562086,637849,162485,91977,135165,87710,1990497,1903804
08-06-2016,Pro,19292,63149,112171,71743,203825,153867,208070,344642,43469,31136,67171,38859,563760,793634
08-06-2016,FII,249351,43780,459088,604519,298372,369253,200657,137995,23550,18927,27360,15471,1418541,1029782
09-06-2016,Client,95083,264395,739855,226105,288767,526400,532576,612704,170258,93287,139033,89431,1913650,1864244
09-06-2016,Pro,16993,56647,114096,71356,176184,148473,194731,307942,43058,32806,69609,39495,531610,739780
09-06-2016,FII,258099,41183,453110,604427,299084,384709,201931,140801,24600,19410,29597,16577,1439012,1034516
09-06-2016,TOTAL,376869,376869,1318916,1318916,929238,1061447,929238,1061447,238239,145503,238239,145503,4070212,4070212
09-06-2016,DII,6694,14644,11855,417028,165203,1865,0,0,323,0,0,0,185940,431672
10-06-2016,Client,94007,271334,745690,225359,330371,528734,542851,627105,177453,93750,142610,90910,1970005,1900169
10-06-2016,FII,259695,37512,447956,607692,299130,392838,210827,144361,26019,19875,31864,17316,1445513,1049572
10-06-2016,DII,6756,15133,10793,415979,165203,2665,0,0,323,0,0,0,185740,431112
10-06-2016,TOTAL,376094,376094,1321259,1321259,979686,1089692,979686,1089692,246890,147143,246890,147143,4160764,4160764
10-06-2016,Pro,15636,52115,116820,72229,184982,165455,226008,318226,43095,33518,72416,38917,559506,779911
13-06-2016,FII,247443,35378,439034,625583,287138,409995,210726,138199,27055,19731,33586,16816,1430396,1060288
13-06-2016,TOTAL,362263,362263,1335309,1335309,998514,1078272,998514,1078272,259176,146963,259176,146963,4180497,4180497
13-06-2016,DII,7396,11324,9903,415188,165203,2665,0,0,323,0,0,0,185490,426512
13-06-2016,Pro,19066,48952,122673,72985,177538,166475,241806,304557,41892,34396,77408,38055,562040,783763
13-06-2016,Client,88358,266609,763699,221553,368635,499137,545982,635516,189906,92836,148182,92092,2002571,1909934
14-06-2016,Client,93120,248267,761591,218657,412562,465040,544587,646813,197494,94821,152435,94016,2024628,1904775
14-06-2016,TOTAL,340074,340074,1337204,1337204,1016317,1088555,1016318,1088555,267993,149897,267993,149897,4200040,4200041
14-06-2016,DII,8216,11474,10330,415485,165203,2665,0,0,192,35,0,0,186641,426959
14-06-2016,Pro,22697,45569,123621,71801,173015,176334,250427,310203,42171,34465,80536,38573,572303,797109
14-06-2016,FII,216041,34764,441662,631261,265537,444516,221304,131539,28136,20576,35022,17308,1416468,1071198
15-06-2016,DII,8718,9743,10580,414093,165203,2830,0,0,192,35,0,0,187558,423836
15-06-2016,FII,205475,34833,441025,635878,270477,470045,230465,137615,29059,21661,34794,18816,1437742,1092401
15-06-2016,Pro,23567,45402,127665,74020,189125,185726,256758,361186,43709,33771,79062,41537,603563,857965
15-06-2016,TOTAL,336219,336219,1342066,1342066,1031536,1205197,1031537,1205197,269161,157483,269161,157483,4341662,4341663
15-06-2016,Client,98459,246241,762796,218075,406731,546596,544314,706396,196201,102016,155305,97130,2112799,1967461
16-06-2016,TOTAL,314029,314029,1337373,1337373,1016668,1114187,1016668,1114187,279686,158592,279686,158592,4220535,4220535
16-06-2016,Pro,17881,44254,128660,76141,179910,171420,244706,323525,43038,35240,84472,40679,576149,813777
16-06-2016,FII,194562,31162,442323,639181,253126,485335,249615,133635,30041,22658,36019,19083,1428045,1108695
16-06-2016,DII,8589,9055,11220,412150,165203,2830,0,0,192,35,9,0,188069,421214
16-06-2016,Client,92997,229558,755170,209901,418429,454602,522347,657027,206415,100659,159186,98830,2028272,1876849
17-06-2016,DII,8580,9493,11264,409322,165203,2830,0,0,192,35,9,0,188104,418824
17-06-2016,Pro,18263,42528,130467,77939,181716,174031,249528,337185,43840,34961,84885,42826,583278,834891
17-06-2016,Client,94799,224757,754979,210307,446094,481714,532576,678012,209436,105783,162607,100462,2092805,1908721
17-06-2016,TOTAL,311958,311958,1341770,1341770,1048113,1155417,1048113,1155417,283990,163990,283990,163990,4305238,4305238
17-06-2016,FII,190316,35180,445060,644202,255100,496842,266009,140220,30522,23211,36489,20702,1441051,1142802
20-06-2016,Client,109030,229807,754163,217439,447131,548956,546024,713718,203165,111215,161569,101178,2173660,1969735
20-06-2016,DII,12535,8487,11273,406989,165203,3630,0,0,192,35,9,0,192868,415485
20-06-2016,FII,185120,53740,447720,641620,255876,490072,268826,148703,30514,24010,36239,22096,1433312,1171224
20-06-2016,Pro,26638,41289,134506,81614,198265,179294,251625,359531,48398,34590,84452,46576,621691,865087
20-06-2016,TOTAL,333323,333323,1347662,1347662,1066475,1221952,1066475,1221952,282269,169850,282269,169850,4421531,4421531
21-06-2016,TOTAL,326504,326504,1345777,1345777,1106082,1241605,1106081,1241605,290107,172444,290107,172444,4482519,4482518
21-06-2016,FII,178738,57055,451044,639604,263779,481056,275828,156198,31143,25094,37194,22899,1430854,1188778
21-06-2016,DII,12069,11201,11378,399688,165203,3738,0,0,192,35,9,0,192615,410898
21-06-2016,Client,112202,217637,746505,220010,479057,569827,560330,728560,210975,111907,165357,103030,2230473,1994924
21-06-2016,Pro,23495,40611,136850,86475,198043,186984,269923,356847,47797,35408,87547,46515,628577,887918
22-06-2016,FII,170921,56977,456296,636333,263657,496922,284966,168802,32420,25370,37569,23819,1445586,1208466
22-06-2016,DII,11742,12047,11822,392670,165203,3843,0,0,192,70,9,0,192872,404726
22-06-2016,TOTAL,313380,313380,1340278,1340278,1170493,1269090,1170493,1269090,294624,172467,294624,172467,4560332,4560332
22-06-2016,Pro,25399,39171,139941,91280,202285,192522,303022,358642,48376,36018,89357,46201,644541,927673
22-06-2016,Client,105318,205185,732219,219995,539348,575803,582505,741646,213636,111009,167689,102447,2277333,2019467
23-06-2016,Pro,30161,40185,141960,94578,199777,185417,270180,363248,50102,36856,86639,48872,644273,903702
23-06-2016,FII,176951,58191,457226,627811,263390,521432,281988,183489,32830,26104,38699,27004,1477933,1217182
23-06-2016,DII,12142,11841,12082,389387,165203,3457,0,0,192,101,11,0,193177,401239
23-06-2016,TOTAL,326755,326755,1333016,1333016,1102197,1297735,1102197,1297735,296912,180429,296912,180429,4537044,4537044
23-06-2016,Client,107501,216538,721748,221240,473827,587429,550029,750998,213788,117368,171563,104553,2221661,2014921
24-06-2016,FII,146010,57864,456055,620570,270557,539452,292744,151590,32973,26285,45277,27813,1471332,1195858
24-06-2016,Client,105074,197782,702127,212818,546356,524886,551041,750608,229295,104641,166384,98784,2212379,1977417
24-06-2016,DII,14987,9934,12043,386549,165203,5970,0,0,192,26,14,0,198421,396497
24-06-2016,Pro,38394,38885,154111,104399,193705,176945,332036,345055,47536,41079,98321,45434,651770,964130
24-06-2016,TOTAL,304465,304465,1324336,1324336,1175821,1247253,1175821,1247253,309996,172031,309996,172031,4533902,4533902
27-06-2016,Client,109177,201876,697071,226088,588668,555711,579291,766492,236769,112140,170579,101484,2299536,2045810
27-06-2016,TOTAL,320257,320257,1322131,1322131,1220549,1287202,1220549,1287202,318691,179084,318691,179084,4647914,4647914
27-06-2016,FII,158461,75137,460611,612258,273084,539122,299603,153337,31742,25460,46169,27763,1488480,1214267
27-06-2016,DII,14963,7185,11972,374923,165203,5970,0,0,192,26,14,0,198326,382122
27-06-2016,Pro,37656,36059,152477,108862,193594,186399,341655,367373,49988,41458,101929,49837,661572,1005715
28-06-2016,Client,116650,197078,685644,227168,601737,589518,602000,785714,236558,113962,170573,101629,2344069,2084162
28-06-2016,Pro,38404,36643,147181,112058,194654,197209,346107,402952,52451,42181,103540,52299,672080,1053599
28-06-2016,DII,14962,7288,11973,359820,165203,5970,0,0,192,13,14,0,198313,367122
28-06-2016,FII,161189,90196,446315,592067,286122,550136,299608,154167,32156,26147,47230,28375,1502065,1211643
28-06-2016,TOTAL,331205,331205,1291113,1291113,1247716,1342833,1247715,1342833,321357,182303,321357,182303,4716527,4716526
29-06-2016,TOTAL,341130,341130,1248857,1248857,1222909,1422313,1222909,1422313,308570,183748,308570,183748,4727527,4727527
29-06-2016,DII,14882,7196,12137,345757,165203,3846,0,0,192,0,5,0,196260,352958
29-06-2016,Pro,36447,38281,134804,106252,199779,194746,331388,457978,53823,42608,99839,53546,662207,1087284
29-06-2016,FII,174007,91829,441717,568912,286989,559767,294963,158921,30700,26087,46432,29375,1519267,1190432
29-06-2016,Client,115794,203824,660199,227936,570938,663954,596558,805414,223855,115053,162294,100827,2349793,2096853
30-06-2016,Pro,21517,51762,82961,48780,162464,127682,181554,185445,16305,13816,23560,10457,424745,501558
30-06-2016,TOTAL,309358,309358,976312,976312,720487,690986,720487,690986,68882,39323,68882,39323,2805348,2805348
30-06-2016,DII,14626,6156,8424,305329,148630,3695,0,0,53,0,0,0,175428,311485
30-06-2016,Client,94793,214915,580802,175003,232171,314343,365924,431914,51768,25507,45185,28406,1299384,1261347
30-06-2016,FII,178422,36525,304125,447200,177222,245266,173009,73627,756,0,137,460,905791,730958
01-07-2016,FII,183644,37685,309383,452381,185392,262639,177437,80704,5237,5087,4172,4184,951382,756563
01-07-2016,DII,13849,12083,8540,306964,148630,3695,0,0,53,0,0,0,174767,319047
01-07-2016,TOTAL,315230,315230,992993,992993,788644,787495,788644,787495,104829,58820,104829,58820,3048011,3048011
01-07-2016,Pro,21840,55927,86415,51589,176836,141502,198310,222316,22374,17628,34725,14680,466595,577547
01-07-2016,Client,95897,209535,588655,182059,277786,379659,412897,484475,77165,36105,65932,39956,1455267,1394854
04-07-2016,DII,10785,12089,8620,307595,148630,3695,0,0,45,0,2,0,171775,319686
04-07-2016,Pro,23565,62285,89636,54067,188494,148426,197172,258097,26661,20450,40790,17506,497232,629917
04-07-2016,FII,188718,41385,316929,451258,199507,277811,184082,91657,7614,8221,7609,6370,998800,782361
04-07-2016,TOTAL,323082,323082,1000506,1000506,821333,878948,821333,878947,127271,72149,127271,72149,3223289,3223288
04-07-2016,Client,100014,207323,585321,187586,284702,449016,440079,529193,92951,43478,78870,48273,1555482,1491324
05-07-2016,Client,100239,201613,592588,186906,324183,461434,461222,550353,111078,47924,91070,54187,1637446,1545351
05-07-2016,FII,191354,42005,319389,459357,207569,290474,189262,101098,10333,10571,10964,7791,1029690,810477
05-07-2016,TOTAL,319475,319475,1011592,1011592,867772,904830,867772,904829,149325,81317,149325,81317,3334311,3334310
05-07-2016,Pro,19939,60576,90875,55933,187390,149227,217288,253378,27813,22822,47289,19339,498066,653803
05-07-2016,DII,7943,15281,8740,309396,148630,3695,0,0,101,0,2,0,169109,324679
07-07-2016,Pro,17036,57182,93161,57990,178752,143362,202276,238398,29958,24657,53548,21823,486926,631217
07-07-2016,TOTAL,316695,316695,1031262,1031262,836330,885529,836330,885529,170578,92249,170578,92249,3332643,3332643
07-07-2016,FII,189425,43576,317982,466378,209638,297166,191527,101453,13169,13568,14237,10618,1040948,827789
07-07-2016,Client,102291,200656,610795,194751,299326,441294,442527,545678,127364,54024,102791,59808,1635094,1546211
07-07-2016,DII,7943,15281,9324,312143,148614,3707,0,0,87,0,2,0,169675,327426
08-07-2016,Client,98590,192302,608301,197183,332745,458777,459510,567969,139649,56731,111385,63343,1694793,1591692
08-07-2016,TOTAL,312457,312457,1038561,1038561,877709,916257,877709,916256,185977,97401,185977,97401,3428362,3428361
08-07-2016,DII,7956,15281,10826,312989,148614,3695,0,0,87,0,4,0,171178,328274
08-07-2016,Pro,16030,57011,94832,59429,179766,146134,216748,246005,31395,25851,57848,22485,494008,659526
08-07-2016,FII,189881,47863,324602,468960,216584,307651,201451,102282,14846,14819,16740,11573,1068383,848869
11-07-2016,DII,8007,15281,12333,312984,148614,3695,0,0,87,0,4,0,172736,328269
11-07-2016,Client,104980,213711,621337,205419,328917,526604,488919,597103,141635,66224,116877,68361,1789697,1690390
11-07-2016,FII,208959,49485,324792,478004,233373,319575,198615,109085,15594,16427,18139,13638,1118720,866966
11-07-2016,TOTAL,343004,343004,1057046,1057046,914022,1004752,914022,1004752,192918,108102,192918,108102,3619844,3619844
11-07-2016,Pro,21058,64527,98584,60639,203118,154878,226488,298564,35602,25451,57898,26103,538691,734219
12-07-2016,FII,226250,48748,328563,483867,246602,323172,197579,112316,18014,19280,20527,16246,1161881,879283
12-07-2016,DII,8002,20612,12489,311963,148614,3695,0,0,87,0,4,0,172887,332579
12-07-2016,Client,110726,229266,633130,216630,336112,604198,513607,638700,147317,74764,123159,75186,1906247,1796548
12-07-2016,Pro,21906,68258,100487,62209,209181,160133,229322,340181,38491,26609,60219,29221,556807,789410
12-07-2016,TOTAL,366884,366884,1074669,1074669,940509,1091198,940508,1091197,203909,120653,203909,120653,3797822,3797820
13-07-2016,Client,106911,231096,630185,213039,399528,620420,552618,649966,162808,80742,133911,80293,2000594,1860923
13-07-2016,DII,8002,22616,11391,310894,150068,3695,0,0,84,0,2,0,173240,333512
13-07-2016,FII,236550,48475,330689,482657,256993,335965,209961,119934,19945,20649,23613,17734,1200791,902374
13-07-2016,Pro,20010,69286,98846,64521,209577,156285,253587,346465,40293,28764,65604,32128,553775,831591
13-07-2016,TOTAL,371473,371473,1071111,1071111,1016166,1116365,1016166,1116365,223130,130155,223130,130155,3928400,3928400
14-07-2016,TOTAL,387540,387540,1090805,1090805,992942,1097162,992942,1097162,241751,149665,241751,149665,3959865,3959865
14-07-2016,Pro,22154,69499,102569,66644,212288,153460,246289,342477,46468,31999,70329,40082,568938,835320
14-07-2016,FII,244453,49567,330530,490877,255106,348028,208206,119440,20809,22440,25082,21264,1221366,914436
14-07-2016,Client,112939,245858,646711,220893,375480,591979,538447,635245,174390,95206,146338,88319,1996705,1875100
14-07-2016,DII,7994,22616,10995,312391,150068,3695,0,0,84,20,2,0,172856,335009
15-07-2016,FII,257243,50951,330631,505259,256321,354805,216339,128005,22330,24453,28902,23573,1245783,953029
15-07-2016,Client,113430,257022,663774,223667,422439,605574,553920,655269,207446,99914,162968,94348,2112577,1947194
15-07-2016,Pro,19837,67987,106372,69101,202201,158527,260770,339327,46524,36706,84514,43152,570167,864851
15-07-2016,TOTAL,398576,398576,1110970,1110970,1031029,1122601,1031029,1122601,276384,161073,276384,161073,4100633,4100633
15-07-2016,DII,8066,22616,10193,312943,150068,3695,0,0,84,0,0,0,172106,335559
18-07-2016,TOTAL,402288,402288,1114003,1114003,1082941,1146386,1082941,1146386,291973,163134,291973,163134,4200725,4200725
18-07-2016,Pro,18081,65854,106035,72106,205670,165087,276792,346316,45949,38040,90674,43144,578862,894886
18-07-2016,Client,109621,265940,669585,221201,460440,608374,581728,664617,222116,100072,171024,95426,2170208,1999936
18-07-2016,DII,7800,22774,10185,311649,150068,4195,0,0,84,0,14,0,172332,334437
18-07-2016,FII,266786,47720,328198,509047,266763,368730,224421,135453,23824,25022,30261,24564,1279323,971466
19-07-2016,DII,7566,23064,9697,311752,150568,4195,0,0,77,0,20,0,172103,334836
19-07-2016,FII,275890,48389,330553,515764,270295,378333,237089,137754,24623,24970,32146,25381,1304664,996523
19-07-2016,Pro,17780,65312,110662,75328,203981,161823,273569,356787,46058,37783,90839,45112,578087,906947
19-07-2016,TOTAL,412500,412500,1126276,1126276,1108107,1186252,1108107,1186252,295574,167115,295574,167115,4295824,4295824
19-07-2016,Client,111264,275735,675364,223432,483263,641901,597449,691711,224816,104362,172569,96622,2240970,2057518
20-07-2016,DII,7566,23040,9149,314026,151843,4195,0,0,77,0,20,0,172830,337086
20-07-2016,FII,279445,51003,328507,527288,270875,386029,241852,144475,24762,25481,31995,26474,1315099,1023087
20-07-2016,Pro,21302,65549,114770,78022,204785,167650,272143,374330,48335,37875,89705,47943,594717,927692
20-07-2016,TOTAL,426274,426274,1144499,1144499,1120755,1234522,1120756,1234522,295875,172825,295875,172825,4394750,4394751
20-07-2016,Client,117961,286682,692073,225163,493252,676648,606761,715717,222701,109469,174155,98408,2312104,2106886
21-07-2016,TOTAL,419949,419949,1146445,1146445,1107013,1139801,1107013,1139801,305493,175665,305493,175665,4294366,4294366
21-07-2016,Pro,16849,64567,116097,83778,189023,159607,264770,325814,47389,40345,94498,47536,569310,880963
21-07-2016,FII,285753,52401,329316,528501,279332,396230,243985,148251,25894,25937,33775,28022,1342462,1034935
21-07-2016,DII,7619,24272,9232,313431,151843,3945,0,0,77,243,12,0,172959,337715
21-07-2016,Client,109728,278709,691800,220735,486815,580019,598258,665736,232133,109140,177208,100107,2209635,2040753
22-07-2016,Client,109374,284189,701316,225278,505681,614589,607045,674592,227797,113888,175853,102644,2272645,2069601
22-07-2016,TOTAL,426874,426874,1154406,1154406,1117569,1176916,1117570,1176916,304131,181004,304131,181004,4360900,4360901
22-07-2016,DII,7619,23688,9222,315232,152343,3695,0,0,77,243,12,0,173199,338932
22-07-2016,Pro,15137,66026,124234,86300,195854,157034,264112,349268,50236,40783,93892,49728,583278,909326
22-07-2016,FII,294744,52971,319634,527596,263691,401598,246413,153056,26021,26090,34374,28632,1331778,1043042
25-07-2016,Client,116982,292815,711060,229138,490602,678199,612102,717189,220183,118380,172576,102586,2335406,2126406
25-07-2016,FII,302211,64598,323686,539936,270877,405672,244899,158475,25648,26591,34951,30024,1354685,1072883
25-07-2016,TOTAL,447305,447305,1175827,1175827,1114933,1257953,1114933,1257953,298724,185658,298724,185658,4480400,4480400
25-07-2016,Pro,20493,66189,131278,92856,200611,170387,257932,382289,52816,40444,91185,53048,616029,943499
25-07-2016,DII,7619,23703,9803,313897,152843,3695,0,0,77,243,12,0,174280,337612
26-07-2016,FII,341320,97921,330615,553778,269252,407689,246194,164093,25267,25820,36368,30484,1399963,1128838
26-07-2016,Pro,18289,61281,131829,98889,194054,175100,265682,362028,53214,43340,97303,53783,615826,938966
26-07-2016,Client,154832,339155,765567,272055,538303,655548,642575,718405,227459,118925,172444,104061,2460634,2248695
26-07-2016,TOTAL,522060,522060,1237875,1237875,1154452,1244525,1154451,1244526,306127,188328,306127,188328,4653367,4653367
26-07-2016,DII,7619,23703,9864,313153,152843,6188,0,0,187,243,12,0,176944,336868
27-07-2016,TOTAL,552318,552318,1269833,1269833,1180647,1286735,1180646,1286736,309157,191239,309157,191239,4789929,4789929
27-07-2016,DII,7619,24103,9752,313351,152843,6188,0,0,77,243,15,0,176722,337469
27-07-2016,Pro,22449,59955,130339,96744,191456,186094,283189,405600,56518,44579,99974,55208,631435,1000670
27-07-2016,FII,356254,111891,346892,573181,282531,408396,241046,166249,24607,25736,36573,31204,1444416,1160144
27-07-2016,Client,165996,356369,782850,286557,553817,686057,656411,714887,227955,120681,172595,104827,2537356,2291646
28-07-2016,Client,85237,249250,638217,183667,238695,279939,397466,427538,57920,28918,50681,30318,1328926,1338920
28-07-2016,Pro,16363,51256,88962,49983,145338,129372,156773,164353,17544,13643,24767,11698,411222,458830
28-07-2016,DII,7620,25006,6566,300826,152843,5255,0,0,0,0,0,0,172284,325832
28-07-2016,FII,249117,32825,280743,480012,190264,260792,172901,83467,599,0,615,545,981515,770365
28-07-2016,TOTAL,358337,358337,1014488,1014488,727140,675358,727140,675358,76063,42561,76063,42561,2893947,2893947
29-07-2016,DII,9076,24606,6249,307572,152843,5266,0,0,0,0,2,0,173434,332180
29-07-2016,Client,87511,254912,662459,188475,293450,310707,439410,472047,87899,41227,73768,43639,1483253,1472251
29-07-2016,Pro,16603,51416,93225,53375,152461,144264,181478,182301,23910,18076,36692,16549,448539,521811
29-07-2016,TOTAL,364798,364798,1044352,1044352,800907,745313,800907,745313,117110,64758,117110,64758,3137238,3137238
29-07-2016,FII,251608,33864,282419,494930,202153,285076,180019,90965,5301,5455,6648,4570,1032012,810996
01-08-2016,Client,88603,264547,684025,192663,376301,334367,504087,495761,111190,50292,91730,52911,1644778,1601699
01-08-2016,DII,9364,24413,6156,310207,152843,5266,0,0,0,6,10,0,173635,334630
01-08-2016,FII,260640,33036,284042,511235,210973,304763,189895,99746,10397,9619,13015,8306,1080434,855233
01-08-2016,Pro,17792,54403,95475,55593,165869,165073,212004,213962,27683,22129,44515,20829,494021,601306
01-08-2016,TOTAL,376399,376399,1069698,1069698,905986,809469,905986,809469,149270,82046,149270,82046,3392868,3392868
02-08-2016,Pro,18570,54325,98967,57580,182031,170606,245901,222319,30949,24779,53083,23634,525902,656842
02-08-2016,TOTAL,381630,381630,1087617,1087617,984833,849611,984833,849611,172778,93152,172778,93152,3569621,3569621
02-08-2016,FII,263334,35874,287624,527360,210936,321927,199377,98581,12034,10919,15510,9674,1106774,886376
02-08-2016,DII,9372,25032,6428,311114,153243,5266,0,0,0,0,27,0,174309,336173
02-08-2016,Client,90354,266399,694598,191563,438623,351812,539555,528711,129795,57454,104158,59844,1762636,1690230
03-08-2016,DII,9653,27792,7101,318519,153239,6066,0,0,0,0,27,0,176059,346338
03-08-2016,TOTAL,400080,400080,1111530,1111530,1098193,884527,1098193,884527,196101,100411,196101,100411,3790842,3790842
03-08-2016,FII,265701,38805,286170,546346,211919,346933,216262,100104,14284,12268,18550,11295,1137275,931362
03-08-2016,Pro,27018,57732,102413,58849,186837,183488,298134,227587,31876,27967,62046,24625,559599,728973
03-08-2016,Client,97708,275751,715846,187816,546198,348040,583797,556836,149941,60176,115478,64491,1917909,1784169
04-08-2016,FII,273018,35476,289192,552659,215316,374703,220516,98247,16101,13616,20213,11992,1181946,939103
04-08-2016,Client,91814,280248,729154,192303,438583,330497,521499,555162,160902,64075,124091,68276,1815025,1741579
04-08-2016,TOTAL,396697,396697,1129717,1129717,979751,868946,979751,868946,211053,106239,211053,106239,3692403,3692403
04-08-2016,Pro,22200,57845,104212,60471,172613,157855,237736,215537,34050,28548,66724,25971,519478,664284
04-08-2016,DII,9665,23128,7159,324284,153239,5891,0,0,0,0,25,0,175954,347437
05-08-2016,DII,9662,25656,7345,325959,153213,5891,0,0,0,0,23,0,176111,351638
05-08-2016,TOTAL,405697,405697,1142450,1142450,950088,932926,950088,932926,218522,116401,218522,116401,3766084,3766084
05-08-2016,Client,95102,283329,730885,198932,381838,393600,522079,586377,163685,71679,128743,72832,1836789,1792292
05-08-2016,FII,283976,38711,294799,558480,231048,382335,210692,101545,16922,15518,21249,13944,1224598,944621
05-08-2016,Pro,16957,58001,109421,59079,183989,151100,217317,245004,37915,29204,68507,29625,528586,677533
08-08-2016,TOTAL,417316,417316,1159443,1159443,957231,971257,957231,971257,234813,125233,234813,125233,3865293,3865293
08-08-2016,Pro,19862,59089,111246,60526,180463,148622,214070,260162,39037,30227,73953,32729,529457,700529
08-08-2016,FII,291336,39565,295467,568294,232783,391120,206191,103044,18658,17433,23491,15152,1246797,955737
08-08-2016,DII,9648,29182,7510,326453,153183,5891,0,0,0,20,31,0,176252,355666
08-08-2016,Client,96470,289480,745220,204170,390802,425624,536970,608051,177118,77553,137338,77352,1912787,1853361
09-08-2016,TOTAL,420699,420699,1177371,1177371,1016101,1004995,1016101,1004995,257645,132494,257645,132494,4009305,4009305
09-08-2016,Client,96655,291635,761557,204295,446671,440629,570018,626984,197328,81016,148325,81388,2023856,1922645
09-08-2016,FII,296983,42673,293146,583934,238375,408237,212517,106068,20847,18167,26287,16316,1275755,987795
09-08-2016,DII,9649,29453,7396,328112,154183,5891,0,0,0,20,23,0,177139,357588
09-08-2016,Pro,17412,56938,115272,61030,176872,150238,233566,271943,39470,33291,83010,34790,532555,741277
10-08-2016,Client,101538,300269,773463,202050,562620,416934,598857,655399,217165,80987,157487,83609,2152707,1997671
10-08-2016,TOTAL,433152,433152,1185666,1185666,1125499,1024488,1125499,1024488,277643,135673,277643,135673,4182121,4182121
10-08-2016,Pro,22763,59899,112379,62908,175482,165887,291586,261766,37482,36292,92202,34694,550285,803055
10-08-2016,DII,9622,29744,7203,327286,155514,7323,0,0,0,20,15,0,179682,357045
10-08-2016,FII,299229,43240,292621,593422,231883,434344,235056,107323,22996,18374,27939,17370,1299447,1024350
11-08-2016,DII,9595,27080,8364,328783,156014,7456,0,0,0,20,7,0,181449,355870
11-08-2016,FII,299094,43447,290031,605560,231467,450335,242209,109976,23145,19177,28977,17765,1313249,1047934
11-08-2016,Client,96835,300095,778935,196625,495998,377108,548123,629930,228317,83664,163276,85048,2060857,1923097
11-08-2016,Pro,23241,58143,117424,63786,164712,167147,257859,262140,38588,36226,97790,36274,547338,775992
11-08-2016,TOTAL,428765,428765,1194754,1194754,1048191,1002046,1048191,1002046,290050,139087,290050,139087,4102893,4102893
12-08-2016,FII,293850,40738,295895,603370,245668,439842,229888,112351,23855,20197,29819,19841,1319307,1036007
12-08-2016,DII,9609,26974,9430,328468,156014,5891,0,0,0,5,7,0,180949,355449
12-08-2016,Client,100411,299538,779163,206153,453883,446382,560171,648864,232319,95678,168732,91175,2107836,1974633
12-08-2016,TOTAL,424781,424781,1202659,1202659,1029751,1067371,1029751,1067371,299783,152821,299783,152821,4177166,4177166
12-08-2016,Pro,20911,57531,118171,64668,174186,175256,239692,306156,43609,36941,101225,41805,569074,811077
16-08-2016,FII,296621,44796,299325,600329,244220,448740,232308,111064,24382,20420,30900,20200,1333708,1039597
16-08-2016,DII,9609,30477,9527,327214,155101,5891,0,0,0,5,7,0,180133,357698
16-08-2016,Client,100938,299443,775763,210474,501772,468222,584182,676349,240654,98996,173485,94108,2186345,2038041
16-08-2016,Pro,26075,58527,119827,66425,179648,178752,264251,314192,44338,38469,104982,43582,587109,851959
16-08-2016,TOTAL,433243,433243,1204442,1204442,1080741,1101605,1080741,1101605,309374,157890,309374,157890,4287295,4287295
17-08-2016,TOTAL,438469,438469,1212376,1212376,1135520.667,1138254,1135520.667,1138254,315100,160640,315100,160640,4400359.667,4400359.667
17-08-2016,DII,9609,30477,9524,326256,155601,5891,0,0,0,5,23,0,180630,356756
17-08-2016,Pro,25350,61852,123352,69503,192335,185344,278500,332267,44456,39697,108267,43629,610534,894018
17-08-2016,FII,298261,48577,302912,599952,243048,461018,238042,114736,23953,21234,31100,20474,1350426,1052881
17-08-2016,Client,105249,297563,776588,216665,544537,486001,618978,691251,246691,99704,175710,96537,2258770,2096704
18-08-2016,Client,108646,303704,781988,221186,473016,477451,580160,675474,243048,102506,174563,98257,2186655,2053344
18-08-2016,TOTAL,452052,452052,1227065,1227065,1068934.667,1138297,1068934.667,1138297,312161,164413,312161,164413,4362922.667,4362922.667
18-08-2016,DII,9882,30442,10104,329736,155601,5891,0,0,0,5,22,0,181483,360200
18-08-2016,Pro,28450,63375,127797,74043,183583,180600,250111,341190,44742,39764,105663,44925,604936,879307
18-08-2016,FII,305074,54531,307176,602100,256735,474355,238663,121633,24371,22138,31913,21231,1389849,1070071
19-08-2016,DII,9611,30135,11311,332993,155601,6064,0,0,0,5,22,0,182592,363150
19-08-2016,FII,310828,56598,303133,596296,256995,486157,247444,122220,24081,23958,33319,21903,1405152,1077780
19-08-2016,Client,107686,303312,787526,227411,499369,511635,601922,706461,241126,104918,173018,101872,2252260,2113996
19-08-2016,TOTAL,456820,456820,1236981,1236981,1102245,1199356,1102244,1199357,311919,170244,311919,170244,4477565,4477565
19-08-2016,Pro,28695,66775,135011,80281,190280,195500,252878,370676,46712,41363,105560,46469,637561,922639
22-08-2016,FII,318488,71551,316159,612971,262982,482232,245404,126503,24589,23184,33500,22015,1427634,1111944
22-08-2016,DII,9649,30135,11428,333319,155601,6664,0,0,0,5,22,0,183347,363476
22-08-2016,TOTAL,471369,471369,1256937,1256937,1207712,1191909,1207711,1191910,322448,170110,322448,170110,4620485,4620485
22-08-2016,Pro,32613,64661,138955,85098,208058,200803,292269,361156,47655,43429,111742,45684,671513,960610
22-08-2016,Client,110619,305022,790395,225549,581071,502210,670038,704251,250204,103492,177184,102411,2337991,2184455
23-08-2016,Pro,36693,64751,143505,88504,220317,208736,301148,378760,51426,44367,112096,46675,705044,991934
23-08-2016,Client,122976,311477,803071,231727,584189,535980,671169,725919,248883,104547,179151,102536,2399646,2221979
23-08-2016,TOTAL,495105,495105,1290569,1290569,1218685,1232615,1218685,1232615,325324,171594,325324,171594,4733892,4733892
23-08-2016,DII,9645,29868,11678,335331,155601,7331,0,0,0,5,27,0,184260,365226
23-08-2016,FII,325791,89009,332315,635007,258578,480568,246368,127936,25015,22675,34050,22383,1444942,1154753
24-08-2016,TOTAL,494058,494058,1308531,1308531,1205516,1256247,1205516,1256247,318015,172633,318015,172633,4755000,4755000
24-08-2016,DII,9646,29849,12127,339815,153245,6531,0,0,0,5,28,0,181554,369692
24-08-2016,Client,124225,303389,808271,240968,582008,545736,664957,735138,241410,105211,174904,102012,2406861,2221368
24-08-2016,Pro,30876,63921,142633,86804,202134,207721,286884,391488,52967,44969,110050,47426,681300,986573
24-08-2016,FII,329311,96899,345500,640944,268129,496259,253675,129621,23638,22448,33033,23195,1485285,1177367
25-08-2016,FII,302836,41061,248628,551363,212213,302337,165767,70902,1554,0,72,1216,1067568,830381
25-08-2016,Client,91180,306086,766311,187343,217663,271799,410368,479556,51622,24294,44889,32254,1422869,1460496
25-08-2016,TOTAL,418413,418413,1118495,1118495,735608,734038,735608,734038,67827,42241,67827,42241,3116622,3116622
25-08-2016,Pro,15024,48543,95736,46113,152247,156331,159473,183580,14651,17947,22860,8771,451936,469340
25-08-2016,DII,9373,22723,7820,333676,153485,3571,0,0,0,0,6,0,174249,356405
26-08-2016,Pro,14464,53488,96897,49345,178414,169546,176688,223842,19300,22897,31821,13068,501518,548252
26-08-2016,FII,315157,37518,253996,559759,224842,340273,188260,87350,9757,7801,7901,6962,1151826,887750
26-08-2016,TOTAL,433834,433834,1148539,1148539,822574,845308,822574,845308,104227,64322,104227,64322,3418804,3418804
26-08-2016,DII,9373,24747,7920,341251,154505,38587,0,0,0,0,14,0,210385,366012
26-08-2016,Client,94840,318081,789726,198184,264813,296902,457626,534116,75170,33624,64491,44292,1555075,1616790
29-08-2016,Client,101863,321139,796188,206569,293036,351375,496268,568856,91742,40834,79113,51651,1675038,1723596
29-08-2016,DII,9366,20417,7920,346390,154505,41087,0,0,0,0,14,0,212878,366821
29-08-2016,Pro,15976,64093,100769,51109,196746,171085,186859,247005,24775,25863,38330,16321,535214,603717
29-08-2016,TOTAL,445192,445192,1166383,1166383,878381,917194,878381,917195,129729,78401,129729,78401,3615280,3615281
29-08-2016,FII,317987,39543,261506,562315,234094,353647,195254,101334,13212,11704,12272,10429,1192150,921147
30-08-2016,FII,353278,43134,264995,573196,272476,345853,199348,111587,15978,13897,15933,12590,1266477,955788
30-08-2016,TOTAL,494221,494221,1191917,1191917,926076,1016631,926076,1016631,143796,88078,143796,88078,3860719,3860719
30-08-2016,Client,107525,354305,814286,216079,282110,457357,523381,608834,96772,46990,87328,56543,1805040,1846470
30-08-2016,Pro,22766,76365,104716,52585,216995,173134,203347,296210,31046,27191,40508,18945,575848,687960
30-08-2016,DII,10652,20417,7920,350057,154495,40287,0,0,0,0,27,0,213354,370501
31-08-2016,FII,389136,35174,278233,584717,291963,352707,200763,131755,18273,16201,17924,14694,1346513,985027
31-08-2016,Pro,23143,82294,105894,55359,224923,179170,215085,346068,32484,28478,44833,21782,594092,765421
31-08-2016,Client,111243,391578,837289,235397,294826,549568,550359,643768,107410,54080,95376,62283,1954416,1978761
31-08-2016,TOTAL,535763,535763,1229384,1229384,966207,1121591,966207,1121591,158167,98759,158167,98759,4109871,4109871
31-08-2016,DII,12241,26717,7968,353911,154495,40146,0,0,0,0,34,0,214850,380662
01-09-2016,TOTAL,546531,546531,1243063,1243063,946285,1044675,946285,1044675,182167,109654,182167,109654,4072375,4072375
01-09-2016,FII,400791,40776,278563,592152,298515,373629,204455,145354,20674,17923,20289,15965,1390095,1018991
01-09-2016,DII,12225,29110,7967,355431,154495,39893,0,0,0,0,34,0,214580,384575
01-09-2016,Pro,20287,80249,108214,55820,205860,169452,204229,302074,34084,31166,52837,25352,569063,720561
01-09-2016,Client,113228,396396,848319,239660,287415,461701,537601,597247,127409,60565,109007,68337,1898637,1948248
02-09-2016,Pro,19919,81128,111086,55948,209330,168936,210220,314724,35514,31736,55310,26873,576521,744203
02-09-2016,DII,12215,29110,8052,353814,154495,40293,0,0,0,0,34,0,215055,382958
02-09-2016,Client,112700,388293,842196,242710,302823,502173,547876,630019,136228,66454,115715,73334,1962574,1997947
02-09-2016,FII,396092,42395,283401,592263,300590,387406,209142,154065,21989,19593,22672,17576,1409071,1038113
02-09-2016,TOTAL,540926,540926,1244735,1244735,967238,1098808,967238,1098808,193731,117783,193731,117783,4163221,4163221
06-09-2016,TOTAL,554171,554171,1236639,1236639,978918,1210029,978917,1210029,200166,130036,200166,130036,4309959,4309958
06-09-2016,Pro,23263,85162,110689,56403,215846,166618,214247,350626,40507,31769,56983,31437,588692,794858
06-09-2016,Client,112906,389466,826824,246892,293093,603826,556307,686804,136960,75801,119950,77739,2049410,2077158
06-09-2016,DII,12176,33106,8197,349989,153646,40293,0,0,25,0,34,0,214337,383129
06-09-2016,FII,405826,46437,290929,583355,316333,399292,208363,172599,22674,22466,23199,20860,1457520,1054813
07-09-2016,Pro,22759,85436,113312,56004,208892,164701,228194,370201,41899,33606,62050,34218,585169,836103
07-09-2016,DII,12206,33106,8811,349811,153404,40273,0,0,44,0,26,0,214738,382943
07-09-2016,Client,112127,387598,835773,245568,322820,639430,574109,703414,149123,81090,126724,82038,2140363,2119451
07-09-2016,FII,408495,49447,285687,592200,330377,410736,213190,181525,24044,23870,26310,22310,1483209,1084982
07-09-2016,TOTAL,555587,555587,1243583,1243583,1015493,1255140,1015493,1255140,215110,138566,215110,138566,4423479,4423479
08-09-2016,Client,113777,389520,844949,244731,270714,567845,555123,652552,161155,86281,135568,85576,2044721,2063070
08-09-2016,FII,410649,52409,283940,603461,332719,418066,210967,195333,25801,24900,28333,23646,1496075,1114149
08-09-2016,TOTAL,561285,561285,1254070,1254070,964126,1183399,964125,1183399,231074,145656,231074,145656,4339610,4339609
08-09-2016,Pro,24652,86250,116350,58402,207289,157215,198035,335514,44074,34475,67155,36434,584055,781790
08-09-2016,DII,12207,33106,8831,347476,153404,40273,0,0,44,0,18,0,214759,380600
09-09-2016,TOTAL,545515,545515,1254071,1254071,1028886,1197927,1028886,1197927,249153,148980,249153,148980,4424532,4424532
09-09-2016,Pro,21367,72656,114981,56182,208219,175369,227657,339872,44164,35990,72875,36213,600090,805455
09-09-2016,FII,404183,52065,274893,616620,335084,440897,221927,195091,26989,26395,30849,24090,1508441,1140642
09-09-2016,Client,107696,387688,854988,235099,331179,541122,579302,662964,177956,86595,145403,88677,2099536,2099133
09-09-2016,DII,12269,33106,9209,346170,154404,40539,0,0,44,0,26,0,216465,379302
12-09-2016,FII,400701,58542,273020,626378,336167,492331,220930,162248,28404,25608,32331,23502,1556231,1123931
12-09-2016,Client,97547,370740,843094,213075,406387,440541,612104,668764,202130,84398,158238,87886,2074097,2110807
12-09-2016,TOTAL,525909,525909,1240523,1240523,1089716,1158526,1089716,1158526,272315,148206,272315,148206,4435195,4435195
12-09-2016,DII,12300,33527,8882,345152,154404,40979,0,0,44,0,26,0,216609,378705
12-09-2016,Pro,15361,63100,115527,55918,192758,184675,256682,327514,41737,38200,81720,36818,588258,821752
14-09-2016,DII,12300,29380,8738,346680,154554,40979,0,0,44,0,26,0,216615,376086
14-09-2016,TOTAL,524060,524060,1257436,1257436,1131705,1203393,1131706,1203392,281358,153026,281358,153026,4550978,4550978
14-09-2016,FII,398656,65498,272907,639796,334392,510741,234050,160049,28084,26721,32912,24095,1571501,1156400
14-09-2016,Pro,16930,58602,118946,58123,192259,192105,270459,339831,41707,37251,84808,39007,599198,850830
14-09-2016,Client,96174,370580,856845,212837,450500,459568,627197,703512,211523,89054,163612,89924,2163664,2167662
15-09-2016,FII,391562,67554,268737,642516,338065,512245,235776,170011,28520,27156,34155,24722,1566285,1174734
15-09-2016,DII,12289,20050,8709,347637,154504,40979,0,0,44,0,19,0,216525,367706
15-09-2016,TOTAL,516131,516131,1261658,1261658,1056410,1161359,1056410,1161359,291563,155944,291563,155944,4443065,4443065
15-09-2016,Client,94033,369228,865125,211925,370408,435604,575793,688519,220615,92035,170119,92216,2077820,2107800
15-09-2016,Pro,18247,59299,119087,59580,193433,172531,244841,302829,42384,36753,87270,39006,582435,792825
16-09-2016,Pro,18163,58016,120841,61402,194142,187964,256607,329032,42959,38153,88108,41033,602222,834198
16-09-2016,FII,396416,66161,271832,653164,352642,512242,231474,177389,30191,27874,34429,27275,1591197,1189892
16-09-2016,Client,90343,373371,871887,211466,378905,466920,592112,701684,224366,96571,175004,94290,2128992,2147927
16-09-2016,DII,12381,19755,8596,347124,154504,40979,0,0,44,0,19,0,216504,366898
16-09-2016,TOTAL,517303,517303,1273156,1273156,1080193,1208105,1080193,1208105,297560,162598,297560,162598,4538915,4538915
19-09-2016,DII,12398,19768,8584,346741,155004,40979,0,0,81,0,19,0,217046,366528
19-09-2016,TOTAL,522349,522349,1279664,1279664,1103506,1246317,1103506,1246317,302693,167947,302693,167947,4622476,4622476
19-09-2016,FII,396877,72902,275569,655631,351247,521179,237790,184967,31001,28917,35091,27872,1604790,1214253
19-09-2016,Pro,19493,58493,122579,63170,195272,190481,265417,339598,43767,37187,88784,43802,608779,859264
19-09-2016,Client,93581,371186,872932,214122,401983,493678,600299,721752,227844,101843,178799,96273,2191861,2182431
20-09-2016,FII,397369,75011,272796,666839,345693,526991,247428,205112,31071,29229,35818,27884,1603149,1258092
20-09-2016,TOTAL,522168,522168,1290609,1290609,1128921,1251524,1128922,1251524,311553,169661,311553,169661,4674436,4674437
20-09-2016,DII,12358,19768,8574,349613,155334,37944,0,0,181,0,19,0,214391,369400
20-09-2016,Client,91760,374636,887163,211267,437772,494658,606678,727652,236768,102403,183040,97778,2250524,2201051
20-09-2016,Pro,20681,52753,122076,62890,190122,191931,274816,318760,43533,38029,92676,43999,606372,845894
21-09-2016,TOTAL,528701,528701,1294644,1294644,1184599,1316811,1184599,1316811,316964,172598,316964,172598,4814317,4814317
21-09-2016,DII,12359,19776,8684,348974,155504,30213,0,0,181,0,18,0,206941,368768
21-09-2016,Client,93652,382395,891615,209401,490355,525847,640825,751775,241993,104920,185274,98916,2348382,2268586
21-09-2016,Pro,19703,52261,124335,65270,198603,209822,286872,348258,43512,38356,94545,44967,634331,892173
21-09-2016,FII,402987,74269,270010,670999,340137,550929,256902,216778,31278,29322,37127,28715,1624663,1284790
22-09-2016,FII,400293,75087,267245,671706,348041,554055,255561,223561,29511,27889,35978,29018,1627034,1290911
22-09-2016,TOTAL,531775,531775,1303759,1303759,1105343,1303200,1105343,1303200,311407,177448,311407,177448,4732932,4732932
22-09-2016,Client,95198,387157,898969,218881,422027,525636,591124,728897,234659,111391,183290,100442,2287880,2209791
22-09-2016,Pro,23925,49436,128551,69918,179771,194402,258658,350742,47056,38168,92121,47988,611873,868863
22-09-2016,DII,12359,20095,8994,343254,155504,29107,0,0,181,0,18,0,206145,363367
23-09-2016,DII,12359,22107,9604,342389,155504,29507,0,0,181,0,18,0,207155,364514
23-09-2016,Client,90859,384914,902994,215953,455290,530898,598742,747152,238514,113778,184637,103670,2332333,2235068
23-09-2016,FII,405113,74662,264246,674793,351033,545986,260442,223291,28644,27997,37234,29540,1623019,1299962
23-09-2016,TOTAL,532240,532240,1309756,1309756,1142482,1306881,1142482,1306881,317830,183186,317830,183186,4792375,4792375
23-09-2016,Pro,23909,50557,132912,76621,180655,200490,283298,336438,50491,41411,95941,49976,629868,892831
26-09-2016,TOTAL,522420,522420,1341237,1341237,1242042,1312695,1242041,1312696,329901,181708,329901,181708,4930003,4930003
26-09-2016,Pro,28761,49350,143485,87206,178315,216328,325776,333383,50315,43636,102706,49021,660840,947442
26-09-2016,FII,382577,70729,272509,694779,343921,571523,271860,226196,28478,27728,40005,29206,1626736,1332775
26-09-2016,DII,12359,23777,8638,343920,155504,29787,0,0,181,0,18,0,206469,367715
26-09-2016,Client,98723,378564,916605,215332,564302,495057,644405,753117,250927,110344,187172,103481,2435958,2282071
27-09-2016,Client,103023,380150,919691,216394,593596,485642,660642,762145,247390,110636,183473,103544,2459978,2306348
27-09-2016,TOTAL,534491,534491,1364972,1364972,1275060,1312485,1275059,1312485,328172,183094,328172,183094,4998274,4998273
27-09-2016,DII,12359,22111,8242,342292,156004,29987,0,0,181,0,18,0,206773,364421
27-09-2016,Pro,27482,46266,142271,89979,178724,214914,330706,342907,51333,44793,103145,50009,659517,963012
27-09-2016,FII,391627,85964,294768,716307,346736,581942,283711,207433,29268,27665,41536,29541,1672006,1364492
28-09-2016,Client,103089,381554,932680,218967,560512,546893,656017,792696,233770,113556,179720,104771,2490500,2333725
28-09-2016,TOTAL,538510,538510,1374497,1374497,1260955,1383532,1260954,1383531,318041,185898,318041,185898,5061433,5061431
28-09-2016,DII,12361,22111,8010,345334,156004,29987,0,0,157,0,18,0,206519,367463
28-09-2016,Pro,23446,43611,136466,83307,185761,207297,315999,379879,55136,44992,98919,51703,653098,973418
28-09-2016,FII,399614,91234,297341,726889,358678,599355,288938,210956,28978,27350,39384,29424,1711316,1386825
29-09-2016,DII,14248,22275,5632,327423,155000,2419,0,0,0,0,0,0,177299,349698
29-09-2016,Client,96277,289825,741837,164131,287975,284662,408199,490664,59906,26700,46527,32842,1497357,1432188
29-09-2016,TOTAL,378760,378760,1098759,1098759,792003,739675,792002,739674,75315,44091,75315,44091,3128603,3128601
29-09-2016,FII,245091,34363,265105,564126,203209,292107,191977,88812,1648,1150,2367,1084,1008310,882729
29-09-2016,Pro,23144,32297,86185,43079,145819,160487,191826,160198,13761,16241,26421,10165,445637,463986
30-09-2016,DII,17003,22439,4015,332779,155000,2807,0,0,0,0,11,0,178825,355229
30-09-2016,Pro,27084,35525,90932,44861,178025,156638,223856,172958,20155,18702,36072,16615,491536,529887
30-09-2016,Client,102525,277530,747071,173177,340284,330025,448064,540393,80226,37048,63090,42295,1637179,1544549
30-09-2016,TOTAL,370084,370084,1117466,1117466,885470,822218,885470,822218,109434,64712,109434,64712,3369384,3369384
30-09-2016,FII,223472,34590,275448,566649,212161,332748,213550,108867,9053,8962,10261,5802,1061844,939719
03-10-2016,FII,221871,35397,283481,564332,221489,334539,229535,108191,11033,12404,12842,7252,1084817,957549
03-10-2016,TOTAL,361550,361550,1135212,1135212,934943,884503,934943,884503,131063,78584,131063,78584,3525855,3525855
03-10-2016,Client,101714,264821,753755,182548,355232,394033,481358,576945,93895,45514,76095,50770,1744143,1632537
03-10-2016,DII,16937,23478,4040,340329,155000,2371,0,0,0,0,11,0,178348,363818
03-10-2016,Pro,21028,37854,93936,48003,203222,153560,224050,199367,26135,20666,42115,20562,518547,571951
04-10-2016,FII,229554,38042,284460,566098,230011,341740,230145,109355,13118,14567,15066,8983,1113450,967689
04-10-2016,DII,16961,26132,4007,340420,155000,2371,0,0,0,0,6,0,178339,366558
04-10-2016,TOTAL,366435,366435,1143730,1143730,996060,966865,996060,966865,151287,88015,151287,88015,3712392,3712392
04-10-2016,Pro,19853,39017,96327,50241,214525,167797,243296,237711,28647,22288,46359,22794,549437,639418
04-10-2016,Client,100067,263244,758936,186971,396524,454957,522619,619799,109522,51160,89856,56238,1871166,1738727
05-10-2016,Client,102611,262178,771119,192412,464542,467801,561802,638227,122423,56305,99938,61300,1984801,1815857
05-10-2016,DII,16948,26132,4064,340646,155000,2371,0,0,0,0,0,0,178383,366778
05-10-2016,Pro,15783,41183,97216,51449,215930,169291,273574,243970,30562,24497,50736,25311,553279,686223
05-10-2016,FII,234236,40085,283570,571462,233792,350434,233888,107700,15612,16273,17923,10464,1133917,981522
05-10-2016,TOTAL,369578,369578,1155969,1155969,1069264,989897,1069264,989897,168597,97075,168597,97075,3850380,3850380
06-10-2016,Pro,17102,41989,96928,52395,202352,177581,231042,236378,31351,26539,55618,26394,551853,643816
06-10-2016,TOTAL,369923,369923,1156588,1156588,977156,936552,977156,936552,184972,105627,184972,105627,3730818,3730818
06-10-2016,Client,100134,259842,770539,191698,390729,398178,509999,590692,134605,60830,107938,66732,1855015,1726901
06-10-2016,DII,16948,26352,4475,339903,155000,2704,0,0,0,23,0,0,179150,366255
06-10-2016,FII,235739,41740,284646,572592,229075,358089,236115,109482,19016,18235,21416,12501,1144800,993846
07-10-2016,FII,224316,44137,286945,574550,232056,373457,250112,113672,20846,19496,23570,12970,1157116,1019011
07-10-2016,TOTAL,362810,362810,1168750,1168750,1014800,961916,1014800,961916,197906,111087,197906,111087,3817269,3817269
07-10-2016,Pro,19348,39928,100513,53750,200095,178385,243492,236907,31423,26413,57782,27172,556177,659031
07-10-2016,DII,16948,26352,4667,347593,155000,2836,0,0,0,30,0,0,179481,373945
07-10-2016,Client,102198,252393,776625,192857,427649,407238,521196,611337,145637,65148,116554,70945,1924495,1765282
10-10-2016,FII,223355,45498,286336,578412,233856,366443,247162,115270,21499,20420,25301,13648,1151909,1025291
10-10-2016,Pro,19641,39930,102597,54315,206860,181072,261861,237669,33226,27713,61132,29195,571109,684102
10-10-2016,DII,16948,26352,4900,351376,155000,2836,0,0,0,30,7,0,179714,377735
10-10-2016,TOTAL,364239,364239,1178312,1178312,1057010,983913,1057009,983912,212305,119173,212305,119173,3914952,3914950
10-10-2016,Client,104295,252459,784479,194209,461294,433562,547986,630973,157580,71010,125865,76330,2012220,1827822
13-10-2016,DII,17255,25934,4934,351735,155000,3054,0,0,0,21,7,0,180264,377676
13-10-2016,TOTAL,354142,354142,1183329,1183329,1065560,968868,1065560,968868,248143,131177,248143,131177,3951219,3951219
13-10-2016,FII,187420,45905,288975,583270,227760,406982,258245,117972,24192,22478,30956,14714,1157807,1051062
13-10-2016,Pro,27727,43711,107620,56505,172952,187039,289814,231213,33479,32150,75597,33026,560967,729866
13-10-2016,Client,121740,238592,781800,191819,509848,371793,517501,619683,190472,76528,141583,83437,2052181,1792615
14-10-2016,Client,117597,233079,777203,193380,548239,403236,542354,652950,204088,80951,148374,83737,2131314,1853874
14-10-2016,TOTAL,348008,348008,1187691,1187691,1127476,1035238,1127475,1035237,262734,135943,262734,135943,4097090,4097088
14-10-2016,DII,17257,24481,4941,355010,155000,3054,0,0,0,46,0,0,180298,379491
14-10-2016,Pro,24760,44672,110995,56818,191686,192413,304521,258611,33431,30996,80883,34554,584281,780059
14-10-2016,FII,188394,45776,294552,582483,232551,436535,280600,123676,25215,23950,33477,17652,1201197,1083664
17-10-2016,Client,121092,224584,767409,199001,619837,423586,591536,671510,217909,83394,154221,86023,2233227,1926875
17-10-2016,FII,170571,43994,302588,574793,245448,431614,287442,129064,26862,23750,36307,18389,1200833,1089989
17-10-2016,Pro,30621,46669,111136,59289,202697,199337,344004,257553,33527,32929,87770,35700,610247,830985
17-10-2016,TOTAL,339541,339541,1187006,1187006,1222982,1058127,1222982,1058127,278298,140112,278298,140112,4226066,4226066
17-10-2016,DII,17257,24294,5873,353923,155000,3590,0,0,0,39,0,0,181759,378217
18-10-2016,Client,115773,216185,761389,207256,526036,528972,577910,720023,208307,90810,152759,88223,2231287,1962356
18-10-2016,TOTAL,336966,336966,1196176,1196176,1146480,1156769,1146479,1156768,274641,149049,274641,149049,4260081,4260079
18-10-2016,FII,169619,51972,314122,568678,269497,432888,261024,138234,27990,26109,36797,20336,1240225,1077041
18-10-2016,DII,17257,24234,6249,355420,155000,3046,0,0,0,39,0,0,181591,379654
18-10-2016,Pro,34317,44575,114416,64822,195947,191863,307545,298511,38344,32091,85085,40490,606978,841028
19-10-2016,Pro,31159,43727,115209,67725,191688,192329,310082,308070,39456,32944,90062,41614,602785,861280
19-10-2016,DII,17193,27948,6502,357254,155000,3246,0,0,0,39,0,0,181980,385202
19-10-2016,FII,168994,53103,316421,566779,268632,448626,274392,137556,29329,27267,37662,20226,1259269,1089718
19-10-2016,TOTAL,332687,332687,1201451,1201451,1180380,1190390,1180379,1190389,286299,152843,286299,152843,4344050,4344048
19-10-2016,Client,115341,207909,763319,209693,565060,546189,595905,744763,217514,92593,158575,91003,2300016,2007848
20-10-2016,Client,116725,204090,759109,215256,483403,508737,561835,678496,221980,104628,165019,94950,2194582,1919646
20-10-2016,DII,16604,27948,7580,356662,155000,5957,0,0,0,49,0,0,185190,384610
20-10-2016,FII,184350,73855,325200,567582,287136,421677,262016,154058,31133,28061,38480,23360,1277557,1119351
20-10-2016,TOTAL,352421,352421,1209703,1209703,1106640,1107680,1106639,1107679,297741,166655,297741,166655,4240840,4240838
20-10-2016,Pro,34742,46528,117814,70203,181101,171309,282788,275125,44628,33917,94242,48345,583511,817231
21-10-2016,Client,117475,204499,767502,221123,500384,538160,573208,712759,233092,106939,172469,97797,2263552,1981855
21-10-2016,TOTAL,353010,353010,1223988,1223988,1133195,1158137,1133195,1158137,310408,171969,310408,171969,4350707,4350707
21-10-2016,DII,16684,27959,8078,359734,155000,5957,0,0,41,49,0,0,185809,387693
21-10-2016,Pro,33883,46951,124206,72945,188685,184628,293576,290514,46429,36528,98372,49666,614359,852024
21-10-2016,FII,184968,73601,324202,570186,289126,429392,266411,154864,30846,28453,39567,24506,1286987,1129135
24-10-2016,Client,117127,204327,778217,224083,533280,582441,609544,739432,234502,111399,174303,100858,2356966,2052547
24-10-2016,Pro,33459,49316,128925,76780,194408,192171,311152,312910,48011,37360,99017,51463,634334,900638
24-10-2016,FII,193937,79866,335415,585122,301164,430910,263155,159136,30760,28443,39994,24930,1320629,1152203
24-10-2016,DII,16764,27778,8077,364649,155000,5957,0,0,41,49,0,0,185888,392427
24-10-2016,TOTAL,361287,361287,1250634,1250634,1183852,1211479,1183851,1211478,313314,177251,313314,177251,4497817,4497815
25-10-2016,DII,17074,27789,8094,369842,155000,5957,0,0,41,49,0,0,186215,397631
25-10-2016,TOTAL,378946,378946,1292071,1292071,1215632,1225279,1215631,1225279,319671,185894,319671,185894,4617493,4617492
25-10-2016,Client,138438,214989,796436,242212,567113,597032,625185,747494,237891,118040,176284,104933,2454950,2111097
25-10-2016,FII,190328,87935,355317,601587,295670,429239,266217,161584,31449,28592,40917,26306,1330595,1184546
25-10-2016,Pro,33106,48233,132224,78430,197849,193051,324229,316201,50290,39213,102470,54655,645733,924218
26-10-2016,Pro,30909,48563,130496,77078,189643,198381,392289,294725,47992,41463,104802,51521,638884,968978
26-10-2016,Client,156455,225697,816732,254131,659725,540194,637248,733607,243360,112015,176388,102322,2528481,2129393
26-10-2016,TOTAL,398653,398653,1317420,1317420,1299782,1178226,1299781,1178225,324214,181496,324214,181496,4699791,4699789
26-10-2016,DII,17074,27820,7867,371969,155000,6303,0,0,41,43,0,0,186328,399789
26-10-2016,FII,194215,96573,362325,614242,295414,433348,270244,149893,32821,27975,43024,27653,1346098,1201629
27-10-2016,FII,163277,42756,271051,545845,193967,262774,186355,63976,2970,466,729,1618,894505,841279
27-10-2016,Client,99849,190106,743703,167081,255566,296101,381965,492354,58708,28487,49927,32568,1482414,1314001
27-10-2016,DII,15200,23294,6344,368250,155000,6301,0,0,0,0,0,0,182845,391544
27-10-2016,Pro,14848,37018,97927,37849,141343,147047,177555,155892,16428,16056,27450,10823,433649,446587
27-10-2016,TOTAL,293174,293174,1119025,1119025,745876,712223,745875,712222,78106,45009,78106,45009,2993413,2993411
28-10-2016,TOTAL,290482,290482,1164050,1164050,809855,806422,809854,806421,113769,64656,113769,64656,3249234,3249232
28-10-2016,Pro,14340,39826,103871,42823,156312,150092,188890,181390,20927,21559,36572,14985,467101,504486
28-10-2016,Client,103629,175769,762448,175009,295906,350158,430591,552455,83687,36102,70139,43878,1631930,1447841
28-10-2016,FII,154986,51554,293199,561467,202637,300027,190373,72576,9155,6995,7058,5793,966999,888821
28-10-2016,DII,17527,23333,4532,384751,155000,6145,0,0,0,0,0,0,183204,408084
30-10-2016,TOTAL,291859,291859,1164459,1164459,832449,819265,832448,819264,118231,66384,118231,66384,3292647,3292645
30-10-2016,FII,155098,51520,293343,560056,202637,300027,190373,72576,9155,6995,7058,5793,967255,887376
30-10-2016,Pro,13769,42203,103617,42143,160344,153252,195303,186245,21815,21715,38004,15369,474512,519267
30-10-2016,DII,17527,23333,4532,384732,155000,6145,0,0,0,0,0,0,183204,408065
30-10-2016,Client,105465,174803,762967,177528,314468,359841,446772,560443,87261,37674,73169,45222,1667676,1477937
01-11-2016,TOTAL,292904,292904,1180146,1180146,891632,877136,891632,877136,141100,79291,141100,79291,3462209,3462209
01-11-2016,DII,17550,23078,4598,385420,155000,5415,0,0,0,0,0,0,182563,408498
01-11-2016,Pro,15336,45577,106242,45545,170653,156992,209692,202543,24025,23863,44039,18685,497111,566081
01-11-2016,Client,108336,167705,766600,186486,351657,412361,485421,595324,102644,44726,86650,51964,1786324,1573550
01-11-2016,FII,151682,56544,302706,562695,214322,302368,196519,79269,14431,10702,10411,8642,996211,914080
02-11-2016,TOTAL,296315,296315,1180288,1180288,975690,927339,975689,927338,163655,90119,163655,90119,3633406,3633404
02-11-2016,Client,115411,167857,763924,183382,447695,422479,527884,634201,120324,50050,98728,57795,1919883,1669847
02-11-2016,FII,146047,64262,304774,564983,213987,339157,212434,89911,19023,13922,14149,11959,1036910,957698
02-11-2016,Pro,17327,42217,106773,47400,159008,159958,235371,203226,24308,26147,50766,20365,493521,599345
02-11-2016,DII,17530,21979,4817,384523,155000,5745,0,0,0,0,12,0,183092,406514
03-11-2016,Client,116695,171474,765930,180811,386149,353637,464097,595930,136852,55567,110956,63055,1814830,1586323
03-11-2016,FII,140365,64895,306549,572059,217650,355872,227413,94533,21436,15514,16978,13369,1057386,989247
03-11-2016,DII,17530,19357,4817,384975,155000,5652,0,0,0,0,12,0,182999,404344
03-11-2016,TOTAL,294853,294853,1184475,1184475,911972,870350,911972,870350,185509,99574,185509,99574,3546733,3546733
03-11-2016,Pro,20263,39127,107179,46630,153173,155189,220462,179887,27221,28493,57563,23150,491518,566819
04-11-2016,DII,17532,15353,5665,387608,155000,5463,0,0,0,0,12,0,183660,402973
04-11-2016,Pro,30035,41630,111643,45097,164937,176440,251221,190113,30750,31398,66883,24887,545203,619831
04-11-2016,TOTAL,300316,300316,1186699,1186699,985325,934364,985326,934364,212061,108218,212061,108218,3726983,3726984
04-11-2016,Client,119721,170396,763231,172119,451266,356567,480032,637693,155500,58468,123401,67394,1904753,1651035
04-11-2016,FII,133028,72937,306160,581875,214122,395894,254073,106558,25811,18352,21765,15937,1093367,1053145
07-11-2016,TOTAL,282069,282069,1181089,1181089,1004285,972059,1004285,972059,225286,116692,225286,116692,3781480,3781480
07-11-2016,Client,115897,165027,754187,174895,461189,383354,493775,655373,164873,64435,129902,71288,1943935,1690260
07-11-2016,DII,17532,14231,6201,388853,155000,7353,0,0,0,0,12,0,186086,403096
07-11-2016,FII,121251,64909,310348,571649,213245,398262,256838,110764,26398,19695,23227,16989,1089199,1044376
07-11-2016,Pro,27389,37902,110353,45692,174851,183090,253672,205922,34015,32562,72145,28415,562260,643748
08-11-2016,Client,114939,164397,747643,172317,506706,457488,528532,699024,174121,69396,137416,73719,2070293,1775405
08-11-2016,FII,119401,67632,312277,565238,219392,408388,265894,129968,29079,20731,26221,17585,1109268,1072538
08-11-2016,TOTAL,279702,279702,1175362,1175362,1074149,1061094,1074149,1061094,239522,122266,239522,122266,3952095,3952095
08-11-2016,Pro,27670,37277,108650,45775,192773,186794,279723,232102,36322,32139,75873,30962,584348,701712
08-11-2016,DII,17692,10396,6792,392032,155278,8424,0,0,0,0,12,0,188186,402440
09-11-2016,DII,17644,10676,6834,390875,155278,4854,0,0,0,0,0,0,184610,401551
09-11-2016,TOTAL,295308,295308,1154991,1154991,1080899,1098883,1080899,1098883,252923,121658,252923,121658,4004662,4004662
09-11-2016,Client,115432,177766,721167,163085,527923,477055,507526,699566,184826,65595,136387,72285,2091998,1756615
09-11-2016,Pro,33471,41142,105369,43957,171951,183309,297668,255382,37709,33731,85392,32090,565540,755631
09-11-2016,FII,128761,65724,321621,557074,225747,433665,275705,143935,30388,22332,31144,17283,1162514,1090865
10-11-2016,FII,129804,63917,326274,555886,248220,435095,271417,160238,31263,24055,32211,19711,1194711,1103380
10-11-2016,DII,17839,14733,6952,389362,155278,4454,0,0,0,0,0,0,184523,404095
10-11-2016,Pro,36642,35546,105172,48198,169159,172210,283437,247575,44255,34821,93347,38091,562259,746194
10-11-2016,Client,119945,190034,732776,177728,485398,443316,503201,647262,192896,78063,142856,79137,2052394,1740218
10-11-2016,TOTAL,304230,304230,1171174,1171174,1058055,1055075,1058055,1055075,268414,136939,268414,136939,3993887,3993887
11-11-2016,Client,134410,192252,750655,167869,703915,377580,552898,669918,222129,75791,158677,79697,2264480,1821311
11-11-2016,TOTAL,314046,314046,1182938,1182938,1274921,1054085,1274921,1054085,297100,137648,297100,137648,4260738,4260738
11-11-2016,Pro,47532,41883,105351,49605,174831,187178,374966,222572,41360,37093,102354,37355,593345,828735
11-11-2016,DII,17840,14333,7587,393971,155181,4906,0,0,0,0,0,0,185514,408304
11-11-2016,FII,114264,65578,319345,571493,240994,484421,347057,161595,33611,24764,36069,20596,1217399,1202388
15-11-2016,Pro,60503,44158,106633,52313,190115,205149,458773,208999,41632,38873,110892,40532,642905,915667
15-11-2016,DII,22164,5344,7815,399490,155387,5058,0,0,0,0,0,0,190424,404834
15-11-2016,Client,158024,217425,769764,167195,857297,366319,607167,686917,241504,78390,167437,81043,2471298,1927184
15-11-2016,FII,112733,86497,318443,583657,248933,471023,385792,151633,36092,26374,40899,22062,1213598,1270540
15-11-2016,TOTAL,353424,353424,1202655,1202655,1451732,1047549,1451732,1047549,319228,143637,319228,143637,4518225,4518225
16-11-2016,TOTAL,350317,350317,1194787,1194787,1480799,1094592,1480799,1094592,321894,148720,321894,148720,4591109,4591109
16-11-2016,FII,111896,84046,322353,572165,253328,481163,396075,156800,35197,27141,39950,23537,1231078,1272573
16-11-2016,DII,33797,8424,8832,397455,155387,5058,0,0,0,0,31,0,203074,405910
16-11-2016,Client,152283,216369,757585,171022,882621,403702,619665,708552,246624,83610,170869,82886,2526425,1969363
16-11-2016,Pro,52341,41478,106017,54145,189463,204669,465059,229240,40073,37969,111044,42297,630532,943263
17-11-2016,Pro,47857,37314,111063,59946,188592,180093,425317,209034,39982,37637,115735,43869,605224,891215
17-11-2016,TOTAL,350165,350165,1201351,1201351,1416402,1067174,1416402,1067174,328662,149152,328662,149152,4512906,4512906
17-11-2016,Client,157649,218894,757127,172518,820111,394723,583284,704468,253616,85106,171043,82445,2468332,1932652
17-11-2016,DII,27218,8424,9185,398218,155387,3095,0,0,0,0,20,0,194885,406662
17-11-2016,FII,117441,85533,323976,570669,252312,489263,407801,153672,35064,26409,41864,22838,1244465,1282377
18-11-2016,DII,20887,8845,9506,397840,155361,2351,0,0,0,0,20,0,188105,406705
18-11-2016,Pro,45574,33749,116872,65629,184807,188986,436709,219323,41241,39159,119046,44291,616639,918747
18-11-2016,TOTAL,343080,343080,1200648,1200648,1459352,1095361,1459351,1095360,330227,151265,330227,151265,4579933,4579931
18-11-2016,FII,117796,96765,333786,563750,255190,500729,419238,156920,36178,26877,42048,23267,1270556,1301988
18-11-2016,Client,158823,203721,740484,173429,863994,403295,603404,719117,252808,85229,169113,83707,2504633,1952491
21-11-2016,DII,20887,8348,9645,399555,156710,2283,0,0,0,0,4,0,189525,407907
21-11-2016,Pro,39241,44974,116378,65738,202061,173618,493384,216533,40016,41464,126524,42245,612778,989398
21-11-2016,Client,162843,208899,724517,168743,952162,381919,642186,717709,259662,78037,165661,81881,2559140,1985079
21-11-2016,TOTAL,374514,374514,1207961,1207961,1558456,1072931,1558456,1072931,335646,146797,335646,146797,4696305,4696305
21-11-2016,FII,151543,112293,357421,573925,247523,515111,422886,138689,35968,27296,43457,22671,1334862,1313921
22-11-2016,Client,157958,209597,708886,174886,925037,436251,650598,742622,252582,84842,164334,82705,2565556,2024742
22-11-2016,Pro,37098,43061,117282,66802,209139,169966,464415,239287,43575,40547,124249,48318,617607,986132
22-11-2016,FII,167377,122370,380971,574429,262788,495064,438645,121655,35289,28818,42859,23184,1370307,1323142
22-11-2016,DII,20983,8388,10111,401133,156694,2283,0,0,0,0,4,0,190071,409525
22-11-2016,TOTAL,383416,383416,1217250,1217250,1553658,1103564,1553658,1103564,331446,154207,331446,154207,4743541,4743541
23-11-2016,Client,154170,197638,692136,181022,947166,483771,665811,770531,245848,89958,162496,83327,2613049,2060825
23-11-2016,Pro,31690,46385,112429,64396,213886,179637,465020,264342,46076,40232,121441,52116,623950,1013700
23-11-2016,FII,174728,129276,407504,575385,264485,487300,451220,118139,33554,28867,41537,23614,1396438,1339171
23-11-2016,TOTAL,381687,381687,1222792,1222792,1582051,1153011,1582051,1153012,325478,159057,325478,159057,4824076,4824077
23-11-2016,DII,21099,8388,10723,401989,156514,2303,0,0,0,0,4,0,190639,410381
24-11-2016,TOTAL,267929,267929,1034131,1034131,790519,734041,790518,734041,58836,40415,58836,40415,2925871,2925870
24-11-2016,FII,67115,70201,325721,470743,149309,304080,201608,59973,1585,162,200,1512,847972,804237
24-11-2016,Pro,37911,20671,77609,32224,132370,144294,210422,128098,11171,15267,22466,11076,418622,424957
24-11-2016,Client,141189,167169,623116,134498,353350,283268,378488,545970,46080,24986,36154,27827,1471989,1290106
24-11-2016,DII,21714,9888,7685,396666,155490,2399,0,0,0,0,16,0,187288,406570
25-11-2016,FII,75058,67425,339225,466128,180703,335755,220364,66383,8519,6338,6648,5835,945598,832783
25-11-2016,Client,136048,155926,610844,144543,370222,344811,425666,598630,65550,33509,52548,36921,1560984,1414234
25-11-2016,TOTAL,256510,256510,1039773,1039773,867557,831003,867556,831002,89461,58609,89461,58609,3142913,3142911
25-11-2016,DII,21732,9622,7705,394911,155357,2399,0,0,24,0,32,0,187217,404565
25-11-2016,Pro,23672,23537,81999,34191,161275,148038,221526,165989,15368,18762,30233,15853,449114,491329
28-11-2016,TOTAL,265959,265959,1052582,1052582,928750,899874,928749,899873,108631,68091,108631,68091,3323887,3323885
28-11-2016,Pro,24653,28643,83314,37674,172144,159573,240692,183258,18875,19912,35824,18502,478471,544593
28-11-2016,Client,138861,153444,612588,149926,403464,374712,461867,636620,78636,39574,63204,42173,1647835,1507234
28-11-2016,FII,81284,73836,349025,463659,198052,363190,226190,79995,11078,8605,9571,7416,1011234,860667
28-11-2016,DII,21161,10036,7655,401323,155090,2399,0,0,42,0,32,0,186347,411391
29-11-2016,FII,92023,74429,359867,460809,212800,379720,229801,83581,12973,10723,11227,9639,1068106,869486
29-11-2016,Pro,23321,38558,83088,40292,179907,168265,253965,219236,20089,21641,38361,21011,496311,611423
29-11-2016,Client,137475,150252,610284,157266,430431,408602,494461,656169,87766,44540,71254,46254,1719098,1575656
29-11-2016,DII,21161,10741,7297,402169,155090,2399,0,0,42,0,28,0,185989,412938
29-11-2016,TOTAL,273980,273980,1060536,1060536,978228,958986,978227,958986,120870,76904,120870,76904,3469504,3469503
30-11-2016,FII,99713,71455,374925,469619,224043,386922,232577,91196,14455,12187,12543,10563,1112245,887953
30-11-2016,TOTAL,275992,275992,1082844,1082844,974202,1051047,974201,1051047,132457,84447,132457,84447,3600989,3600988
30-11-2016,Pro,24344,41111,85852,42659,179704,169449,234998,254221,23335,22133,41006,23637,504817,637632
30-11-2016,DII,20589,14638,8158,406200,155590,2399,0,0,42,0,16,0,186778,420854
30-11-2016,Client,131346,148788,613909,164366,414865,492277,506626,705630,94625,50127,78892,50247,1797149,1654549
01-12-2016,DII,20792,17151,7116,404510,155590,2399,0,0,42,0,16,0,185939,421677
01-12-2016,Pro,20818,44931,84349,42085,172500,161462,215126,220568,22630,23032,44743,24633,484791,592086
01-12-2016,TOTAL,284863,284863,1084747,1084747,915486,975413,915485,975413,146582,89509,146582,89509,3496600,3496599
01-12-2016,FII,109978,70621,379478,468716,223753,400685,224851,100499,16610,13058,14040,11491,1143562,890218
01-12-2016,Client,133275,152160,613804,169436,363643,410867,475508,654346,107300,53419,87783,53385,1682308,1592618
02-12-2016,DII,21405,15450,6961,401509,156040,3044,0,0,42,0,16,0,187492,416975
02-12-2016,FII,109232,66575,376491,474928,225506,411408,226369,104512,18811,13289,15766,12267,1154737,900417
02-12-2016,TOTAL,283524,283524,1085397,1085397,947743,987261,947742,987260,162775,92105,162775,92105,3558805,3558803
02-12-2016,Pro,20458,43647,84062,43619,165474,166404,225865,212862,21850,24400,49881,23933,482648,599807
02-12-2016,Client,132429,157852,617883,165341,400723,406405,495508,669886,122072,54416,97112,55905,1733928,1641604
05-12-2016,FII,108324,67150,374765,477364,227112,417896,226663,104465,19712,13828,16847,12537,1161637,905026
05-12-2016,TOTAL,282612,282612,1092775,1092775,981846,1022668,981845,1022667,173121,98309,173121,98309,3651331,3651329
05-12-2016,Pro,20963,43514,84512,45811,171111,166547,236881,224555,24986,24322,51686,26892,492441,629339
05-12-2016,DII,21255,15036,7159,400675,156040,3096,0,0,42,0,11,0,187592,415722
05-12-2016,Client,132070,156912,626339,168925,427583,435129,518301,693647,128381,60159,104577,58880,1809661,1701242
06-12-2016,Pro,19981,46226,83838,46222,176592,168424,258876,236834,25649,24584,54472,27914,499068,670544
06-12-2016,TOTAL,282001,282001,1094333,1094333,1031732,1052570,1031732,1052570,181637,101889,181637,101889,3744162,3744162
06-12-2016,FII,110530,65682,374996,478951,233838,423723,228940,104791,20340,14410,17420,12941,1177837,908725
06-12-2016,DII,19921,15036,7301,398569,156773,3096,0,0,42,0,11,0,187133,413616
06-12-2016,Client,131569,155057,628198,170591,464529,457327,543916,710945,135606,62895,109734,61034,1880124,1751277
07-12-2016,Client,138550,163102,630774,176460,513418,485335,565831,737419,143742,66693,116169,63887,1978512,1822868
07-12-2016,Pro,18874,47369,85795,45796,183971,173667,293952,251935,26574,25604,57014,29238,514485,725304
07-12-2016,DII,19835,15025,7194,391028,156773,3776,0,0,42,0,11,0,187620,406064
07-12-2016,FII,116726,68489,374202,484681,236513,435183,230892,108607,21225,14805,18389,13977,1198654,925035
07-12-2016,TOTAL,293985,293985,1097965,1097965,1090675,1097961,1090675,1097961,191583,107102,191583,107102,3879271,3879271
08-12-2016,TOTAL,301818,301818,1106024,1106024,970390,1075523,970389,1075522,193242,114912,193242,114912,3761909,3761907
08-12-2016,Pro,20902,50044,89882,48119,179053,149905,218652,253341,29727,26093,56539,32166,495562,658861
08-12-2016,Client,125916,171523,629313,182517,381268,485154,517325,712083,141552,73256,117902,67508,1836459,1768858
08-12-2016,FII,135839,65124,379080,488284,253136,437308,234412,110098,21921,15563,18790,15238,1242847,931946
08-12-2016,DII,19161,15127,7749,387104,156933,3156,0,0,42,0,11,0,187041,402242
09-12-2016,Client,127151,173442,632994,186141,391450,525332,536634,729961,142216,79071,119536,71068,1898214,1816782
09-12-2016,Pro,22779,49915,91639,49912,184729,156643,225506,271653,31009,26144,56528,33963,512943,687477
09-12-2016,TOTAL,311725,311725,1112485,1112485,994085,1125925,994085,1125925,195397,120999,195397,120999,3860616,3860616
09-12-2016,DII,19161,19814,7822,383749,156933,2930,0,0,42,0,11,0,186888,403574
09-12-2016,FII,142634,68554,380030,492683,260973,441020,231945,124311,22130,15784,19322,15968,1262571,952783
12-12-2016,FII,140566,67638,377688,502292,251063,446804,231419,123812,23749,16647,20599,16537,1256517,962297
12-12-2016,Client,123479,177477,639603,183706,442503,496042,549213,728334,154945,80246,125840,73399,1936818,1837969
12-12-2016,DII,19161,11278,8134,379214,156933,2930,0,0,42,0,11,0,187200,390503
12-12-2016,Pro,20841,47654,89987,50200,178408,160718,248274,254348,29393,27228,61679,34185,506575,696340
12-12-2016,TOTAL,304047,304047,1115412,1115412,1028907,1106494,1028906,1106494,208129,124121,208129,124121,3887110,3887109
13-12-2016,Client,124519,175503,644159,185152,446883,525547,554916,745605,161501,84548,129842,75661,1987157,1866679
13-12-2016,DII,19161,15816,8208,375913,156933,3030,0,0,42,0,11,0,187374,391740
13-12-2016,FII,145044,68348,377066,508365,249548,448699,232853,124781,24080,17086,21158,18067,1261523,973572
13-12-2016,Pro,21130,50187,91712,51715,184515,156849,250109,263740,30231,27766,64843,35672,512203,716266
13-12-2016,TOTAL,309854,309854,1121145,1121145,1037879,1134125,1037878,1134126,215854,129400,215854,129400,3948257,3948257
14-12-2016,FII,144612,69476,383661,513100,239359,447207,247122,130363,24509,16979,21899,18774,1256327,1000734
14-12-2016,DII,19161,15941,8363,372772,156933,3230,0,0,42,0,11,0,187729,388724
14-12-2016,Pro,23113,51248,92424,53928,193546,174815,273990,285633,30360,28272,69327,36547,542530,770673
14-12-2016,TOTAL,307918,307918,1123940,1123940,1098463,1180109,1098462,1180109,222947,132944,222947,132944,4066321,4066320
14-12-2016,Client,121032,171253,639492,184140,508625,554857,577350,764113,168036,87693,131710,77623,2079735,1906189
15-12-2016,Client,129672,161381,647868,187777,496200,518370,546644,731779,179909,90299,137232,81010,2062318,1845823
15-12-2016,FII,120731,70158,381045,515495,245711,459704,251697,130882,24851,17315,23186,18689,1249357,1010107
15-12-2016,TOTAL,295482,295482,1134277,1134277,1072515,1136638,1072514,1136639,235292,137665,235292,137665,4011869,4011869
15-12-2016,Pro,25916,46390,96858,57839,173671,155134,274173,273978,30466,30051,74874,37966,512096,765220
15-12-2016,DII,19163,17553,8506,373166,156933,3430,0,0,66,0,0,0,188098,390719
16-12-2016,DII,19163,21776,8857,370050,156933,3430,0,0,66,0,0,0,188449,391826
16-12-2016,FII,108247,66154,380662,516396,243795,474045,255666,138110,25208,17780,24318,19327,1249737,1019971
16-12-2016,Pro,29272,43913,99093,60418,168200,155274,287197,264667,30471,30731,79929,38462,513041,774586
16-12-2016,TOTAL,289849,289849,1136199,1136199,1107599,1145643,1107598,1145644,246925,139630,246925,139630,4065845,4065845
16-12-2016,Client,133167,158006,647587,189335,538671,512894,564735,742867,191180,91119,142678,81841,2114618,1879462
19-12-2016,TOTAL,292151,292151,1146326,1146326,1155608,1155389,1155607,1155390,256650,142899,256650,142899,4149023,4149023
19-12-2016,FII,109504,62586,375060,521524,243534,483608,261237,139965,25234,17998,24999,19291,1254938,1029602
19-12-2016,Pro,30883,40936,102660,63393,173298,149628,306722,263131,31465,31740,85040,40035,519674,799257
19-12-2016,DII,19173,26854,9558,373384,156933,3530,0,0,90,0,0,0,189284,400238
19-12-2016,Client,132591,161775,659048,188025,581843,518623,587648,752294,199861,93161,146611,83573,2185127,1919926
20-12-2016,Client,138501,165856,671151,184377,641631,525894,616935,765776,208621,91541,150228,83425,2277339,1966597
20-12-2016,TOTAL,302581,302581,1159579,1159579,1233911,1168075,1233911,1168074,266230,143055,266230,143055,4273431,4273430
20-12-2016,DII,20158,31856,9819,375005,157093,3650,0,0,90,0,0,0,190810,406861
20-12-2016,Pro,32154,42821,108253,67903,186025,158089,346847,263686,32106,32850,89541,39870,549477,850668
20-12-2016,FII,111768,62048,370356,532294,249162,480442,270129,138612,25413,18664,26461,19760,1255805,1049304
21-12-2016,FII,110966,60603,368944,537124,241654,492686,276572,138779,25797,19031,26070,20430,1259078,1059578
21-12-2016,Pro,33968,42835,112652,72112,187132,168990,356225,282990,34039,33720,91768,41785,570501,887715
21-12-2016,DII,20158,32606,9798,380337,157093,3650,0,0,90,0,0,0,190789,412943
21-12-2016,Client,139399,168447,683692,185513,671952,539209,625034,782766,212375,95400,154463,85936,2342027,2002159
21-12-2016,TOTAL,304491,304491,1175086,1175086,1257831,1204535,1257831,1204535,272301,148151,272301,148151,4362395,4362395
22-12-2016,TOTAL,312371,312371,1186925,1186925,1224427,1130646,1224427,1130646,283837,145793,283837,145793,4283999,4283999
22-12-2016,FII,110101,73611,370845,542014,242250,495447,283314,140502,25911,18785,27472,20355,1263339,1087268
22-12-2016,Client,149176,166677,687424,182641,659343,455078,592357,730603,224740,90984,157120,85444,2266745,1914842
22-12-2016,DII,20158,34371,9798,384718,157093,8034,0,0,90,0,0,0,195173,419089
22-12-2016,Pro,32936,37712,118858,77552,165741,172087,348756,259541,33096,36024,99245,39994,558742,862800
23-12-2016,Pro,34985,32976,127200,82937,167803,186491,368611,258997,35230,36166,101763,42846,587875,888130
23-12-2016,FII,120849,94898,382723,554933,236793,495473,278858,150115,25949,18794,27714,20920,1280581,1127438
23-12-2016,TOTAL,347466,347466,1233950,1233950,1248939,1169680,1248939,1169680,289243,149643,289243,149643,4438921,4438921
23-12-2016,Client,171482,188810,714228,204408,687250,480302,601470,760568,227974,94683,159766,85877,2375919,2000899
23-12-2016,DII,20150,30782,9799,391672,157093,7414,0,0,90,0,0,0,194546,422454
26-12-2016,Client,197030,212478,731399,221480,786222,460622,680535,755523,240100,90846,163716,86136,2506219,2119868
26-12-2016,TOTAL,399399,399399,1266438,1266438,1373566,1153363,1373565,1153364,301830,149271,301830,149271,4643867,4643867
26-12-2016,Pro,36900,38141,133270,89052,187722,185847,407691,257569,35102,39867,109385,42308,618708,944146
26-12-2016,DII,20503,30811,9774,394660,157093,4614,0,0,90,0,0,0,192074,425471
26-12-2016,FII,144966,117969,391995,561246,242529,502280,285339,140272,26538,18558,28729,20827,1326866,1154382
27-12-2016,DII,20796,29122,9780,397942,157093,4359,0,0,90,0,0,0,192118,427064
27-12-2016,TOTAL,407436,407436,1282674,1282674,1311769,1258449,1311768,1258450,295756,157821,295756,157821,4713905,4713905
27-12-2016,FII,154780,135367,411028,567011,255002,509669,287098,135312,26710,18565,28690,21791,1375754,1175269
27-12-2016,Pro,34615,34105,132386,85432,189263,187131,370388,326096,38690,39140,103675,47793,621225,967489
27-12-2016,Client,197245,208842,729480,232289,710411,557290,654282,797042,230266,100116,163391,88237,2524808,2144083
28-12-2016,DII,21089,30029,10272,401625,157093,4083,0,0,90,0,0,0,192627,431654
28-12-2016,TOTAL,386716,386716,1263269,1263269,1342210,1313880,1342210,1313880,292272,158743,292272,158743,4757090,4757090
28-12-2016,FII,157966,111999,420313,560435,257639,519140,297346,133561,28185,18204,27836,21037,1401447,1152214
28-12-2016,Pro,24731,42776,118001,73719,205470,185780,375191,341352,38971,39763,101865,47586,612716,982489
28-12-2016,Client,182930,201912,714683,227490,722008,604877,669673,838967,225026,100776,162571,90120,2550300,2190733
29-12-2016,Client,132496,168762,646920,155166,310800,350666,412707,547285,51585,30301,42358,30217,1522768,1356495
29-12-2016,Pro,20220,24596,81545,34225,143354,129104,163483,157648,11441,14107,21543,13023,399771,414518
29-12-2016,TOTAL,277074,277074,1080440,1080440,752160,758106,752160,758105,64098,44483,64098,44483,2976361,2976360
29-12-2016,DII,22050,32580,7880,406393,141052,3403,0,0,72,0,0,0,174457,438973
29-12-2016,FII,102308,51136,344095,484656,156954,274933,175970,53172,1000,75,197,1243,879365,766374
30-12-2016,Client,134403,177990,652768,165283,355832,426659,473468,619304,70350,40049,57526,38879,1680061,1532450
30-12-2016,FII,113579,50447,357012,482356,187587,303081,193549,71401,6765,4513,4460,4330,972537,806543
30-12-2016,TOTAL,295421,295421,1102412,1102412,850463,892133,850463,892132,91486,60655,91486,60655,3292570,3292569
30-12-2016,Pro,24834,33286,85016,40147,161606,158990,183446,201427,14299,16093,29500,17446,460838,505252
30-12-2016,DII,22605,33698,7616,414626,145438,3403,0,0,72,0,0,0,179134,448324
02-01-2017,TOTAL,301226,301226,1130662,1130662,921841,956405,921841,956404,112245,72454,112245,72454,3494833,3494832
02-01-2017,DII,22605,36411,8005,416965,145470,3329,0,0,72,0,0,0,179481,453376
02-01-2017,Pro,28781,32232,88748,45111,170701,172526,223092,224995,17692,18061,35465,21091,496509,581986
02-01-2017,FII,109357,53167,361000,488750,189164,329766,191780,73753,8239,6249,5960,5704,1003775,819114
02-01-2017,Client,140483,179416,672909,179836,416506,450784,506969,657656,86242,48144,70820,45659,1815068,1640356
03-01-2017,Pro,31326,37031,90699,49459,169742,168329,219616,234652,20248,19386,38982,23389,499730,603129
03-01-2017,FII,108661,52823,366599,484879,202192,348384,196566,77809,10236,7514,8212,7011,1043586,827300
03-01-2017,TOTAL,302173,302173,1136114,1136114,955141,1004289,955141,1004288,127154,82609,127154,82609,3607480,3607479
03-01-2017,Client,140566,175513,670470,188810,437737,484247,538959,691827,96598,55709,79960,52209,1885327,1727278
03-01-2017,DII,21620,36806,8346,412966,145470,3329,0,0,72,0,0,0,178837,449772
04-01-2017,DII,21620,36870,8965,413082,145470,3329,0,0,72,0,0,0,179456,449952
04-01-2017,FII,112627,53995,370166,482333,215079,360075,200434,85796,13367,9168,11420,8482,1080482,842460
04-01-2017,Pro,33593,42852,92719,53583,178809,170654,255189,243318,22587,20385,43508,25322,518747,663772
04-01-2017,TOTAL,313971,313971,1147200,1147200,1039951,1043392,1039951,1043391,144310,91995,144310,91995,3780819,3780818
04-01-2017,Client,146131,180254,675350,198202,500593,509334,584328,714277,108284,62442,89382,58191,2002134,1824634
05-01-2017,Client,132763,187021,670813,198799,347945,512126,530103,674125,112139,72607,96016,63214,1848393,1749278
05-01-2017,TOTAL,326685,326685,1150149,1150149,923659,997235,923659,997234,153192,103285,153192,103285,3654205,3654204
05-01-2017,DII,20991,36879,9840,413298,145470,2717,0,0,72,0,10,0,179090,450187
05-01-2017,Pro,32661,47965,95493,56041,172773,147737,191879,229327,26249,20318,44459,29603,495231,599274
05-01-2017,FII,140270,54820,374003,482011,257471,334655,201677,93782,14732,10360,12707,10468,1131491,855465
06-01-2017,DII,20991,36873,10185,417386,145470,2717,0,0,72,0,10,0,179435,454269
06-01-2017,Pro,31703,48653,95575,58282,171581,164749,208294,247312,26540,21518,48278,32110,511666,642929
06-01-2017,FII,149501,55920,374853,480996,268092,346899,204436,102196,15714,11601,14195,11523,1166660,869266
06-01-2017,TOTAL,323477,323477,1148051,1148051,975460,1060618,975460,1060617,165324,112419,165324,112419,3785349,3785348
06-01-2017,Client,121282,182031,667438,191387,390317,546253,562730,711109,122998,79300,102841,68786,1927588,1818884
09-01-2017,DII,20977,39587,10350,422202,145470,2243,0,0,72,0,10,0,179112,461799
09-01-2017,Pro,32631,48243,97449,60615,177412,170186,226083,256897,27695,22473,52736,33342,527846,677916
09-01-2017,Client,124084,180765,679441,195657,425172,568902,587177,736488,134666,84118,111144,73451,2016383,1884682
09-01-2017,TOTAL,324646,324646,1161902,1161902,1019889,1097102,1019889,1097101,179868,119436,179868,119436,3902843,3902842
09-01-2017,FII,146954,56051,374662,483428,271835,355771,206629,103716,17435,12845,15978,12643,1179502,878445
10-01-2017,FII,144943,57142,380943,481708,275493,360316,207199,113946,18663,14229,18252,13863,1194587,892110
10-01-2017,Pro,31962,49470,100420,63344,186323,160930,219138,261419,32971,23822,57878,37636,536428,688885
10-01-2017,TOTAL,326785,326785,1179493,1179493,1029887,1129471,1029887,1129470,194365,131137,194365,131137,3991138,3991137
10-01-2017,Client,128903,177918,687767,206585,422601,605982,603550,754105,142659,93086,118225,79638,2080998,1940021
10-01-2017,DII,20977,42255,10363,427856,145470,2243,0,0,72,0,10,0,179125,470121
11-01-2017,FII,157172,57282,395808,472327,293920,369134,206698,128014,22341,16748,21285,16109,1255123,901715
11-01-2017,TOTAL,342436,342436,1192475,1192475,1062044,1287008,1062044,1287007,205178,145733,205178,145733,4234874,4234873
11-01-2017,Client,131647,184187,682406,221874,409576,731674,621924,828118,145721,103652,123978,85810,2204676,2065891
11-01-2017,Pro,32640,58379,104051,67044,213078,183957,233422,330875,36954,25333,59905,43814,596013,793439
11-01-2017,DII,20977,42588,10210,431230,145470,2243,0,0,162,0,10,0,179062,473828
12-01-2017,FII,176088,59349,409901,471516,299294,378482,208369,146409,26080,18411,23044,18995,1308256,927682
12-01-2017,DII,20977,43680,10582,432042,145470,2243,0,0,162,0,0,0,179434,475722
12-01-2017,Pro,30034,71074,102916,68839,211087,162855,202838,306163,39825,27698,68736,51224,574415,768874
12-01-2017,TOTAL,363347,363347,1204348,1204348,1011588,1204523,1011588,1204522,228861,164738,228861,164738,4177405,4177404
12-01-2017,Client,136248,189244,680949,231951,355737,660943,600381,751950,162794,118629,137081,94519,2115300,2005126
13-01-2017,Client,139989,193822,689229,234820,392598,691153,620610,770971,192472,119645,153165,98182,2225086,2071570
13-01-2017,DII,20977,44152,10623,436306,145470,2243,0,0,162,0,0,0,179475,480458
13-01-2017,FII,179046,60597,416490,481068,303318,391844,211933,163797,28177,19487,24921,19676,1338362,961992
13-01-2017,Pro,29115,70556,107627,71775,201703,170065,210546,320536,39900,29421,82625,50695,577831,806733
13-01-2017,TOTAL,369127,369127,1223969,1223969,1043089,1255305,1043089,1255304,260711,168553,260711,168553,4320754,4320753
16-01-2017,FII,188652,70544,414427,483908,312072,405322,213810,191202,29530,21307,25751,21559,1371310,1006774
16-01-2017,TOTAL,378167,378167,1237123,1237123,1068801,1326184,1068801,1326184,274325,177851,274325,177851,4462451,4462451
16-01-2017,Client,141363,194452,699145,240056,404650,739923,631889,788942,202603,125612,159162,101860,2313296,2116361
16-01-2017,Pro,27175,69564,112698,74717,206609,172030,223102,346040,42030,30932,89412,54432,591474,857267
16-01-2017,DII,20977,43607,10853,438442,145470,8909,0,0,162,0,0,0,186371,482049
17-01-2017,FII,187280,71285,419022,494070,318271,414925,218752,202266,31419,23602,27959,22447,1394519,1036779
17-01-2017,TOTAL,374583,374583,1256003,1256003,1122972,1349428,1122972,1349428,290792,182034,290792,182034,4575812,4575812
17-01-2017,Pro,24664,67062,116029,79737,199188,177610,235921,348555,42731,32038,95114,54046,592260,880435
17-01-2017,Client,141676,192424,709558,241041,460043,746254,668299,798607,216480,126394,167716,105541,2400405,2173628
17-01-2017,DII,20963,43812,11394,441155,145470,10639,0,0,162,0,3,0,188628,484970
18-01-2017,TOTAL,390459,390459,1270882,1270882,1155324,1366358,1155324,1366358,295589,188406,295589,188406,4667018,4667018
18-01-2017,FII,193159,90635,424405,497899,318852,410244,224100,204430,31705,24608,29167,24187,1402973,1070418
18-01-2017,Pro,31627,64329,120853,87580,201087,178909,248024,350699,44227,33104,95880,56454,609807,902966
18-01-2017,DII,20963,43924,11219,442002,145470,10639,0,0,162,0,3,0,188453,485929
18-01-2017,Client,144710,191571,714405,243401,489915,766566,683200,811229,219495,130694,170539,107765,2465785,2207705
19-01-2017,DII,20963,44108,10983,443949,145470,10639,0,0,162,0,0,0,188217,488057
19-01-2017,Client,147705,189458,718148,250796,423063,698004,630260,758050,223927,137413,174893,110984,2348260,2114441
19-01-2017,Pro,30626,64644,126480,95267,194423,160055,224238,321223,45496,33968,97221,59643,591048,862236
19-01-2017,FII,193222,94306,430648,496247,317808,419199,226266,208624,32426,24733,29897,25487,1418036,1080827
19-01-2017,TOTAL,392516,392516,1286259,1286259,1080764,1287897,1080764,1287897,302011,196114,302011,196114,4545561,4545561
20-01-2017,TOTAL,371057,371057,1297785,1297785,1148625,1279314,1148625,1279314,310398,190207,310398,190207,4597386,4597386
20-01-2017,DII,20963,44108,11476,447819,143817,11239,0,0,162,0,0,0,187657,491927
20-01-2017,Pro,22473,54207,128416,97086,190415,175314,273007,311588,43883,36110,101076,55132,596611,892096
20-01-2017,FII,191182,86170,436578,512807,314841,442378,237014,205354,32578,24338,32460,26607,1441895,1100412
20-01-2017,Client,136439,186572,721315,240073,499552,650383,638604,762372,233775,129759,176862,108468,2371223,2112951
23-01-2017,Pro,22424,53161,129935,98552,185491,183039,267608,333756,48618,34706,99875,62235,604213,915187
23-01-2017,Client,131501,186796,728648,241406,519467,705782,644690,810035,226425,141216,175190,110343,2453039,2168460
23-01-2017,DII,20963,44133,11808,452055,143817,11239,0,0,202,0,14,0,188029,496202
23-01-2017,FII,197623,88421,481486,559864,298153,431557,234630,187826,31699,23544,31865,26888,1464062,1129494
23-01-2017,TOTAL,372511,372511,1351877,1351877,1146928,1331617,1146928,1331617,306944,199466,306944,199466,4709343,4709343
24-01-2017,DII,20963,41806,11709,452561,143817,11239,0,0,104,0,14,0,187832,494381
24-01-2017,FII,217489,102668,533014,612886,287371,429578,235085,175749,29669,22951,31370,26853,1520072,1008862
24-01-2017,Client,136476,207659,727318,238930,495404,767946,636577,837423,212351,144091,170011,110946,2483586,1364123
24-01-2017,Pro,24157,46952,121437,89101,195099,191186,250029,386778,52617,36090,93346,65333,620586,544761
24-01-2017,TOTAL,399085,399085,1393478,1393478,1121691,1399949,1121691,1399950,294741,203132,294741,203132,4812076,3412127
25-01-2017,Client,99712,183856,636305,177329,284495,358226,451466,520610,57940,29317,50780,31419,1465995,1415460
25-01-2017,DII,20960,41684,9710,443272,143817,4173,0,0,32,0,0,0,178692,484956
25-01-2017,FII,167540,36738,416361,479981,175695,249871,165081,64737,952,228,384,425,1010647,747346
25-01-2017,Pro,20424,46358,83214,45008,143132,140471,130592,167395,16238,15215,23998,12916,418694,426267
25-01-2017,TOTAL,308636,308636,1145590,1145590,747139,752741,747139,752742,75162,44760,75162,44760,3074028,3074029
27-01-2017,FII,185265,45604,436352,500176,196194,266501,174796,98616,8104,7497,10162,6168,1099913,835522
27-01-2017,Client,106413,193947,654450,191033,329581,419387,501803,563611,87744,40472,74689,42635,1638047,1567718
27-01-2017,TOTAL,331888,331888,1188071,1188071,842181,842432,842181,842433,121161,66916,121161,66916,3392649,3392650
27-01-2017,Pro,19250,47238,87014,50851,172589,152315,165582,180206,25249,18947,36310,18113,475364,498300
27-01-2017,DII,20960,45099,10255,446011,143817,4229,0,0,64,0,0,0,179325,491110
30-01-2017,Client,107010,190201,649457,190923,382606,433335,529939,582250,106632,49581,90669,51292,1728621,1635274
30-01-2017,TOTAL,337997,337997,1191776,1191776,936121,899717,936121,899718,147276,81583,147276,81583,3594470,3594471
30-01-2017,DII,21311,45127,10745,446726,143817,4429,0,0,146,0,0,0,180448,491853
30-01-2017,Pro,22042,49769,86170,52993,194668,155608,194570,196193,29081,21698,44219,22036,509267,559780
30-01-2017,FII,187634,52900,445404,501134,215030,306345,211612,121275,11417,10304,12388,8255,1176134,907564
31-01-2017,DII,22230,45619,10886,447309,143817,4933,0,0,164,0,0,0,182030,492928
31-01-2017,TOTAL,329432,329432,1205320,1205320,1027463,982705,1027463,982706,174555,95805,174555,95805,3815280,3815281
31-01-2017,Pro,16675,39849,85730,53772,187841,157962,223850,216954,31618,24001,51956,25993,503827,612374
31-01-2017,FII,181019,50607,441983,514690,207293,365391,235563,137495,14875,11760,15882,10743,1222321,964980
31-01-2017,Client,109508,193357,666721,189549,488512,454419,568050,628257,127898,60044,106717,59069,1907102,1744999
01-02-2017,FII,192281,59166,446813,529138,220595,373123,231534,130879,16616,13456,17219,11926,1262884,979862
01-02-2017,Pro,23712,41502,94182,55978,188966,149537,245348,264328,35297,24853,57135,31615,516547,695906
01-02-2017,TOTAL,362719,362719,1235784,1235784,1081144,1092478,1081144,1092479,192342,110348,192342,110348,4074815,4074816
01-02-2017,Client,118514,217483,682930,202791,527766,562515,604262,697272,140265,72039,117988,66807,2104029,1906603
01-02-2017,DII,28212,44568,11859,447877,143817,7303,0,0,164,0,0,0,191355,492445
02-02-2017,TOTAL,375416,375416,1246890,1246890,1001377,1030301,1001377,1030302,212287,121123,212287,121123,3987394,3987395
02-02-2017,Pro,24576,47411,93847,56308,182286,138571,207665,240760,36518,27043,63330,34014,502841,649488
02-02-2017,DII,36566,44093,12850,441532,143826,7287,0,0,223,0,0,0,200752,485625
02-02-2017,Client,115415,213946,692660,207045,429862,499681,572829,661708,156387,79106,129124,73677,1973111,1858329
02-02-2017,FII,198859,69966,447533,542005,245403,384762,220883,127834,19159,14974,19833,13432,1310690,993953
03-02-2017,TOTAL,380759,380759,1265962,1265962,1030119,1096080,1030119,1096081,231680,134155,231680,134155,4138755,4138756
03-02-2017,Client,120673,211611,701829,221152,446623,544910,596433,683968,170348,87619,140391,81175,2072002,1934730
03-02-2017,Pro,24171,50425,98126,59799,189174,152154,210206,252286,39741,29075,69769,37494,532441,679979
03-02-2017,DII,36423,44136,15077,436490,143826,7287,0,0,291,0,0,0,202904,480626
03-02-2017,FII,199492,74587,450930,548521,250496,391729,223480,159827,21300,17461,21520,15486,1331408,1043421
06-02-2017,Client,121306,213924,713415,228424,458231,590691,622601,713219,183036,94078,150590,86328,2160757,2015086
06-02-2017,FII,209092,81165,452763,558391,265896,402668,223005,164086,22808,18717,22687,16447,1371944,1065781
06-02-2017,TOTAL,390454,390454,1281517,1281517,1066837,1154478,1066837,1154479,248716,143636,248716,143636,4285638,4285639
06-02-2017,Pro,23640,51365,99786,61029,198884,153832,221231,277174,42525,30841,75439,40861,549508,727099
06-02-2017,DII,36416,44000,15553,433673,143826,7287,0,0,347,0,0,0,203429,477673
07-02-2017,TOTAL,387097,387097,1292791,1292791,1100636,1177481,1100636,1177482,270000,152428,270000,152428,4380433,4380434
07-02-2017,Pro,21434,48759,101022,62620,192011,156166,235972,276577,44180,33964,83922,43425,548777,751275
07-02-2017,FII,211121,83918,453729,570267,267454,416708,225694,178513,24506,20016,24666,17877,1393534,1100935
07-02-2017,DII,36161,44261,15711,429294,144276,7687,0,0,283,0,0,0,204118,473555
07-02-2017,Client,118381,210159,722329,230610,496895,596920,638970,722392,201031,98448,161412,91126,2234004,2054669
08-02-2017,Client,120911,217311,735797,231876,567252,641234,670464,745860,213665,102135,170595,94228,2380994,2130334
08-02-2017,DII,36161,44358,16281,429860,144276,8167,0,0,283,0,0,0,205168,474218
08-02-2017,FII,217697,82009,450097,580097,264465,432637,233260,187397,25604,21438,26462,18872,1411938,1128097
08-02-2017,Pro,18251,49342,103089,63431,197132,152641,269401,301423,44974,34469,87469,44942,550556,816008
08-02-2017,TOTAL,393020,393020,1305264,1305264,1173125,1234679,1173125,1234680,284526,158042,284526,158042,4548656,4548657
09-02-2017,Client,117387,215855,738393,234450,473156,572299,611507,710792,224534,104578,177222,96751,2230347,2046577
09-02-2017,TOTAL,390067,390067,1316141,1316141,1064145,1167077,1064145,1167078,298800,163562,298800,163562,4399792,4399793
09-02-2017,DII,31052,44474,16706,429252,143826,8167,0,0,313,38,0,0,200102,473726
09-02-2017,Pro,15215,48218,104465,65848,181670,140957,214001,279190,46337,35293,93324,47438,523937,748019
09-02-2017,FII,226413,81520,456577,586591,265493,445654,238637,177096,27616,23653,28254,19373,1445406,1131471
10-02-2017,Pro,15257,51654,103551,66195,193073,141907,234794,293923,46907,36258,96635,49649,536953,792850
10-02-2017,FII,229185,80461,460874,588781,277483,458681,246942,182650,27671,23899,29747,21780,1477793,1150361
10-02-2017,TOTAL,391731,391731,1318834,1318834,1124434,1210515,1124434,1210516,310629,171361,310629,171361,4527504,4527505
10-02-2017,Client,116237,215130,738266,236020,510052,601760,642698,733943,235748,111166,184247,99932,2313229,2111970
10-02-2017,DII,31052,44486,16143,427838,143826,8167,0,0,303,38,0,0,199529,472324
13-02-2017,Client,118279,223439,743493,236619,530800,632948,653786,744086,248572,113877,188931,100656,2387969,2147517
13-02-2017,FII,241953,81742,462933,596227,286226,454903,250234,181492,28315,23510,32294,22755,1497840,1164744
13-02-2017,TOTAL,404538,404538,1326437,1326437,1153749,1243631,1153749,1243632,324302,174422,324302,174422,4627079,4627080
13-02-2017,Pro,14746,54871,104016,68051,194230,147613,249729,318054,47140,37035,103077,51011,544780,844793
13-02-2017,DII,29560,44486,15995,425540,142493,8167,0,0,275,0,0,0,196490,470026
14-02-2017,Client,116905,235495,752570,238164,549709,650805,674725,755800,257413,115457,192590,101112,2442859,2197886
14-02-2017,TOTAL,420879,420879,1338282,1338282,1184671,1262136,1184671,1262136,335103,176884,335103,176884,4717955,4717955
14-02-2017,DII,29559,45839,15793,424550,142493,8167,0,0,285,38,0,0,196335,470389
14-02-2017,Pro,13550,58511,107021,70837,192472,145926,248901,321562,47508,37253,108764,52328,543730,860903
14-02-2017,FII,260865,81034,462898,604731,299997,457238,261045,184774,29897,24136,33749,23444,1535031,1188777
15-02-2017,DII,29576,44587,15358,423759,142493,8567,0,0,253,38,0,0,196285,468346
15-02-2017,TOTAL,445770,445770,1356163,1356163,1270050,1266558,1270050,1266558,347948,176972,347948,176972,4863461,4863461
15-02-2017,Pro,17175,49627,110718,72731,183815,162011,297488,302152,44969,39105,114377,52227,557793,888602
15-02-2017,FII,278998,89297,458476,626914,307787,469584,261674,194182,30960,24470,37061,24238,1570275,1233366
15-02-2017,Client,120021,262259,771611,232759,635955,626396,710888,770224,271766,113359,196510,100507,2539108,2273147
16-02-2017,Client,116619,263743,772783,240349,528018,597258,657256,741016,263400,122111,193349,103302,2400189,2199015
16-02-2017,TOTAL,444185,444185,1362848,1362848,1165912,1222146,1165912,1222146,342994,186098,342994,186098,4724183,4724183
16-02-2017,DII,29576,44699,15916,421303,142493,8567,0,0,240,38,0,0,196830,466002
16-02-2017,Pro,16443,45293,116911,76004,182939,149531,245172,288934,48146,38387,113363,57604,552357,826370
16-02-2017,FII,281547,90450,457238,625192,312462,466790,263484,192196,31208,25562,36282,25192,1574807,1232796
17-02-2017,TOTAL,456533,456533,1385292,1385292,1172860,1293848,1172860,1293848,343866,191457,343866,191457,4843856,4843856
17-02-2017,Pro,21330,41828,126413,84523,191114,168206,252116,313048,51968,39921,114401,59713,598952,865629
17-02-2017,FII,281850,98872,429486,673185,327841,473939,263314,197082,33886,26221,38186,25919,1573223,1296558
17-02-2017,Client,124620,271122,785933,244544,511412,642816,657430,783718,257802,125266,191279,105825,2447849,2253918
17-02-2017,DII,28733,44711,43460,383040,142493,8887,0,0,210,49,0,0,223832,427751
20-02-2017,Client,132344,267519,791821,256349,506199,709301,650814,822857,255190,133116,192978,110944,2527971,2301461
20-02-2017,DII,28733,42032,43592,386885,142493,6044,0,0,196,49,0,0,221107,428917
20-02-2017,TOTAL,459769,459769,1439267,1439267,1184938.667,1360718.667,1184938.667,1360718.667,344801,202128,344801,202128,4991622.333,4991622.333
20-02-2017,FII,275278,108034,468545,703999,334413,470455,272030,200614,33890,26937,38118,26954,1609518,1349749
20-02-2017,Pro,23414,42184,135309,92034,201834,174919,262095,337248,55525,42026,113705,64230,633027,911496
21-02-2017,Pro,28193,38911,139103,96327,196429,195351,241842,361106,58471,43287,115018,65463,660834,918667
21-02-2017,FII,283791,130665,487415,717870,348368,467198,272532,223462,35518,27356,37714,26742,1649646,1408985
21-02-2017,TOTAL,484045,484045,1468882,1468882,1175893,1420960,1175893,1420960,349248,205946,349248,205946,5104974,5104974
21-02-2017,Client,143328,272437,798709,263000,488603,752367,661519,836392,255063,135267,196516,113741,2573337,2343605
21-02-2017,DII,28733,42032,43655,391685,142493,6044,0,0,196,36,0,0,221157,433717
22-02-2017,Client,148687,271798,797254,264855,531212,788869,676618,839918,257247,143479,197322,123285,2666748,2373796
22-02-2017,Pro,30452,42783,133521,91635,210264,195141,272177,362878,61434,45448,118109,65999,676260,953581
22-02-2017,FII,293906,144720,496784,721381,350745,463554,284519,250812,34792,27311,38235,26990,1667092,1466657
22-02-2017,TOTAL,501343,501343,1471004,1471004,1233314,1453608,1233314,1453608,353666,216274,353666,216274,5229209,5229209
22-02-2017,DII,28298,42042,43445,393133,141093,6044,0,0,193,36,0,0,219109,435175
23-02-2017,FII,226976,46919,359628,567665,219157,233105,168080,66329,1001,588,278,590,1040455,849861
23-02-2017,TOTAL,373930,373930,1195189,1195189,767197,749736,767197,749736,90566,50672,90566,50672,3227290,3227290
23-02-2017,Client,111017,240958,709021,203612,253616,371259,465037,508094,72571,33415,60267,36432,1550899,1514400
23-02-2017,Pro,13911,50156,90298,40975,153331,141888,134080,175313,16984,16669,30021,13650,433081,444195
23-02-2017,DII,22026,35897,36242,382937,141093,3484,0,0,10,0,0,0,202855,418834
27-02-2017,FII,224473,46886,361381,572039,229226,252243,178336,77186,9746,7531,7956,4560,1084600,886963
27-02-2017,Client,109880,240150,726137,206189,343754,414211,529368,558009,105250,45513,85794,49902,1744745,1669412
27-02-2017,TOTAL,372818,372818,1219443,1219443,882328,830620,882328,830620,136470,73960,136470,73960,3515639,3515639
27-02-2017,Pro,16489,51008,94992,45344,168255,160682,174624,195425,21450,20916,42720,19498,482784,528619
27-02-2017,DII,21976,34774,36933,395871,141093,3484,0,0,24,0,0,0,203510,430645
28-02-2017,FII,224291,47748,369615,577058,234297,271238,180920,79469,14003,11465,12566,7734,1124909,905495
28-02-2017,Pro,14352,50649,98682,47675,172276,162755,185825,201189,24362,23769,48846,22787,496196,556971
28-02-2017,TOTAL,371379,371379,1251267,1251267,931685,873614,931685,873614,161217,87750,161217,87750,3676912,3676912
28-02-2017,DII,22376,31475,36779,416094,141084,3208,0,0,34,0,0,0,203481,447569
28-02-2017,Client,110360,241507,746191,210440,384028,436413,564940,592956,122818,52516,99805,57229,1852326,1766877
01-03-2017,DII,22366,30882,36580,417577,141084,3208,0,0,34,0,0,0,203272,448459
01-03-2017,Client,117083,253207,767625,212672,406391,494221,588731,636700,136706,58622,111487,63757,1980648,1866554
01-03-2017,TOTAL,389856,389856,1275137,1275137,975290,947009,975290,947009,179974,97484,179974,97484,3864750,3864750
01-03-2017,Pro,19229,53959,101806,49713,180848,160195,195616,223823,26179,25393,53354,24341,513650,600806
01-03-2017,FII,231178,51808,369126,595175,246967,289385,190943,86486,17055,13469,15133,9386,1167180,948931
02-03-2017,Client,109698,261556,767059,209348,370397,428797,547077,591269,151309,64091,123499,69579,1891351,1802328
02-03-2017,FII,234958,43306,370221,600684,250326,291297,198429,101654,20679,13924,18481,10800,1181405,973354
02-03-2017,DII,22405,30882,37164,411442,141084,3408,0,0,34,0,0,0,204095,442324
02-03-2017,TOTAL,384065,384065,1271790,1271790,936138,891169,936138,891169,199520,105856,199520,105856,3788538,3788538
02-03-2017,Pro,17004,48321,97346,50316,174331,167667,190632,198246,27498,27841,57540,25477,511687,570532
03-03-2017,TOTAL,375955,375955,1277355,1277355,994791,922302,994791,922302,215412,113538,215412,113538,3899353,3899353
03-03-2017,Pro,21345,48647,101958,53307,189935,173332,221654,200619,28560,29034,61815,27136,544164,613178
03-03-2017,FII,222235,50504,374766,604500,249368,302814,199400,104584,22221,15727,20427,11885,1187131,991300
03-03-2017,Client,109733,245907,762655,211407,414404,442618,573737,617099,164597,68777,133170,74517,1962784,1855837
03-03-2017,DII,22642,30897,37976,408141,141084,3538,0,0,34,0,0,0,205274,439038
06-03-2017,TOTAL,381541,381541,1285970,1285970,1043992,970599,1043992,970599,224460,123556,224460,123556,4030118,4030118
06-03-2017,Client,113374,244696,765164,215324,449724,492888,604029,642986,169030,78117,140336,81247,2068297,1928618
06-03-2017,DII,22902,30873,40177,404764,141284,3538,0,0,34,0,0,0,207935,435637
06-03-2017,FII,220910,54264,376181,609982,250328,304155,207275,110149,24407,16566,21865,12703,1192547,1016238
06-03-2017,Pro,24355,51708,104448,55900,202656,170018,232688,217464,30989,28873,62259,29606,561339,649625
07-03-2017,DII,24459,30873,43381,403878,141284,5204,0,0,34,40,0,0,214402,434751
07-03-2017,Client,113433,247966,783093,214160,484802,502905,624317,663325,180884,80102,147939,83818,2145219,1981525
07-03-2017,FII,234985,67341,367299,626617,253099,305340,211045,115300,25980,17471,23298,12795,1204174,1056396
07-03-2017,TOTAL,397535,397535,1299319,1299319,1083447,997008,1083447,997008,237460,126790,237460,126790,4141559,4141559
07-03-2017,Pro,24658,51355,105546,54664,204262,183559,248085,218383,30562,29177,66223,30177,577764,668887
08-03-2017,FII,246436,74813,368445,646044,254922,328803,222189,122531,27169,18615,26277,13662,1244390,1105516
08-03-2017,Client,119080,261466,800181,217919,536912,517782,648235,687726,194207,82519,156874,86218,2250681,2058438
08-03-2017,TOTAL,422151,422151,1324309,1324309,1142745,1039500,1142745,1039500,253925,131464,253925,131464,4314094,4314094
08-03-2017,Pro,27715,54999,108193,56824,209627,187511,272321,229243,32515,30270,70774,31584,595831,715745
08-03-2017,DII,28920,30873,47490,403522,141284,5404,0,0,34,60,0,0,223192,434395
09-03-2017,DII,29973,31066,43594,401907,152359,6070,0,0,34,60,0,0,232090,432973
09-03-2017,FII,243047,80331,369137,655388,257320,332079,239975,128157,29068,19603,28770,14386,1250254,1147007
09-03-2017,Pro,31886,53815,108838,57096,205904,175424,247445,208076,33517,30614,74121,32737,586183,673290
09-03-2017,TOTAL,441524,441524,1323393,1323393,1080667,968430,1080667,968430,266054,135582,266054,135582,4215650,4215650
09-03-2017,Client,136618,276312,801824,209002,465084,454857,593247,632197,203435,85305,163163,88459,2147123,1962380
10-03-2017,Client,141764,284836,807624,203003,566628,493685,626072,657998,214685,86885,171249,89760,2311271,2032918
10-03-2017,FII,246956,84693,366694,665883,250688,337193,282341,138758,29309,20495,30996,15697,1251335,1218368
10-03-2017,DII,30543,29372,42459,399650,152385,7602,0,0,34,60,0,0,233083,429022
10-03-2017,Pro,32988,53350,109875,58116,223237,184448,284525,226172,33939,31874,75722,33857,616361,731742
10-03-2017,TOTAL,452251,452251,1326652,1326652,1192938,1022928,1192938,1022928,277967,139314,277967,139314,4412050,4412050
14-03-2017,Client,148329,308847,818655,216934,531601,561636,647160,682633,213965,94214,173280,92639,2368400,2121493
14-03-2017,Pro,31092,55399,111142,61284,212203,159165,256217,247710,37476,30910,75605,36818,581988,733033
14-03-2017,DII,25001,29280,40825,398009,146210,7402,0,0,105,60,0,0,219603,427289
14-03-2017,FII,282031,92927,375323,669718,261211,350295,247848,148155,29111,21303,31772,17030,1319274,1207450
14-03-2017,TOTAL,486453,486453,1345945,1345945,1151225,1078498,1151225,1078498,280657,146487,280657,146487,4489265,4489265
15-03-2017,TOTAL,489995,489995,1354511,1354511,1143353,1152311,1143353,1152311,286094,154635,286094,154635,4580899,4580899
15-03-2017,FII,280908,95038,376714,677497,266970,359023,245379,150579,28995,21963,32914,17874,1334573,1219281
15-03-2017,Client,148367,310296,824441,219221,526232,617899,649543,729305,218127,100966,176334,98231,2436032,2182930
15-03-2017,DII,24983,29346,40033,398178,145100,7402,0,0,105,60,0,0,217683,427524
15-03-2017,Pro,35737,55315,113323,59615,205051,167987,248431,272427,38867,31646,76846,38530,592611,751164
16-03-2017,Client,150691,319244,830119,223827,409700,603269,598056,682445,219537,109970,176341,102541,2323286,2102454
16-03-2017,TOTAL,502272,502272,1366230,1366230,1044213,1115763,1044213,1115763,289768,163875,289768,163875,4482121,4482121
16-03-2017,DII,25970,29293,39857,396001,145010,7402,0,0,105,0,0,0,218344,425294
16-03-2017,Pro,30553,57343,116386,61509,206354,149431,210110,277055,41251,31211,78622,42622,575186,727261
16-03-2017,FII,295058,96392,379868,684893,283149,355661,236047,156263,28875,22694,34805,18712,1365305,1227112
17-03-2017,Pro,22867,60240,116056,64532,200968,170950,207442,316945,41546,34517,87242,44855,586904,781256
17-03-2017,Client,144157,303297,831232,217973,433089,639070,626228,700565,238863,112693,186856,106919,2399104,2141838
17-03-2017,DII,28303,28108,39964,395966,142610,7402,0,0,105,0,0,0,218384,424074
17-03-2017,TOTAL,488360,488360,1369285,1369285,1067395,1182358,1067395,1182358,312108,171103,312108,171103,4590609,4590609
17-03-2017,FII,293033,96715,382033,690814,290728,364936,233725,164848,31594,23893,38010,19329,1386217,1243441
20-03-2017,DII,28949,28398,38496,397032,142610,7402,0,0,85,0,0,0,217542,425430
20-03-2017,Pro,26399,60348,121893,68182,205958,171280,227035,302947,42069,36531,93280,47534,604130,799326
20-03-2017,TOTAL,499760,499760,1390718,1390718,1116276,1180396,1116276,1180396,330202,177382,330202,177382,4694734,4694734
20-03-2017,FII,298519,90903,374668,702879,288523,365348,231818,164058,32366,24912,38603,20137,1384336,1248398
20-03-2017,Client,145893,320111,855661,222625,479185,636366,657423,713391,255682,115939,198319,109711,2488726,2221580
21-03-2017,DII,22953,29602,37410,398085,142610,7402,0,0,85,0,0,0,210460,427687
21-03-2017,TOTAL,504421,504421,1413966,1413966,1164559,1174544,1164559,1174544,347172,180818,347172,180818,4785480,4785480
21-03-2017,Pro,36265,56839,126151,72380,216144,180386,272745,287035,43182,38254,98775,48096,640382,835870
21-03-2017,FII,299192,91977,365304,728434,288053,361971,233521,166249,32244,25859,39192,20200,1372623,1279573
21-03-2017,Client,146011,326003,885101,215067,517752,624785,658293,721260,271661,116705,209205,112522,2562015,2242350
22-03-2017,Pro,36042,60062,130951,76747,198233,185505,317385,280115,43278,39914,107821,48128,633923,890258
22-03-2017,TOTAL,511293,511293,1428219,1428219,1250496,1176508,1250496,1176508,365896,180794,365896,180794,4913206,4913206
22-03-2017,Client,145338,334153,903065,204536,631702,592430,691916,725485,289497,115180,216985,112094,2677212,2285169
22-03-2017,DII,22215,30836,36013,400402,142610,7802,0,0,85,0,0,0,208725,431238
22-03-2017,FII,307698,86242,358190,746534,277951,390771,241195,170908,33036,25700,41090,20572,1393346,1306541
23-03-2017,Pro,35934,59265,135589,82749,189151,179073,249454,281643,46152,40002,109624,50663,625901,833398
23-03-2017,TOTAL,516413,516413,1442151,1442151,1114860,1166845,1114860,1166845,370153,186347,370153,186347,4796769,4796769
23-03-2017,Client,147134,338550,911977,209466,501042,586120,627782,711784,290918,120137,219179,115171,2557328,2221932
23-03-2017,DII,22023,30816,36939,400874,142610,7794,0,0,85,0,0,0,209451,431690
23-03-2017,FII,311322,87782,357646,749062,282057,393858,237624,173418,32998,26208,41350,20513,1404089,1309749
24-03-2017,DII,22023,30792,37261,407456,142610,7854,0,0,85,0,0,0,209833,438248
24-03-2017,Client,148403,343420,916920,206257,526027,606999,645047,735939,282085,121135,212568,115600,2601569,2258831
24-03-2017,TOTAL,518056,518056,1450078,1450078,1140877,1199574,1140877,1199574,361319,187578,361319,187578,4857482,4857482
24-03-2017,Pro,40630,56407,138050,84159,191939,174864,254019,290986,46907,39330,107474,50641,631720,843686
24-03-2017,FII,307000,87437,357847,752206,280301,409857,241811,172649,32242,27113,41277,21337,1414360,1316717
27-03-2017,DII,22905,30946,37375,399315,142610,7854,0,0,85,0,0,0,210829,430261
27-03-2017,FII,311299,98722,373173,784146,277273,412166,239499,172038,32761,28157,42057,21026,1434829,1357488
27-03-2017,Pro,39871,58185,149424,94558,204877,183585,286207,302436,47643,41184,113133,51376,666584,905895
27-03-2017,TOTAL,519693,519693,1491419,1491419,1192931,1228201,1192931,1228201,369612,189198,369612,189198,4991054,4991054
27-03-2017,Client,145618,331840,931447,213400,568171,624596,667225,753727,289123,119857,214422,116796,2678812,2297410
28-03-2017,FII,345865,128572,467233,866566,271843,413831,242421,173343,31625,28173,40909,21302,1558570,1473113
28-03-2017,Client,149052,340001,934743,225573,553997,670737,669331,760398,281509,124164,211421,119908,2714202,2326632
28-03-2017,Pro,38420,60389,153320,98050,194250,171055,250948,329736,50443,41171,111332,52298,648659,902753
28-03-2017,TOTAL,556575,556575,1591911,1591911,1162700,1263477,1162700,1263477,363662,193508,363662,193508,5131833,5131833
28-03-2017,DII,23238,27613,36615,401722,142610,7854,0,0,85,0,0,0,210402,429335
29-03-2017,DII,23528,27770,35046,404491,142610,7854,0,0,173,12,0,0,209223,432261
29-03-2017,Pro,36476,56433,143309,87891,204158,184845,243607,357957,51483,42333,106290,54288,662604,906466
29-03-2017,TOTAL,597298,597298,1677061,1677061,1154155,1329310,1154155,1329310,348623,196573,348623,196573,5303020,5303020
29-03-2017,Client,151456,356275,941100,229012,542038,714101,669488,795158,267590,126672,202830,119985,2742957,2372748
29-03-2017,FII,385838,156820,557606,955667,265349,422510,241060,176195,29377,27556,39503,22300,1688236,1591545
30-03-2017,Client,136404,256761,779279,180049,254009,342792,422108,492178,63842,34573,53337,37759,1610899,1442192
30-03-2017,FII,245010,74222,433596,716164,176029,239335,183063,45229,149,580,863,450,1094699,1019991
30-03-2017,TOTAL,418519,418519,1331673,1331673,726591,692220,726591,692220,78511,50407,78511,50407,3297921,3297921
30-03-2017,Pro,13782,59904,100967,45020,153969,106945,121420,154813,14515,15254,24311,12198,405432,417666
30-03-2017,DII,23323,27632,17831,390440,142584,3148,0,0,5,0,0,0,186891,418072
31-03-2017,Client,135006,257729,795369,184598,296281,379954,469071,530848,94610,46348,76675,52278,1747568,1571199
31-03-2017,FII,246931,75303,443022,731626,189652,252440,190698,53576,8103,8177,9138,4430,1148325,1064771
31-03-2017,Pro,16312,61892,105779,46709,173400,121492,142148,172610,21968,19490,38933,17307,458441,479599
31-03-2017,TOTAL,422593,422593,1362099,1362099,801917,757034,801917,757034,124746,74015,124746,74015,3542404,3542404
31-03-2017,DII,24344,27669,17929,399166,142584,3148,0,0,65,0,0,0,188070,426835
03-04-2017,Pro,15306,67728,112285,48981,187898,137466,142393,215697,26667,20556,46322,21535,500178,542656
03-04-2017,DII,24334,27749,18617,398178,142584,3148,0,0,65,0,0,0,188748,425927
03-04-2017,FII,244903,74505,451190,737340,214391,265226,195339,64879,11835,10962,11114,6113,1198507,1089290
03-04-2017,TOTAL,405871,405871,1383400,1383400,845981,867011,845981,867011,154348,89424,154348,89424,3746035,3746035
03-04-2017,Client,121328,235889,801308,198901,301108,461171,508249,586435,115781,57906,96912,61776,1858602,1688162
05-04-2017,FII,249440,70007,453557,745069,215440,283862,206927,73639,15004,13713,14713,7774,1231016,1118129
05-04-2017,Pro,15682,73069,117171,51064,203369,140105,151757,245869,29738,23400,52197,27227,529465,601183
05-04-2017,DII,23459,31746,19025,396994,142584,3148,0,0,200,0,0,0,188416,428740
05-04-2017,TOTAL,401153,401153,1404685,1404685,902138,967547,902138,967547,177883,106451,177883,106451,3959857,3959857
05-04-2017,Client,112572,226331,814932,211558,340745,540432,543454,648039,132941,69338,110973,71450,2010960,1811805
06-04-2017,Client,117081,219640,820044,218548,302914,483021,513672,600031,152008,74153,123580,78639,1949221,1754110
06-04-2017,DII,23459,31746,19473,395562,142584,3548,0,0,160,0,0,0,189224,427308
06-04-2017,Pro,14507,69826,120451,52588,192029,140956,141287,232334,31410,26557,60696,29605,525910,586336
06-04-2017,TOTAL,395224,395224,1409208,1409208,861586,912121,861586,912121,201214,117315,201214,117315,3896668,3896668
06-04-2017,FII,240177,74012,449240,742510,224059,284596,206627,79756,17636,16605,16938,9071,1232313,1128914
07-04-2017,Pro,12641,68242,120719,53111,194384,153518,174552,234349,32298,29842,67953,29917,543402,628124
07-04-2017,TOTAL,391236,391236,1401805,1401805,933082,939821,933082,939822,223664,123660,223664,123660,4013268,4013269
07-04-2017,Client,117294,212563,812446,217548,370812,473500,544066,621575,171704,77154,136750,83907,2022910,1816409
07-04-2017,DII,23419,31749,19663,394072,142584,3998,0,0,160,0,0,0,189824,425821
07-04-2017,FII,237882,78682,448977,737074,225302,308805,214464,83898,19502,16664,18961,9836,1257132,1142915
10-04-2017,Pro,13438,65599,125026,59167,193789,159724,187718,261326,34880,31148,73122,32590,558005,679522
10-04-2017,FII,233402,81649,452217,730940,227928,315787,214626,85275,21269,19055,21034,11195,1269658,1144719
10-04-2017,DII,23419,29936,19913,397778,142584,3998,0,0,970,0,0,0,190884,427714
10-04-2017,TOTAL,389218,389218,1415395,1415395,960276,1001938,960276,1001939,244035,133902,244035,133902,4144764,4144765
10-04-2017,Client,118959,212034,818239,227510,395975,522429,557932,655338,186916,83699,149879,90117,2126217,1892810
11-04-2017,DII,23431,32643,20003,403943,142584,4745,0,0,970,0,0,0,191733,436586
11-04-2017,Pro,16557,68354,128596,63229,200539,160890,186268,292526,38675,32885,77154,36429,578142,723960
11-04-2017,FII,231631,81400,455223,726356,233244,327876,215495,82130,24324,21591,22496,12872,1293889,1140749
11-04-2017,TOTAL,398233,398233,1428030,1428030,946534,1084957,946534,1084958,258345,144786,258345,144786,4260885,4260886
11-04-2017,Client,126614,215836,824208,234502,370167,591446,544771,710302,194376,90310,158695,95485,2197121,1959591
12-04-2017,Client,126061,209938,832323,235764,420925,580174,579401,719124,216941,94129,172006,100645,2270553,2016878
12-04-2017,DII,23441,32643,20910,405570,142584,4946,0,0,970,0,0,0,192851,438213
12-04-2017,TOTAL,396554,396554,1432367,1432367,987941,1097898,987941,1097899,284088,152985,284088,152985,4351833,4351834
12-04-2017,FII,232076,87596,452453,724993,233510,347097,212756,77815,26177,22689,25244,13479,1314002,1141883
12-04-2017,Pro,14976,66377,126681,66040,190922,165681,195784,300960,40000,36167,86838,38861,574427,754860
13-04-2017,FII,231060,84578,449995,731923,233845,376261,212879,76749,25652,23902,28021,15182,1340715,1149332
13-04-2017,Client,124032,215616,843326,233497,387488,495333,548167,668401,244354,97290,182682,102641,2191823,1951004
13-04-2017,Pro,15133,61672,129549,67335,169442,159139,172313,290948,38528,38818,97951,42207,550609,732426
13-04-2017,TOTAL,393775,393775,1444065,1444065,933359,1036097,933359,1036098,308654,160030,308654,160030,4275980,4275981
13-04-2017,DII,23550,31909,21195,411310,142584,5364,0,0,120,20,0,0,192833,443219
17-04-2017,TOTAL,393611,393611,1452478,1452478,990545,1080660,990545,1080661,321058,165248,321058,165248,4403600,4403601
17-04-2017,DII,23550,29279,21760,414808,142584,6030,0,0,120,20,0,0,194064,444087
17-04-2017,FII,230557,85380,448274,730974,238380,382712,214435,77107,25447,24087,28171,15713,1349457,1151780
17-04-2017,Client,126014,217415,849220,235877,426775,529721,586362,695156,254225,102083,190928,105339,2288038,2031077
17-04-2017,Pro,13490,61537,133224,70819,182806,162197,189748,308398,41266,39058,101959,44196,572041,776657
18-04-2017,Client,129289,222367,850468,236240,473919,529916,608393,719559,267110,105872,196564,109711,2356574,2092834
18-04-2017,Pro,14958,64407,132506,74342,183921,180751,217818,318890,41681,41441,110718,46487,595258,832662
18-04-2017,DII,23562,22770,22099,413371,142584,6030,0,0,120,20,0,0,194415,436141
18-04-2017,FII,226987,85252,448456,729576,244057,401007,218270,79256,27622,25277,29251,16412,1373406,1158017
18-04-2017,TOTAL,394796,394796,1453529,1453529,1044481,1117704,1044481,1117705,336533,172610,336533,172610,4519653,4519654
19-04-2017,FII,219859,91358,447979,726501,232297,432390,221489,83922,27915,26201,31029,16592,1386641,1170891
19-04-2017,TOTAL,396350,396350,1471932,1471932,1106961,1138895,1106961,1138895,350973,178759,350973,178759,4643870,4643870
19-04-2017,Pro,17619,63608,139310,79409,190115,168154,245483,314066,42081,40910,116369,50051,598189,868986
19-04-2017,DII,23562,22654,22480,423062,142584,5830,0,0,120,20,0,0,194596,445716
19-04-2017,Client,135310,218730,862163,242960,541965,532521,639989,740907,280857,111628,203575,112116,2464444,2158277
20-04-2017,DII,23562,22641,22704,430095,142584,5630,0,0,170,40,0,0,194690,452736
20-04-2017,Client,132298,207055,873002,243693,440664,500999,580741,705879,286317,114188,206627,114095,2347468,2058090
20-04-2017,Pro,14343,65678,146257,83917,187538,154233,195862,307081,42982,40912,118411,52090,586265,823039
20-04-2017,FII,219342,94171,440069,724327,228672,435541,222855,83444,27711,27458,32142,16413,1378793,1173352
20-04-2017,TOTAL,389545,389545,1482032,1482032,999458,1096403,999458,1096404,357180,182598,357180,182598,4507216,4507217
21-04-2017,Client,140549,202876,881524,250656,495097,492405,605349,724418,292235,114026,210097,116593,2415836,2109989
21-04-2017,FII,205435,98550,439240,723583,228322,449003,226931,84240,27873,27391,32981,16430,1377264,1182715
21-04-2017,Pro,17024,62370,156420,93330,194003,165676,227726,304057,45202,42422,122402,50856,620747,860741
21-04-2017,DII,23562,22774,23236,432851,142584,5630,0,0,170,40,0,0,195222,455625
21-04-2017,TOTAL,386570,386570,1500420,1500420,1060006,1112714,1060006,1112715,365480,183879,365480,183879,4609069,4609070
24-04-2017,Pro,22089,74710,166722,101580,214006,169628,200071,375221,49490,42757,122905,57241,664692,931728
24-04-2017,DII,23562,22827,25261,435005,142648,9763,0,0,170,40,0,0,201444,457832
24-04-2017,FII,226407,111564,499233,765533,234158,437554,213797,80233,27279,27282,33432,17300,1451913,1221859
24-04-2017,TOTAL,423176,423176,1575717,1575717,1025325,1238371,1025325,1238372,365964,192696,365964,192696,4821249,4821250
24-04-2017,Client,151118,214075,884501,273599,434513,621426,611457,782918,289025,122617,209627,118155,2503200,2209831
25-04-2017,Client,197167,247519,900310,325232,418819,712435,614472,850773,281323,124805,202957,118655,2634859,2359608
25-04-2017,FII,247211,143054,559243,798525,253367,431030,216066,83795,26736,27068,33976,18408,1544655,1293824
25-04-2017,DII,23562,25552,27460,429720,142784,9763,0,0,120,0,0,0,203689,455272
25-04-2017,Pro,24414,76229,172672,106208,210205,167770,194637,386431,51971,44765,123217,59575,671797,946297
25-04-2017,TOTAL,492354,492354,1659685,1659685,1025175,1320998,1025175,1320999,360150,196638,360150,196638,5055000,5055001
26-04-2017,Pro,24741,81002,162004,98341,205388,162327,179541,399874,55350,47386,124499,61316,657196,944573
26-04-2017,Client,216482,264410,898501,342049,395363,767773,617400,879991,268329,125536,191052,117804,2671984,2412706
26-04-2017,TOTAL,536275,536275,1688178,1688178,1013952,1377169,1013952,1377170,349960,197691,349960,197691,5163225,5163226
26-04-2017,DII,23295,26462,29641,431314,143192,9763,0,0,105,0,0,0,205996,457776
26-04-2017,FII,271757,164401,598032,816474,270009,437306,217011,97305,26176,24769,34409,18571,1628049,1348171
27-04-2017,Pro,14446,74680,119295,54165,163197,122466,105693,175917,16105,22436,34555,14460,457945,459470
27-04-2017,FII,193702,33469,353587,590525,195853,227881,152602,55765,76,77,1560,712,971176,834633
27-04-2017,DII,22994,26698,27587,428770,142584,9052,0,0,50,0,0,0,202267,455468
27-04-2017,Client,136898,233193,808639,235648,238411,436732,481750,564450,76020,34050,56136,41391,1730750,1612568
27-04-2017,TOTAL,368040,368040,1309108,1309108,740045,796131,740045,796132,92251,56563,92251,56563,3362138,3362139
28-04-2017,FII,185989,35511,378013,631118,201726,271119,163447,60037,5670,5991,8184,4435,1048508,902732
28-04-2017,Client,141422,227828,881221,271569,285028,476525,517973,621924,115469,49658,86925,57881,1949323,1784100
28-04-2017,Pro,16332,78053,134873,63085,176461,134403,124379,209645,25229,28805,51309,22138,516103,548609
28-04-2017,TOTAL,366737,366737,1423124,1423124,805799,891605,805799,891606,146418,84454,146418,84454,3718137,3718138
28-04-2017,DII,22994,25345,29017,457352,142584,9558,0,0,50,0,0,0,204203,482697
02-05-2017,Client,145332,221296,893666,281586,326847,528709,557795,659501,142850,58282,108542,67254,2095686,1895974
02-05-2017,Pro,18701,82086,136252,66900,194088,149392,147470,245180,30487,32461,62794,26343,561381,630773
02-05-2017,TOTAL,364679,364679,1444083,1444083,868606,966381,868605,966382,181524,99109,181524,99109,3924382,3924382
02-05-2017,DII,23767,25473,30463,456897,142584,9758,0,0,50,0,0,0,206622,482370
02-05-2017,FII,176879,35824,383702,638700,205087,278522,163340,61701,8137,8366,10188,5512,1060693,915265
03-05-2017,Client,144340,216959,905759,285453,363359,551886,590980,683987,166717,67218,127605,77780,2199279,1982764
03-05-2017,DII,23765,25485,31716,457767,142584,9758,0,0,83,0,0,0,207906,483252
03-05-2017,FII,178332,35855,386477,647548,209464,292962,162095,66962,11175,11023,13129,7315,1089433,932904
03-05-2017,Pro,18361,86499,136042,69226,201994,155194,164326,258851,33720,36358,70961,29504,581669,679367
03-05-2017,TOTAL,364798,364798,1459994,1459994,917401,1009800,917401,1009800,211695,114599,211695,114599,4078287,4078287
04-05-2017,TOTAL,378927,378927,1475871,1475871,844927,1019463,844927,1019464,230906,126324,230906,126324,4076418,4076419
04-05-2017,FII,176339,40764,392868,648278,226154,303574,162452,77767,12627,12342,14846,7959,1123904,952066
04-05-2017,DII,24483,26509,34277,455906,142584,9758,0,0,83,0,0,0,211185,482415
04-05-2017,Pro,19415,96567,138251,69969,206427,161305,141891,277882,36019,38139,76559,34283,599556,697151
04-05-2017,Client,158690,215087,910475,301718,269762,544826,540584,663815,182177,75843,139501,84082,2141773,1944787
05-05-2017,Pro,16707,86902,136505,70251,202562,173825,177884,267856,37702,42290,86358,36778,609591,726029
05-05-2017,TOTAL,364692,364692,1474061,1474061,915959,1029741,915959,1029742,259266,135409,259266,135409,4179128,4179129
05-05-2017,DII,24439,23858,33475,456340,142584,9958,0,0,649,0,0,0,211105,480198
05-05-2017,Client,158163,209529,911047,292024,336406,518305,570346,681572,206027,79511,154057,89335,2209459,1996863
05-05-2017,FII,165383,44403,393034,655446,234407,327653,167729,80314,14888,13608,18851,9296,1148973,976039
08-05-2017,DII,23741,23858,31851,460734,142584,9958,0,0,898,0,0,0,209032,484592
08-05-2017,Pro,17799,92091,141557,72198,214756,177581,186252,298840,40709,43094,91240,39973,635496,780594
08-05-2017,Client,165349,208868,913913,301870,350391,573751,594763,709083,217973,87284,164342,94528,2308661,2073454
08-05-2017,TOTAL,371675,371675,1482693,1482693,955013,1092140,955013,1092141,277705,145566,277705,145566,4324792,4324793
08-05-2017,FII,164786,46858,395372,647891,247282,330850,173998,84218,18125,15188,22123,11065,1171603,986153
09-05-2017,Client,170956,204716,928340,308158,381034,599839,614469,734112,228751,92780,171437,98409,2401700,2131301
09-05-2017,FII,162794,58712,393154,653203,251165,335981,174526,94296,20607,16526,24621,11926,1180227,1017284
09-05-2017,TOTAL,375138,375138,1499594,1499594,991204,1123385,991204,1123386,292791,153460,292791,153460,4435572,4435573
09-05-2017,Pro,17647,87884,145669,72716,216421,177607,202209,294978,42382,44154,96733,43125,643880,797645
09-05-2017,DII,23741,23826,32431,465517,142584,9958,0,0,1051,0,0,0,209765,489343
10-05-2017,TOTAL,398731,398731,1512730,1512730,1004668,1223256,1004668,1223257,303950,165327,303950,165327,4608662,4608663
10-05-2017,Client,187377,215720,934604,326828,353806,685340,630927,773560,234905,102176,178562,103785,2498208,2229382
10-05-2017,FII,166352,67086,400335,651973,275052,338232,174268,107935,22485,17437,25880,13210,1219893,1040352
10-05-2017,DII,23741,23880,29745,460548,142584,10270,0,0,1051,0,0,0,207391,484428
10-05-2017,Pro,21261,92045,148046,73381,233226,189414,199473,341762,45509,45714,99508,48332,683170,854501
11-05-2017,FII,170978,73344,406965,651707,292454,340521,172706,118851,23957,18337,26904,14931,1253212,1058443
11-05-2017,DII,23741,23880,29935,457929,142584,9457,0,0,1051,0,0,0,206768,481809
11-05-2017,TOTAL,406148,406148,1520949,1520949,929820,1162716,929820,1162717,314770,172778,314770,172778,4507181,4507182
11-05-2017,Pro,19604,89387,149260,74716,210370,170039,168525,330645,46214,46909,102781,50960,642396,817014
11-05-2017,Client,191825,219537,934789,336597,284412,642699,588589,713221,243548,107532,185085,106887,2404805,2149916
12-05-2017,Pro,18547,81296,152091,75195,207368,188330,196377,323746,48799,49877,113735,53212,665012,843561
12-05-2017,FII,165470,80921,411008,657162,291454,344636,175628,120716,27184,18851,29620,16801,1258603,1080848
12-05-2017,Client,189018,210665,936721,335101,344394,641218,613795,740997,267311,111992,200990,110707,2490654,2212255
12-05-2017,DII,23741,23894,30060,462422,142584,11274,0,0,1051,0,0,0,208710,486316
12-05-2017,TOTAL,396776,396776,1529880,1529880,985800,1185458,985800,1185459,344345,180720,344345,180720,4622979,4622980
15-05-2017,Client,197660,214958,947804,348118,338318,695778,626695,747714,278687,117892,209963,114359,2576139,2261807
15-05-2017,FII,164329,81406,414635,658298,294278,343139,174214,124357,27893,19825,30177,17952,1264099,1086404
15-05-2017,TOTAL,404256,404256,1547838,1547838,990297,1213795,990297,1213796,359425,188643,359425,188643,4704254,4704255
15-05-2017,Pro,18536,83984,155609,78005,215117,168101,189388,341725,51794,50926,119285,56332,660083,868719
15-05-2017,DII,23731,23908,29790,463417,142584,6777,0,0,1051,0,0,0,203933,487325
16-05-2017,TOTAL,417244,417244,1557266,1557266,987820,1312295,987820,1312296,367776,196205,367776,196205,4838606,4838607
16-05-2017,Pro,20655,86176,159179,80579,223569,169281,185762,378826,54238,51449,121835,60621,678371,913799
16-05-2017,DII,23731,23960,29321,459636,142584,6910,0,0,1051,0,0,0,203597,483596
16-05-2017,FII,166383,84139,418581,659735,305069,340245,172290,141384,28850,21280,31678,18637,1280408,1107863
16-05-2017,Client,206475,222969,950185,357316,316598,795859,629768,792086,283637,123476,214263,116947,2676230,2333349
17-05-2017,DII,23725,23980,31630,461480,142584,7563,0,0,1051,0,0,0,206553,485460
17-05-2017,Pro,18746,85881,166928,85878,213844,173032,183336,400046,57568,50613,127993,62901,680731,946035
17-05-2017,Client,213496,228469,963333,370168,330237,851924,644972,822669,293516,131766,219386,121987,2784272,2407651
17-05-2017,TOTAL,426316,426316,1588035,1588035,1008429,1383030,1008429,1383031,381403,204484,381403,204484,4991697,4991698
17-05-2017,FII,170349,87986,426144,670509,321764,350511,180121,160316,29268,22105,34024,19596,1320141,1152552
18-05-2017,Client,198709,216398,958894,347492,334650,667935,615043,749339,319742,125517,229627,121368,2605447,2279267
18-05-2017,FII,168055,87768,418297,677780,310651,376527,180305,137820,31548,21355,37725,19538,1326433,1140936
18-05-2017,TOTAL,399049,399049,1577869,1577869,985089,1233878,985089,1233879,408897,201061,408897,201061,4805843,4805844
18-05-2017,Pro,13160,73530,169531,90112,197204,182711,189741,346720,56556,54189,141545,60155,673351,901803
18-05-2017,DII,19125,21353,31147,462485,142584,6705,0,0,1051,0,0,0,200612,483838
19-05-2017,TOTAL,388298,388298,1570866,1570866,1030862,1247789,1030862,1247790,415823,200048,415823,200048,4853686,4853687
19-05-2017,FII,166144,81707,421081,670862,305483,393853,192365,123566,31779,22215,38915,19195,1340555,1126610
19-05-2017,DII,18161,23992,31965,468444,142584,6465,0,0,1039,0,0,0,200214,492436
19-05-2017,Client,188033,213161,947197,336608,388617,656765,632704,767682,328371,123743,233147,122710,2632726,2306012
19-05-2017,Pro,15960,69438,170623,94952,194178,190706,205793,356542,54634,54090,143761,58143,680191,928629
22-05-2017,Client,199050,229153,960494,347445,468760,674054,678882,796254,334743,121896,235949,122762,2758997,2410445
22-05-2017,TOTAL,410992,410992,1619216,1619216,1105385,1263583,1105385,1263584,424014,199989,424014,199989,5023179,5023180
22-05-2017,DII,18427,24004,30946,469225,142584,6465,0,0,831,0,13,0,199253,493242
22-05-2017,FII,176065,92636,451335,698552,309100,392617,198744,122083,31949,22259,38811,19441,1383325,1170267
22-05-2017,Pro,17450,65199,176441,103994,184941,190447,227759,345247,56491,55834,149241,57786,681604,949226
23-05-2017,DII,18609,24214,29824,477593,142584,5198,0,0,831,0,13,0,197046,501820
23-05-2017,TOTAL,439458,439458,1681047,1681047,1137684,1268789,1137684,1268790,420528,201836,420528,201836,5149342,5149343
23-05-2017,FII,175932,84579,489929,731066,300196,427917,208115,113662,32028,22981,37944,22167,1448983,1197533
23-05-2017,Pro,18277,62658,176471,103184,191498,213100,242248,353753,58379,58902,150716,57552,716627,970111
23-05-2017,Client,226640,268007,984823,369204,503406,622574,687321,801375,329290,119953,231855,122117,2786686,2479879
24-05-2017,TOTAL,453536,453536,1676446,1676446,1174828,1258427,1174828,1258428,414969,200307,414969,200307,5178513,5178514
24-05-2017,Client,217920,266930,958451,357786,527704,628262,662073,834084,321330,115571,227074,120655,2769238,2468602
24-05-2017,DII,18742,24340,29588,478885,142584,13530,0,0,831,0,6,0,205275,503231
24-05-2017,FII,197904,104170,520677,740343,309714,432078,217277,114367,32948,23914,37859,21059,1517235,1235075
24-05-2017,Pro,18970,58096,167730,99432,194826,184557,295478,309977,59860,60822,150030,58593,686765,971606
25-05-2017,FII,199479,46778,388046,626169,183704,256016,159388,45376,11,0,445,1200,1027256,879356
25-05-2017,Pro,16447,56834,122202,50730,170295,132721,111576,178796,17621,24275,35150,16092,483561,449178
25-05-2017,DII,16753,21629,21207,474310,142584,13253,0,0,263,0,0,0,194060,495939
25-05-2017,Client,117970,225408,849300,229546,239441,374428,465060,552247,72344,35233,54644,42216,1688716,1569121
25-05-2017,TOTAL,350649,350649,1380755,1380755,736024,776418,736024,776419,90239,59508,90239,59508,3393593,3393594
26-05-2017,Client,115206,227096,866335,236051,260458,474363,511786,613920,106413,49399,84065,57622,1872174,1730540
26-05-2017,DII,16708,21478,26532,483364,142584,13253,0,0,375,0,20,0,199452,504862
26-05-2017,FII,198386,34592,399979,642295,224070,269382,166085,61539,10797,9552,10249,7372,1112166,922132
26-05-2017,Pro,19639,66773,126475,57611,184169,148775,133410,230315,24650,28440,47901,22397,532148,558407
26-05-2017,TOTAL,349939,349939,1419321,1419321,811281,905773,811281,905774,142235,87391,142235,87391,3715940,3715941
29-05-2017,DII,16752,21492,28715,495886,142834,14453,0,0,415,0,20,0,60335,517398
29-05-2017,FII,219833,38437,406245,653821,235204,273032,166387,62136,15479,12219,15267,10054,926808,946102
29-05-2017,Pro,19570,68190,126017,60311,184717,160133,166198,249355,27960,33058,58494,26972,366738,629520
29-05-2017,TOTAL,370733,370733,1450457,1450457,876559,970061,876559,970062,179027,104744,179027,104744,3075022,3951582
29-05-2017,Client,114578,242614,889480,240439,313804,522443,543974,658571,135173,59467,105246,67718,1721141,1858562
30-05-2017,Client,115576,249682,890028,244645,334001,562611,563367,693615,148071,67573,118115,75291,2117860,1944715
30-05-2017,FII,222832,40743,419765,656256,236052,276862,167171,63733,18411,15904,17023,11550,1189826,956476
30-05-2017,TOTAL,377497,377497,1466248,1466248,911615,1028497,911615,1028498,198427,117627,198427,117627,4099911,4099912
30-05-2017,DII,17057,21492,28754,504699,142834,19119,0,0,415,0,56,0,208179,526247
30-05-2017,Pro,22032,65580,127701,60648,198728,169905,181077,271150,31530,34150,63233,30786,584046,672474
31-05-2017,DII,17333,21939,34577,515373,142834,19125,0,0,415,0,56,0,214284,537368
31-05-2017,FII,237276,39362,438842,685438,236469,298060,179796,72434,22297,18233,18586,12243,1251177,1007859
31-05-2017,TOTAL,392833,392833,1516297,1516297,944876,1115753,944876,1115754,217334,125279,217334,125279,4312372,4312373
31-05-2017,Client,117405,263694,911701,251912,362001,621794,578897,734208,160189,70941,129748,79728,2244031,2038187
31-05-2017,Pro,20819,67838,131177,63574,203572,176774,186183,309112,34433,36105,68944,33308,602880,728959
01-06-2017,Pro,18513,68794,133488,65216,198082,162206,158690,258508,37984,36838,75079,34710,587111,660997
01-06-2017,Client,115729,264076,920980,252256,289802,496292,528169,645771,171568,74103,139546,83091,2068474,1912909
01-06-2017,TOTAL,395568,395568,1524284,1524284,865902,984196,865901,984197,234606,130240,234606,130240,4134796,4134796
01-06-2017,DII,17484,21939,34105,516636,142834,19125,0,0,435,0,78,0,213983,538653
01-06-2017,FII,243842,40759,435711,690176,235184,306573,179042,79918,24619,19299,19903,12439,1265228,1022237
02-06-2017,FII,242156,41904,427481,680451,241618,310618,177722,82901,26260,19972,20824,12881,1268105,1016683
02-06-2017,DII,17515,21939,34831,516052,142834,19125,0,0,435,0,104,0,214740,538095
02-06-2017,TOTAL,397501,397501,1519299,1519299,912571,1037548,912570,1037549,246240,135589,246240,135589,4248748,4248748
02-06-2017,Pro,17789,69543,135296,66426,213582,176120,173191,280633,39458,37765,79177,36646,620010,705616
02-06-2017,Client,120041,264115,921691,256370,314537,531685,561657,674015,180087,77852,146135,86062,2145893,1988354
05-06-2017,Pro,19226,72062,136243,69174,216518,171791,178237,302568,42066,38700,82558,40040,624544,744639
05-06-2017,FII,240877,38276,431805,676839,254972,312539,177507,89689,26904,20824,21159,13756,1287921,1017226
05-06-2017,Client,121041,266432,920767,263688,316761,596251,575341,707449,188437,84261,154061,89989,2227518,2056960
05-06-2017,TOTAL,398709,398709,1524591,1524591,931085,1099706,931085,1099706,257882,143785,257882,143785,4355758,4355758
05-06-2017,DII,17565,21939,35776,514890,142834,19125,0,0,475,0,104,0,215775,536933
06-06-2017,FII,238461,38534,427546,672631,252513,317458,179580,88707,28130,21663,22335,14254,1285771,1016041
06-06-2017,DII,17775,21979,35467,518663,142834,19370,0,0,459,0,86,0,215905,540728
06-06-2017,TOTAL,387489,387489,1515907,1515907,956100,1135429,956099,1135429,271722,147691,271722,147691,4414338,4414337
06-06-2017,Pro,19284,65600,134971,71291,215241,187340,197366,305898,41995,39714,86339,41009,638545,767503
06-06-2017,Client,111969,261376,917923,253322,345512,611261,579153,740824,201138,86314,162962,92428,2274117,2090065
07-06-2017,DII,17734,21939,34625,522518,142834,19897,0,0,459,0,92,0,215549,544549
07-06-2017,TOTAL,393954,393954,1521666,1521666,980851,1204475,980850,1204475,280677,154751,280677,154751,4536374,4536373
07-06-2017,FII,242927,44462,427869,673527,256096,321610,180747,91297,28862,23146,23817,15182,1300510,1029032
07-06-2017,Pro,20779,60234,137842,70877,215759,190191,207440,324556,43533,39472,87853,42739,647576,793699
07-06-2017,Client,112514,267319,921330,254744,366162,672777,592663,788622,207823,92133,168915,96830,2372739,2169093
08-06-2017,Client,111199,266084,928100,254564,319275,573118,551273,715478,217398,96050,174659,100317,2245140,2062375
08-06-2017,Pro,18548,61858,139055,72076,199052,180330,178100,293491,43984,41877,91985,45782,622846,743292
08-06-2017,FII,245939,43804,428370,678051,249090,324984,180877,89010,29979,24596,25084,16424,1302958,1033250
08-06-2017,TOTAL,393753,393753,1529001,1529001,910251,1097979,910250,1097979,291820,162523,291820,162523,4385327,4385326
08-06-2017,DII,18067,22007,33476,524310,142834,19547,0,0,459,0,92,0,214383,546409
09-06-2017,FII,245426,57446,429734,680208,255087,339795,181048,92076,31554,26031,26494,17552,1327627,1054824
09-06-2017,DII,18067,22306,32903,524687,142834,22601,0,0,357,0,90,0,216762,547083
09-06-2017,TOTAL,392344,392344,1533707,1533707,925655,1147396,925654,1147396,301522,170496,301522,170496,4471120,4471119
09-06-2017,Pro,18655,55316,141499,73416,196672,178998,183322,302901,45828,42968,94872,49667,624620,759494
09-06-2017,Client,110196,257276,929571,255396,331062,606002,561284,752419,223783,101497,180066,103277,2302111,2109718
12-06-2017,Client,103810,239706,925235,246803,416693,578031,598771,759516,241570,102434,189040,105790,2367773,2139626
12-06-2017,DII,18467,22030,34047,522534,142834,25191,0,0,357,0,84,0,220896,544648
12-06-2017,FII,243367,73482,429789,687779,254114,359036,192932,90789,32913,26849,28737,17912,1346068,1091631
12-06-2017,Pro,23556,53982,142643,74598,197912,199888,219849,311841,46163,45042,103142,50623,655204,814035
12-06-2017,TOTAL,389200,389200,1531714,1531714,1011553,1162146,1011552,1162146,321003,174325,321003,174325,4589941,4589940
13-06-2017,FII,242262,76985,431444,691654,252892,362881,194896,96771,34536,27837,31217,18320,1351852,1109843
13-06-2017,Client,103800,239116,928258,250689,452454,592498,616246,780467,250783,105772,195332,109113,2433565,2190963
13-06-2017,DII,18527,22038,34345,520018,142834,31719,0,0,357,0,81,0,227782,542137
13-06-2017,TOTAL,388748,388748,1538975,1538975,1035001,1187384,1035000,1187384,332403,179990,332403,179990,4662501,4662500
13-06-2017,Pro,24159,50609,144928,76614,186821,200286,223858,310146,46727,46381,105773,52557,649302,819557
14-06-2017,Client,98268,239310,932405,248849,460189,640133,629819,832340,255762,109456,199461,111379,2496213,2261158
14-06-2017,DII,18527,21685,34332,523244,142834,38988,0,0,357,0,57,0,235038,544986
14-06-2017,FII,244146,77103,431334,696462,250181,365097,191139,91807,34746,29152,32684,18510,1354656,1107705
14-06-2017,Pro,21544,44387,149704,79220,187249,206847,219494,326918,47283,46472,105946,55191,659099,831156
14-06-2017,TOTAL,382485,382485,1547775,1547775,1040453,1251065,1040452,1251065,338148,185080,338148,185080,4745006,4745005
15-06-2017,DII,18527,21379,34927,524605,141834,39170,0,0,512,0,50,0,234970,546034
15-06-2017,Client,102825,239632,946494,248934,438453,556681,587800,782691,269499,112161,207932,114503,2426113,2181492
15-06-2017,FII,241025,82433,424763,703957,246863,374600,200296,90699,35620,30229,34638,18737,1353100,1130760
15-06-2017,TOTAL,385392,385392,1560860,1560860,1005296,1167740,1005295,1167740,353711,190332,353711,190332,4663331,4663330
15-06-2017,Pro,23015,41948,154676,83364,178146,197289,217199,294350,48080,47942,111091,57092,649148,805044
16-06-2017,Pro,23329,39306,159086,85721,181603,205848,230061,311313,47453,48262,115410,57528,665581,839339
16-06-2017,FII,234767,79829,421867,708928,246113,387614,212304,89041,35992,31058,35124,19215,1357411,1144441
16-06-2017,TOTAL,378263,378263,1569241,1569241,1049762,1208367,1049761,1208367,363801,193472,363801,193472,4762906,4762905
16-06-2017,Client,101890,238167,951642,249524,480212,575685,607396,808013,279844,114152,213223,116729,2503425,2233052
16-06-2017,DII,18277,20961,36646,525068,141834,39220,0,0,512,0,44,0,236489,546073
19-06-2017,Client,100329,243369,967454,253029,440851,642038,588152,839750,280958,117863,217051,118326,2549493,2259677
19-06-2017,FII,234024,76883,417984,719167,250870,385600,196943,96900,36450,32492,35072,19492,1357420,1144457
19-06-2017,TOTAL,377509,377509,1587615,1587615,1011238,1261555,1011237,1261555,368835,199050,368835,199050,4805802,4805801
19-06-2017,Pro,26078,36303,165679,90116,178683,195449,226142,324905,51011,48695,116698,61232,665595,855396
19-06-2017,DII,17078,20954,36498,525303,140834,38468,0,0,416,0,14,0,233294,546271
20-06-2017,Pro,25012,36373,170750,96101,178109,190403,233797,328263,51959,49576,119972,62859,665809,877365
20-06-2017,Client,99783,245005,976138,256790,474021,662988,612125,856026,286682,119873,220226,119638,2619485,2309810
20-06-2017,TOTAL,378138,378138,1601633,1601633,1041958,1286291,1041957,1286291,375678,202697,375678,202697,4886395,4886394
20-06-2017,DII,16038,20954,36079,522463,140834,37136,0,0,416,0,14,0,230503,543431
20-06-2017,FII,237305,75806,418666,726279,248994,395764,196035,102002,36621,33248,35466,20200,1370598,1155788
21-06-2017,Client,97577,242362,993518,263192,516071,685366,644430,892910,296627,120843,224378,120993,2710002,2388265
21-06-2017,TOTAL,376925,376925,1625021,1625021,1092289,1344242,1092288,1344242,385866,204848,385866,204848,5029191,5029190
21-06-2017,DII,15573,20202,35782,520531,140834,37336,0,0,416,0,14,0,229941,540747
21-06-2017,Pro,23520,33935,180007,103247,192565,203139,253355,346610,51961,50526,125360,63301,701718,925808
21-06-2017,FII,240255,80426,415714,738051,242819,418401,194503,104722,36862,33479,36114,20554,1387530,1174370
22-06-2017,FII,239885,79572,412731,735134,246775,421759,189720,108900,36999,33684,35561,20600,1391833,1169487
22-06-2017,Pro,24498,37357,186272,111946,177849,177331,234980,315884,52112,52288,127611,63993,670350,891771
22-06-2017,Client,98745,241433,992674,269759,469084,614848,608841,827490,299170,120059,225430,121438,2594580,2294391
22-06-2017,TOTAL,378701,378701,1627288,1627288,1033542,1252274,1033541,1252274,388616,206031,388616,206031,4886452,4886451
22-06-2017,DII,15573,20339,35611,510449,139834,38336,0,0,335,0,14,0,229689,530802
23-06-2017,Client,96605,251520,991762,260905,594701,598206,660088,862364,302689,116268,224127,119764,2700231,2378768
23-06-2017,DII,15573,24690,34565,510843,137901,38336,0,0,335,0,14,0,226710,535547
23-06-2017,FII,250859,79374,413788,737919,241309,451408,201023,114115,36936,32910,36286,20490,1427210,1189207
23-06-2017,Pro,28442,35895,189950,120398,173399,178226,286198,289697,53837,52554,133370,61478,676408,927036
23-06-2017,TOTAL,391479,391479,1630065,1630065,1147310,1266176,1147309,1266176,393797,201732,393797,201732,5030559,5030558
27-06-2017,Client,103666,258340,993190,261904,735332,559307,712884,849922,304907,112392,222599,117504,2808794,2423153
27-06-2017,DII,15601,24703,33854,507620,135006,34019,0,0,309,0,14,0,218789,532337
27-06-2017,Pro,23595,37670,180320,115215,180687,183337,351276,287067,55173,54348,139409,61578,677460,992215
27-06-2017,TOTAL,410400,410400,1638717,1638717,1287105,1244023,1287104,1244023,397608,198591,397608,198591,5176444,5176443
27-06-2017,FII,267538,89687,431353,753978,236080,467360,222944,107034,37219,31851,35586,19509,1471401,1228738
28-06-2017,Pro,25531,37656,166578,103768,188044,186408,348808,312989,57819,54796,137878,65343,679176,1006442
28-06-2017,Client,109607,253246,976746,260016,762756,593523,732853,885103,292348,115093,215492,117166,2850073,2463876
28-06-2017,TOTAL,421447,421447,1639490,1639490,1318027,1294403,1318026,1294403,387113,201571,387113,201571,5262051,5262050
28-06-2017,DII,14715,24717,33372,503934,131942,34019,0,0,303,0,34,0,214351,528685
28-06-2017,FII,271594,105828,462794,771772,235285,480453,236365,96311,36643,31682,33709,19062,1518451,1263047
29-06-2017,TOTAL,333185,333185,1403037,1403037,709625,797919,709625,797919,82740,55356,82740,55356,3381862,3381862
29-06-2017,Pro,16784,37995,121358,52612,133674,134786,135164,157173,17287,23556,32919,16183,447445,432046
29-06-2017,Client,95435,225067,891461,203926,275686,357249,432491,600974,64904,31531,49745,38987,1716266,1551190
29-06-2017,DII,15427,24717,18730,488471,122258,36545,0,0,0,0,20,0,192960,513208
29-06-2017,FII,205539,45406,371488,658028,178007,269339,141970,39772,549,269,56,186,1025191,885418
30-06-2017,Client,98329,210083,890836,215934,346503,427196,502638,677733,92253,42420,70304,50809,1897537,1727501
30-06-2017,TOTAL,340365,340365,1421635,1421635,815409,912966,815409,912966,121585,75896,121585,75896,3687856,3687856
30-06-2017,DII,16903,26142,19911,495408,122258,36324,0,0,0,0,50,0,195396,521600
30-06-2017,Pro,15345,45236,126297,53811,155572,150696,159497,190449,21677,27344,43977,21116,496931,514086
30-06-2017,FII,209788,58904,384591,656482,191076,298750,153274,44784,7655,6132,7254,3971,1097992,924669
03-07-2017,Client,102373,199712,893042,227517,362899,521145,536042,740155,112024,51497,87501,58886,2042980,1849813
03-07-2017,Pro,18289,54914,131639,59060,184199,158362,180876,230617,26281,29535,51492,24992,548305,601951
03-07-2017,DII,16598,26046,20156,500457,122258,36212,0,0,0,0,70,0,195224,526573
03-07-2017,FII,208344,64932,397277,655080,200757,306546,153195,51493,10656,8607,9898,5761,1132187,940359
03-07-2017,TOTAL,345604,345604,1442114,1442114,870113,1022265,870113,1022265,148961,89639,148961,89639,3918696,3918696
04-07-2017,FII,208772,63318,398917,654292,203148,316883,154977,58996,13467,10675,12233,7131,1151862,950947
04-07-2017,DII,16547,28710,20486,501825,122258,36212,0,0,0,0,90,0,195503,530625
04-07-2017,TOTAL,354130,354130,1458747,1458747,926859,1077371,926859,1077371,169819,98268,169819,98268,4085194,4085194
04-07-2017,Client,110049,202451,908250,240893,407419,553320,571963,764398,130203,55607,99757,64797,2164848,1944259
04-07-2017,Pro,18762,59651,131094,61737,194034,170956,199919,253977,26149,31986,57739,26340,572981,659363
05-07-2017,FII,209939,62168,402402,646675,205372,323335,153426,63159,15010,12232,13495,8104,1168290,947027
05-07-2017,DII,15835,28720,21140,502409,122258,37024,0,0,0,0,90,0,196257,531219
05-07-2017,TOTAL,359832,359832,1467470,1467470,932051,1174801,932051,1174801,186124,107036,186124,107036,4227314,4227314
05-07-2017,Pro,20572,66231,134816,64633,205673,183401,199480,294699,29869,33356,61814,29147,607687,716004
05-07-2017,Client,113486,202713,909112,253753,398748,631041,579145,816943,141245,61448,110725,69785,2255080,2033064
06-07-2017,Client,123016,202580,906288,265052,294910,568737,533465,750228,151783,67095,119667,74932,2111829,1945924
06-07-2017,DII,15835,28730,21716,500604,122258,36779,0,0,0,0,90,0,196588,529424
06-07-2017,TOTAL,364527,364527,1473163,1473163,837864,1103996,837864,1103996,201351,115413,201351,115413,4096314,4096314
06-07-2017,FII,204871,64006,409078,641901,225263,324751,152900,66748,17171,14023,14970,9130,1195157,949655
06-07-2017,Pro,20805,69211,136081,65606,195433,173729,151499,287020,32397,34295,66624,31351,592740,671311
07-07-2017,Pro,21452,69952,140231,68953,202937,183762,171607,297392,33698,36224,73415,33684,618304,715003
07-07-2017,TOTAL,366704,366704,1486545,1486545,883832,1147872,883832,1147872,220070,124039,220070,124039,4229062,4229062
07-07-2017,FII,199332,69324,410322,637894,226426,336198,157104,71050,19386,15932,17052,9732,1207596,962156
07-07-2017,DII,15835,30592,22553,504086,122258,38279,0,0,0,0,90,0,198925,534768
07-07-2017,Client,130085,196836,913439,275612,332211,589633,555121,779430,166986,71883,129513,80623,2204237,2017135
10-07-2017,FII,190589,73074,410919,603676,249350,342603,154023,73057,22336,19386,17037,11368,1235183,932235
10-07-2017,Pro,24548,71171,140343,71334,200032,192002,179979,336885,37877,34861,73179,37929,629663,770477
10-07-2017,DII,15835,27933,22489,504709,122258,38050,0,0,0,0,90,0,198632,532732
10-07-2017,TOTAL,367386,367386,1463982,1463982,894644,1221990,894644,1221990,221756,131074,221756,131074,4300832,4300832
10-07-2017,Client,136414,195208,890231,284263,323004,649335,560642,812048,161543,76827,131450,81777,2237354,2065388
11-07-2017,TOTAL,373831,373831,1454754,1454754,958031,1279343,958031,1279343,243641,142033,243641,142033,4451633,4451633
11-07-2017,DII,15835,27933,23101,502244,122258,38050,0,0,0,0,90,0,199244,530267
11-07-2017,FII,192641,73595,404990,581136,270311,335222,150832,79759,25032,20820,19476,12558,1249016,917356
11-07-2017,Pro,23117,69873,140087,71449,200369,198907,199956,357772,39121,37596,80167,42285,639197,821502
11-07-2017,Client,142238,202430,886576,299925,365093,707164,607243,841812,179488,83617,143908,87190,2364176,2182508
12-07-2017,DII,15835,27933,23709,503408,122258,38689,0,0,10,0,50,0,200501,531391
12-07-2017,FII,186340,84407,402197,575887,292596,355473,157063,119931,26489,22453,21183,13520,1285548,971991
12-07-2017,Pro,25019,68366,145018,75884,201287,195593,204058,382738,42576,37642,83005,46243,647135,860294
12-07-2017,TOTAL,383267,383267,1472181,1472181,984268,1378559,984268,1378559,256659,152345,256659,152345,4627279,4627279
12-07-2017,Client,156073,202561,901257,317002,368127,788804,623147,875890,187584,92250,152421,92582,2494095,2263603
13-07-2017,TOTAL,399948,399948,1483186,1483186,916529,1315609,916529,1315609,274138,170266,274138,170266,4559676,4559676
13-07-2017,Pro,24611,70800,147244,78618,196678,182390,176578,391641,48073,39087,88843,54602,638083,861082
13-07-2017,Client,172437,208872,903065,339879,285005,729761,584112,800222,198127,107266,163978,100038,2395661,2197101
13-07-2017,DII,15915,27933,24598,499389,122258,38039,0,0,10,0,50,0,200820,527372
13-07-2017,FII,186985,92343,408279,565300,312588,365419,155839,123746,27928,23913,21267,15626,1325112,974121
14-07-2017,FII,184463,93606,405638,562471,318309,367716,159065,136537,29141,24254,21939,15814,1329521,989432
14-07-2017,DII,15735,30866,24372,506398,122258,38685,0,0,39,0,30,0,201089,537294
14-07-2017,TOTAL,400571,400571,1489010,1489010,955848,1417479,955848,1417479,292192,174270,292192,174270,4729370,4729370
14-07-2017,Pro,26978,66890,148913,79275,196683,216687,187037,436305,48826,40083,97031,56556,678170,923094
14-07-2017,Client,173395,209209,910087,340866,318598,794391,609746,844637,214186,109933,173192,101900,2520590,2279550
17-07-2017,Client,172300,210579,916374,345694,332091,838038,625776,892650,227263,117296,183102,106236,2603362,2364037
17-07-2017,TOTAL,398289,398289,1491672,1491672,981787,1475851,981787,1475851,310052,184148,310052,184148,4841799,4841799
17-07-2017,DII,14545,30900,23483,507659,122258,41351,0,0,60,0,20,0,201697,538579
17-07-2017,Pro,21965,62009,152241,82925,195654,212565,199475,426984,53203,41477,103322,61433,677105,936148
17-07-2017,FII,189479,94801,399574,555394,331784,383897,156536,156217,29526,25375,23608,16479,1359635,1003035
18-07-2017,TOTAL,379704,379704,1463906,1463906,1083372,1462165,1083372,1462165,329755,189696,329755,189696,4908598,4908598
18-07-2017,Pro,23862,47730,153593,84719,193833,209434,252992,388456,53415,44600,111010,62949,678737,947856
18-07-2017,DII,16407,33520,23642,518208,122258,43503,0,0,120,0,20,0,205930,551748
18-07-2017,Client,147959,206519,909795,309433,433863,788865,672574,888962,246087,118267,191630,109202,2644836,2378320
18-07-2017,FII,191476,91935,376876,551546,333418,420363,157806,184747,30133,26829,27095,17545,1379095,1030674
19-07-2017,FII,193633,90851,371198,545412,335128,433542,163210,181292,31991,28314,29564,20169,1393806,1030498
19-07-2017,DII,16407,33520,25654,524167,122258,41517,0,0,190,0,20,0,206026,557707
19-07-2017,TOTAL,379022,379022,1474999,1474999,1067020,1530095,1067020,1530095,337855,199310,337855,199310,4988301,4988301
19-07-2017,Pro,22910,46350,158699,90861,198495,206933,231531,412175,58115,44927,112297,66772,690079,959986
19-07-2017,Client,146072,208301,919448,314559,411139,848103,672279,936628,247559,126069,195974,112369,2698390,2440110
20-07-2017,Client,154376,210086,924754,323902,399703,726965,646907,854973,268990,129802,207995,116605,2604590,2360468
20-07-2017,DII,17091,33563,26979,527613,122258,41517,0,0,241,0,20,0,208086,561196
20-07-2017,FII,190124,94566,365490,532835,336183,433900,169046,185299,33569,28828,31076,20804,1388094,1033626
20-07-2017,Pro,21935,45311,160958,93831,193487,180196,235678,342306,58196,48549,121905,69770,663321,908801
20-07-2017,TOTAL,383526,383526,1478181,1478181,1051631,1382578,1051631,1382578,360996,207179,360996,207179,4864091,4864091
21-07-2017,TOTAL,386340,386340,1468271,1468271,1056333,1414429,1056333,1414429,356120,212977,356120,212977,4894470,4894470
21-07-2017,Pro,23328,46714,161512,98930,197396,181126,230357,346454,59605,49585,117550,70353,672552,910358
21-07-2017,Client,154209,209370,912782,321287,403658,786572,652651,880079,261194,133398,205979,119925,2651813,2389291
21-07-2017,DII,14539,33691,27257,531101,122258,43183,0,0,170,0,20,0,207407,564812
21-07-2017,FII,194264,96565,366720,516953,333021,403548,173325,187896,35151,29994,32571,22699,1362698,1030009
24-07-2017,Client,159179,217064,916836,340796,401247,863521,659096,910822,260367,139961,207055,124766,2741111,2459599
24-07-2017,DII,18777,28653,27265,535984,122258,43890,0,0,170,0,20,0,212360,564657
24-07-2017,FII,197478,106089,379436,508997,337067,419769,179835,197601,36101,31048,30946,23595,1400899,1047063
24-07-2017,Pro,24949,48577,169194,106954,200148,187712,221789,406469,61008,51200,119625,73848,694211,977262
24-07-2017,TOTAL,400383,400383,1492731,1492731,1060720,1514892,1060720,1514892,357646,222209,357646,222209,5048581,5048581
25-07-2017,DII,17842,31298,28086,544959,122258,47782,0,0,65,0,20,0,216033,576277
25-07-2017,Client,159591,205979,921380,338912,411515,903257,672689,943203,257213,144930,206046,127235,2797886,2494064
25-07-2017,FII,199744,120945,382586,508117,340389,427171,182030,203273,35198,31714,31185,24368,1416802,1069918
25-07-2017,TOTAL,405277,405277,1502823,1502823,1084748,1573100,1084748,1573100,356905,228929,356905,228929,5151782,5151782
25-07-2017,Pro,28100,47055,170771,110835,210586,194890,230029,426624,64429,52285,119654,77326,721061,1011523
26-07-2017,Pro,36240,41681,160102,99757,202908,208366,227505,466335,65475,53599,118934,76407,726690,1030619
26-07-2017,FII,203290,133660,394454,509815,345666,450804,175427,216007,34113,31370,29139,24777,1459697,1088825
26-07-2017,TOTAL,424426,424426,1509900,1509900,1044225,1657902,1044225,1657901,348994,229189,348994,229189,5214636,5214635
26-07-2017,Client,165721,219120,924233,342531,373393,941990,641293,975559,249386,144220,200901,128005,2798943,2507409
26-07-2017,DII,19175,29965,31111,557797,122258,56742,0,0,20,0,20,0,229306,587782
27-07-2017,FII,165602,31239,303094,427972,253403,254054,144041,122960,1890,1423,953,217,979466,727382
27-07-2017,TOTAL,297679,297679,1267485,1267485,736399,924822,736399,924821,94791,57234,94791,57234,3378410,3378409
27-07-2017,Client,97198,193157,830834,248665,223949,461546,464835,619436,72525,34102,60051,40293,1720154,1626437
27-07-2017,Pro,17681,39468,117196,56582,136789,150304,127523,182425,20376,21709,33787,16724,464055,456509
27-07-2017,DII,17198,33815,16361,534266,122258,58918,0,0,0,0,0,0,214735,568081
28-07-2017,Pro,25135,39633,126807,61044,165866,179250,181510,213306,26994,29011,51844,23207,553063,570544
28-07-2017,FII,170032,58861,315733,440439,255562,285290,167803,124026,10628,11455,10624,6821,1048700,808574
28-07-2017,Client,122315,200304,869776,274464,320715,511077,515088,697790,117753,48725,92907,59163,1990361,1839716
28-07-2017,DII,17168,35852,15811,552180,122258,59505,0,0,0,0,0,0,214742,588032
28-07-2017,TOTAL,334650,334650,1328127,1328127,864401,1035122,864401,1035122,155375,89191,155375,89191,3806866,3806866
31-07-2017,Client,132982,201331,894972,290425,321333,557520,523538,734809,140649,57127,112828,68691,2104583,1931622
31-07-2017,DII,18876,35769,15311,564626,122267,60846,0,0,0,0,0,0,217300,600395
31-07-2017,FII,172062,66526,324279,450124,261975,305111,172447,130419,15838,15844,14318,8914,1095109,842748
31-07-2017,Pro,23335,43629,135003,64390,177732,181392,187322,239640,30971,32563,60312,27929,580996,623222
31-07-2017,TOTAL,347255,347255,1369565,1369565,883307,1104869,883307,1104868,187458,105534,187458,105534,3997988,3997987
01-08-2017,FII,168885,68363,328232,456469,264869,309736,178548,137433,19341,19143,17300,10229,1110206,868342
01-08-2017,TOTAL,349909,349909,1386610,1386610,949131,1170730,949131,1170729,212597,118018,212597,118018,4186995,4186994
01-08-2017,Client,135104,200596,907734,293828,376157,605154,552822,768199,159328,63024,128013,77167,2246501,2020625
01-08-2017,DII,18950,35763,15702,571461,122267,62511,0,0,0,0,0,0,219430,607224
01-08-2017,Pro,26970,45187,134942,64852,185838,193329,217761,265097,33928,35851,67284,30622,610858,690803
02-08-2017,DII,18950,35769,16109,567696,122267,61213,0,0,135,0,0,0,218674,603465
02-08-2017,Client,148770,204276,917198,302776,498289,642582,613733,803057,177074,70220,140780,84473,2454133,2149095
02-08-2017,TOTAL,367475,367475,1396805,1396805,1061271,1211948,1061271,1211948,237232,131318,237232,131318,4406049,4406049
02-08-2017,Pro,30724,45102,134251,67518,178102,198935,265385,272897,37820,39370,76243,34499,619202,761644
02-08-2017,FII,169031,82328,329247,458815,262613,309218,182153,135994,22203,21728,20209,12346,1114040,891845
03-08-2017,Pro,34762,43379,134627,69942,167493,205345,235281,249583,39745,43746,85120,36600,625718,719905
03-08-2017,TOTAL,370892,370892,1409816,1409816,968665,1129489,968665,1129489,262256,139447,262256,139447,4280565,4280565
03-08-2017,FII,168069,87464,333823,461870,263462,320669,188636,141086,25439,23787,22362,13179,1135249,914597
03-08-2017,Client,149171,204373,925109,306018,415443,542462,544748,738820,196937,71914,154774,89668,2301036,2038401
03-08-2017,DII,18890,35676,16257,571986,122267,61013,0,0,135,0,0,0,218562,607662
04-08-2017,FII,170055,92806,336678,464002,267436,333103,190564,144647,26583,26245,24196,14385,1160100,930600
04-08-2017,DII,18858,31686,16172,578302,122267,59647,0,0,135,0,0,0,217079,609988
04-08-2017,Client,145682,199105,924808,305421,428863,596091,558890,772226,208611,79606,166013,95139,2383661,2096794
04-08-2017,Pro,29973,40971,139207,69140,152782,204503,221894,276471,43535,44667,88655,40994,614667,738125
04-08-2017,TOTAL,364568,364568,1416865,1416865,971348,1193344,971348,1193344,278864,150518,278864,150518,4375507,4375507
07-08-2017,FII,166822,99900,333940,467707,273078,338267,196189,151204,28957,29137,26273,15904,1170201,957177
07-08-2017,TOTAL,369150,369150,1430578,1430578,1022628,1228157,1022628,1228156,297880,162696,297880,162696,4511089,4511088
07-08-2017,Pro,30567,39587,141277,72346,156252,204246,242386,278205,47356,45643,95019,44896,625341,772439
07-08-2017,Client,152890,197961,938359,309578,471031,624450,584053,798747,221432,87916,176588,101896,2496078,2168823
07-08-2017,DII,18871,31702,17002,580947,122267,61194,0,0,135,0,0,0,219469,612649
08-08-2017,Client,165883,212023,946090,314644,588358,582485,646490,805903,241129,88992,186081,105365,2612937,2270506
08-08-2017,TOTAL,393396,393396,1441225,1441225,1158265,1213512,1158265,1213511,320444,169685,320444,169685,4696527,4696526
08-08-2017,DII,18871,31687,18477,584088,122267,60258,0,0,142,0,0,0,220015,615775
08-08-2017,Pro,39031,41480,142107,73140,170030,211827,307842,255577,46903,48888,104033,47130,658786,829202
08-08-2017,FII,169611,108206,334551,469353,277610,358942,203933,152031,32270,31805,30330,17190,1204789,981043
09-08-2017,TOTAL,394397,394397,1442160,1442160,1258359,1237438,1258359,1237437,342753,177425,342753,177425,4852532,4852531
09-08-2017,FII,172467,106689,338419,471760,280639,394028,224517,149842,33283,32591,32665,18070,1251427,1003543
09-08-2017,DII,17089,32279,18313,585610,122267,60781,0,6,104,0,0,0,218554,617895
09-08-2017,Pro,39560,39827,144465,72661,178321,214078,349457,260648,48965,52244,114598,50717,677633,887908
09-08-2017,Client,165281,215602,940963,312129,677132,568551,684385,826941,260401,92590,195490,108638,2704918,2343185
10-08-2017,Pro,39967,33325,142065,68638,146647,194106,275465,241269,49296,56872,123673,51407,628953,793777
10-08-2017,DII,17120,29597,18082,586568,122267,59992,0,6,40,0,0,0,217501,616171
10-08-2017,Client,140869,206894,898622,276621,531299,488888,573487,763761,276898,88675,200827,107921,2425251,2129511
10-08-2017,TOTAL,379706,379706,1402596,1402596,1080001,1154398,1080001,1154397,361735,178824,361735,178824,4557260,4557259
10-08-2017,FII,181750,109890,343827,470769,279788,411412,231049,149361,35501,33277,37235,19496,1285555,1017800
11-08-2017,Client,141384,194764,882056,258377,613439,509653,613510,808578,291536,92112,208033,110966,2530180,2194228
11-08-2017,DII,17450,27813,18622,590318,122267,60520,0,0,40,0,0,0,218899,618131
11-08-2017,FII,189427,138083,347935,473193,285214,439139,250373,154072,37136,35461,41571,20849,1334312,1078141
11-08-2017,Pro,39818,27419,140252,66977,171218,199343,328255,246005,48652,57943,127760,53701,657226,850117
11-08-2017,TOTAL,388079,388079,1388865,1388865,1192138,1208655,1192138,1208655,377364,185516,377364,185516,4740617,4740617
14-08-2017,FII,183297,137348,353753,470325,289623,453772,248606,156132,36940,36499,42170,21356,1353884,1075937
14-08-2017,Client,144564,189563,888865,268666,621202,546591,633302,840066,298455,99741,214575,115753,2599418,2261925
14-08-2017,TOTAL,380946,380946,1403000,1403000,1206397,1279982,1206397,1279981,387486,193768,387486,193768,4851579,4851578
14-08-2017,DII,17315,29246,19566,595001,122267,61145,0,0,40,0,0,0,220333,624247
14-08-2017,Pro,35770,24789,140816,69008,173305,218474,324489,283783,52051,57528,130741,56659,677944,889469
16-08-2017,Pro,37623,21768,144003,71569,188711,215911,307822,312326,56058,57702,131749,59584,700008,904818
16-08-2017,DII,17388,31888,20100,596180,122267,61571,0,0,40,0,0,0,221366,628068
16-08-2017,TOTAL,394610,394610,1429905,1429905,1193409,1377789,1193409,1377788,392239,200415,392239,200415,4988367,4988366
16-08-2017,FII,175515,150236,357392,470213,291676,455158,252496,159316,37336,37332,42720,22292,1354409,1097273
16-08-2017,Client,164084,190718,908410,291943,590755,645149,633091,906146,298805,105381,217770,118539,2712584,2358207
17-08-2017,FII,175753,154535,364953,466110,292678,461126,261591,162215,38581,37538,43353,23647,1370629,1111451
17-08-2017,DII,17388,31904,21468,592731,122267,61571,0,0,70,0,0,0,222764,624635
17-08-2017,TOTAL,413036,413036,1454142,1454142,1122607,1301624,1122607,1301623,404131,206809,404131,206809,4902349,4902348
17-08-2017,Pro,29374,25988,145427,73280,176835,193347,265923,287839,57212,58547,136591,60649,660742,850270
17-08-2017,Client,190521,200609,922294,322021,530827,585580,595093,851569,308268,110724,224187,122513,2648214,2315992
18-08-2017,Pro,33173,28989,148687,77307,185102,189068,298136,263390,57152,60953,145376,62521,674135,875719
18-08-2017,Client,184848,193924,947441,321146,586532,599490,622751,873540,340150,115592,242697,130328,2774053,2384386
18-08-2017,TOTAL,417907,417907,1480097,1480097,1187641,1304399,1187641,1304398,438112,216797,438112,216797,5044953,5044952
18-08-2017,DII,21588,31889,22514,604809,122267,61571,0,0,170,0,0,0,228110,636698
18-08-2017,FII,178298,163105,361455,476835,293740,454270,266754,167468,40640,40252,50039,23948,1368655,1148149
21-08-2017,Pro,37039,32887,149620,80697,175731,192660,341632,244749,56749,63994,154230,63859,675793,918054
21-08-2017,DII,20570,31663,22370,611790,122267,60514,0,0,170,0,0,0,225891,643453
21-08-2017,FII,182893,162180,368229,477402,298661,458186,270324,170543,41476,41788,56410,28043,1391233,1164902
21-08-2017,TOTAL,430763,430763,1496675,1496675,1281910,1307472,1281910,1307471,466937,223694,466937,223694,5207451,5207450
21-08-2017,Client,190261,204033,956456,326786,685251,596112,669954,892179,368542,117912,256297,131792,2914534,2481041
22-08-2017,Client,178191,207494,946949,318137,708950,622804,685318,921909,369618,119064,256464,132394,2945576,2521716
22-08-2017,TOTAL,425035,425035,1494711,1494711,1310768,1377138,1310768,1377137,470058,225198,470058,225198,5302908,5302907
22-08-2017,DII,20668,28842,22639,616243,122267,59904,0,0,170,0,0,0,225648,645085
22-08-2017,FII,185387,161611,372961,478729,299974,478067,276953,193703,40677,42474,57854,28242,1419540,1197092
22-08-2017,Pro,40789,27088,152162,81602,179577,216363,348497,261525,59593,63660,155740,64562,712144,939014
23-08-2017,Pro,39058,28452,154265,83268,168791,227526,304432,310784,62596,62271,151430,66166,714507,944532
23-08-2017,TOTAL,414248,414248,1498022,1498022,1248501,1456830,1248501,1456829,462510,227126,462510,227126,5307237,5307236
23-08-2017,DII,21263,29259,23136,625919,122267,60398,0,0,250,0,0,0,227314,655178
23-08-2017,FII,177781,167541,368800,474963,305579,478293,270848,195775,42463,44040,59297,28104,1416956,1196528
23-08-2017,Client,176146,188996,951821,313872,651864,690613,673221,950270,357201,120815,251783,132856,2948460,2510998
24-08-2017,Client,174405,190675,957766,316899,552708,637182,606839,892646,349693,124269,247330,134152,2796023,2388541
24-08-2017,FII,177414,165084,364919,467308,309597,469557,270749,191784,41445,44069,58864,27599,1407001,1181388
24-08-2017,TOTAL,410913,410913,1503209,1503209,1132294,1376182,1132294,1376181,453134,228420,453134,228420,5104152,5104151
24-08-2017,Pro,37891,25845,156191,84932,147722,209377,254706,291751,61776,60082,146940,66669,673039,870843
24-08-2017,DII,21203,29309,24333,634070,122267,60066,0,0,220,0,0,0,228089,663379
28-08-2017,DII,21203,30526,23503,636852,122267,59836,0,0,220,0,0,0,227029,667378
28-08-2017,Pro,41730,26608,158367,88132,173197,208572,288126,323152,63887,56637,145783,70296,702390,942097
28-08-2017,TOTAL,420682,420682,1511653,1511653,1202880,1439158,1202880,1439157,448986,231776,448986,231776,5255135,5255134
28-08-2017,FII,173391,168016,366508,456530,325624,463904,261341,183856,40232,44500,54476,26940,1414159,1151159
28-08-2017,Client,184358,195532,963275,330139,581792,706846,653413,932149,344647,130639,248727,134540,2911557,2494500
29-08-2017,Pro,34984,28374,155324,91365,174883,196835,356288,279976,63068,57648,150017,66984,682742,973004
29-08-2017,DII,21141,25804,20521,638330,122267,60451,0,0,140,0,0,0,224520,664134
29-08-2017,Client,183063,192823,967136,324044,692359,665204,686558,921027,349655,126871,248517,133178,2984288,2506147
29-08-2017,TOTAL,420647,420647,1507816,1507816,1301439,1379665,1301439,1379664,453403,227618,453403,227618,5290588,5290587
29-08-2017,FII,181459,173646,364835,454077,311930,457175,258593,178661,40540,43099,54869,27456,1399038,1147302
30-08-2017,DII,21141,28328,20395,642800,122267,60334,0,0,0,0,0,0,224137,671128
30-08-2017,FII,193174,172627,367810,455414,303166,452380,250797,170845,38695,42774,54434,27160,1397999,1131277
30-08-2017,Pro,31894,26050,157906,94389,173607,193060,336324,305635,67386,57488,142514,71122,681341,976034
30-08-2017,TOTAL,423560,423560,1518730,1518730,1260096,1429925,1260096,1429924,439477,232430,439477,232430,5304218,5304217
30-08-2017,Client,177351,196555,972619,326127,661056,724151,672975,953444,333396,132168,242529,134148,3000741,2525778
31-08-2017,TOTAL,264930,264930,1329883,1329883,702612,918274,702612,918273,99245,56731,99245,56731,3371675,3371674
31-08-2017,Pro,14756,20148,120240,45897,115271,128357,123074,156465,17096,21709,36455,14354,417429,396393
31-08-2017,DII,22783,29293,12492,636313,122258,50589,0,0,0,0,0,0,208122,665606
31-08-2017,Client,120111,172612,894116,229114,247309,438596,435845,656312,81993,35022,62351,41683,1817147,1597917
31-08-2017,FII,107280,42877,303035,418559,217774,300732,143693,105496,156,0,439,694,928977,711758
01-09-2017,FII,114647,45452,310951,423867,230402,325234,150972,111196,7519,7639,9835,6471,996392,747793
01-09-2017,Client,131066,184043,914200,247322,297914,533642,485529,741092,118918,50802,90361,57421,2046542,1805768
01-09-2017,DII,22747,32876,14300,646695,122258,52163,0,0,30,0,0,0,211498,679571
01-09-2017,Pro,17223,23312,128502,50069,140018,152750,154091,211500,24655,27938,50926,22487,491086,512385
01-09-2017,TOTAL,285683,285683,1367953,1367953,790592,1063789,790592,1063788,151122,86379,151122,86379,3745518,3745517
04-09-2017,Client,133724,180226,918277,251324,391519,544079,546119,767362,138329,55854,105673,64300,2181782,1915004
04-09-2017,FII,119048,57059,317223,425995,232121,341166,155193,111776,9800,9211,11887,8133,1028569,770043
04-09-2017,TOTAL,293199,293199,1375204,1375204,906786,1109779,906786,1109778,175195,96052,175195,96052,3956215,3956214
04-09-2017,Pro,17680,23193,124216,51961,160888,172331,205474,230640,27036,30987,57635,23619,533138,592522
04-09-2017,DII,22747,32721,15488,645924,122258,52203,0,0,30,0,0,0,212726,678645
05-09-2017,Client,138425,183486,936145,266924,402265,596180,558931,812186,153026,64216,118895,72008,2290257,2012430
05-09-2017,DII,22740,32958,15529,649017,122258,52603,0,0,30,0,0,0,213160,681975
05-09-2017,FII,121843,58299,322343,431346,238523,350392,157017,111709,11174,10980,13144,9560,1055255,781075
05-09-2017,Pro,20023,28288,128368,55098,160642,171032,207740,246311,30929,33149,63120,26777,544143,627334
05-09-2017,TOTAL,303031,303031,1402385,1402385,923688,1170207,923688,1170206,195159,108345,195159,108345,4102815,4102814
06-09-2017,Pro,19204,26568,131537,58940,165702,176238,225423,252521,33701,34218,68731,29602,560600,661785
06-09-2017,TOTAL,312270,312270,1437364,1437364,967914,1221260,967914,1221259,215154,118870,215154,118870,4272832,4272831
06-09-2017,DII,21962,32968,16021,652213,122258,52603,0,0,30,0,0,0,212874,685181
06-09-2017,Client,146405,181815,956690,288587,438338,626790,590512,850710,168742,72382,131637,78656,2409347,2121917
06-09-2017,FII,124699,70919,333116,437624,241616,365629,151979,118028,12681,12270,14786,10612,1090011,803948
07-09-2017,Client,149458,183219,967883,292306,351522,565899,525570,791484,182767,79064,142436,83928,2296593,2018943
07-09-2017,DII,21962,30450,16463,658052,122258,52473,0,0,30,0,0,0,213186,688502
07-09-2017,FII,126202,74112,334654,443269,242369,375609,151649,124006,14530,14452,16584,12523,1107816,822143
07-09-2017,Pro,19430,29271,134513,59886,166061,176880,204991,255370,36048,35735,74355,32800,568667,656673
07-09-2017,TOTAL,317052,317052,1453513,1453513,882210,1170861,882210,1170860,233375,129251,233375,129251,4186262,4186261
08-09-2017,Pro,18609,29919,135295,61351,176515,186710,221941,273361,36887,37768,79318,34733,591784,700623
08-09-2017,Client,153240,186815,977975,302953,379654,611127,549028,828535,200044,85863,155523,90199,2407903,2113053
08-09-2017,FII,127335,73937,336031,444826,246290,389177,153748,136862,16257,15804,18377,14503,1130894,842253
08-09-2017,TOTAL,321146,321146,1466415,1466415,924717,1238759,924717,1238758,253218,139435,253218,139435,4343690,4343689
08-09-2017,DII,21962,30475,17114,657285,122258,51745,0,0,30,0,0,0,213109,687760
11-09-2017,FII,132727,80904,339961,448282,265630,386833,154777,150164,16798,17928,18791,15650,1159877,868568
11-09-2017,Client,161460,189901,988793,313216,374980,690337,558446,863625,211497,91871,167659,94505,2518938,2187352
11-09-2017,DII,21959,30335,17972,661163,122258,53284,0,0,30,0,0,0,215503,691498
11-09-2017,Pro,22134,37140,141260,65325,192142,172463,241787,289127,41816,37517,83691,37161,607332,754231
11-09-2017,TOTAL,338280,338280,1487986,1487986,955010,1302917,955010,1302916,270141,147316,270141,147316,4501650,4501649
12-09-2017,Client,168811,191382,999558,323239,379012,783238,580998,916101,218223,97331,172201,98866,2646173,2282787
12-09-2017,FII,132852,84208,345305,451117,274076,392158,157139,160872,17694,19705,21153,16993,1181790,891482
12-09-2017,Pro,23927,43622,146241,66972,201203,188692,240878,340398,45077,39132,87670,40309,644272,819849
12-09-2017,TOTAL,347549,347549,1510090,1510090,979015,1417372,979015,1417371,281024,156168,281024,156168,4691218,4691217
12-09-2017,DII,21959,28337,18986,668762,124724,53284,0,0,30,0,0,0,218983,697099
13-09-2017,Client,168473,192147,1008126,327556,414971,817207,592656,959793,232662,103988,183079,105477,2745427,2360708
13-09-2017,Pro,25264,41860,144183,70713,197507,216963,255671,366119,46477,42843,94253,44602,673237,873218
13-09-2017,DII,21959,25536,21407,671454,124754,54972,0,0,590,0,0,0,223682,696990
13-09-2017,FII,137344,93497,349477,453470,267908,404153,156813,167382,20548,21749,22945,18501,1201179,912608
13-09-2017,TOTAL,353040,353040,1523193,1523193,1005140,1493295,1005140,1493294,300277,168580,300277,168580,4843525,4843524
14-09-2017,Client,175643,196624,1021938,334152,343023,730407,546222,879856,247750,108329,194216,109179,2627090,2260249
14-09-2017,DII,21959,25445,21903,679452,124754,55172,0,0,590,0,0,0,224378,704897
14-09-2017,FII,136284,98977,352362,454953,269862,410013,161177,176908,22313,23368,23725,19802,1214202,935542
14-09-2017,Pro,24826,37666,144850,72496,182603,196270,212843,335097,47404,42995,100116,45711,638948,803929
14-09-2017,TOTAL,358712,358712,1541053,1541053,920242,1391862,920242,1391861,318057,174692,318057,174692,4704618,4704617
15-09-2017,TOTAL,358736,358736,1555045,1555045,971784,1425802,971784,1425801,334179,177741,334179,177741,4823287,4823286
15-09-2017,Pro,27333,34985,146477,70553,180470,214281,229737,335460,49387,44369,105902,47437,662317,824074
15-09-2017,FII,138671,99845,357407,474511,275138,412032,166674,193800,23118,23575,24473,20577,1229941,979880
15-09-2017,Client,173637,191133,1030046,328888,391422,744317,575373,896541,261209,109797,203804,109727,2710428,2305466
15-09-2017,DII,19095,32773,21115,681093,124754,55172,0,0,465,0,0,0,220601,713866
18-09-2017,DII,19119,29968,21848,690760,124754,55172,0,0,223,0,0,0,221116,720728
18-09-2017,Pro,29535,31912,152179,75154,180606,217478,226927,350362,51937,45681,111399,50567,677416,846321
18-09-2017,FII,140160,103539,361302,478486,277433,410223,173821,202560,23614,25024,25340,21501,1237756,1005247
18-09-2017,TOTAL,356795,356795,1573810,1573810,982287,1480879,982287,1480878,347823,185804,347823,185804,4927398,4927397
18-09-2017,Client,167981,191376,1038481,329410,399494,798006,581539,927956,272049,115099,211084,113736,2791110,2355101
19-09-2017,Client,171863,190044,1042377,330554,429835,829912,600931,962040,281978,116938,218232,115478,2872903,2417279
19-09-2017,DII,18843,26328,21840,694176,124754,55172,0,0,196,0,0,0,220805,720504
19-09-2017,FII,138316,114513,368211,484387,275907,423507,175356,209995,25738,25888,26298,22147,1257567,1032696
19-09-2017,Pro,29228,27365,155241,78552,177770,216563,231979,353118,52913,48169,116295,53370,679884,860679
19-09-2017,TOTAL,358250,358250,1587669,1587669,1008266,1525154,1008266,1525153,360825,190995,360825,190995,5031159,5031158
20-09-2017,DII,18843,27574,22440,704989,124754,57017,0,0,158,0,0,0,223212,732563
20-09-2017,Client,173029,188267,1052034,328748,474881,835548,631906,978893,291546,121372,224622,119550,2948410,2471986
20-09-2017,Pro,31247,25576,156989,83570,164413,212206,233125,349233,53971,50569,120149,56190,669395,867843
20-09-2017,FII,140962,122664,365632,479788,277791,436545,176808,213189,26673,26740,27577,22941,1274343,1042967
20-09-2017,TOTAL,364081,364081,1597095,1597095,1041839,1541316,1041839,1541315,372348,198681,372348,198681,5115360,5115359
21-09-2017,Pro,36693,24082,159540,89168,161115,193697,230318,299460,55447,52021,125685,58233,658513,826946
21-09-2017,TOTAL,368984,368984,1604198,1604198,974562,1417491,974562,1417491,384510,201936,384510,201936,4951681,4951681
21-09-2017,Client,168102,184543,1056594,327031,410453,742739,564996,896461,301456,121824,229667,120605,2801168,2323303
21-09-2017,FII,145346,132625,365123,477882,278240,424038,179248,221570,27449,28091,29158,23098,1268287,1063581
21-09-2017,DII,18843,27734,22941,710117,124754,57017,0,0,158,0,0,0,223713,737851
22-09-2017,DII,17488,27895,24520,713982,124754,54906,0,0,158,0,0,0,221826,963703
22-09-2017,Pro,39022,32699,165435,98280,169064,224989,305407,297198,53261,57013,138938,53640,708784,1581306
22-09-2017,Client,156638,182987,1038556,304222,608187,662233,645511,897799,324024,108730,236420,115879,2898368,5165307
22-09-2017,TOTAL,371029,371029,1594294,1594294,1170062,1386749,1170062,1386748,405931,192143,405931,192143,5120208,10048272
22-09-2017,FII,157881,127448,365783,477810,268057,444621,219144,191751,28488,26400,30573,22624,1291230,2337956
25-09-2017,DII,17494,26389,24369,713572,124754,53940,0,0,98,0,0,0,220655,739961
25-09-2017,Client,163947,186531,1015247,282662,728150,652008,698356,934481,326512,103858,233377,113571,2989722,2448978
25-09-2017,FII,157401,137751,358983,473359,260382,459569,229625,176887,28141,26905,31142,22009,1291381,1070773
25-09-2017,TOTAL,383021,383021,1570577,1570577,1297837,1392239,1297837,1392239,408321,187656,408321,187656,5239651,5239651
25-09-2017,Pro,44179,32350,171978,100984,184551,226722,369856,280871,53570,56893,143802,52076,737893,979939
26-09-2017,Pro,48070,32412,172001,99206,190108,228590,383001,286799,54697,57755,144724,54178,751221,1000320
26-09-2017,DII,17094,26389,26279,715310,124754,52430,0,0,98,0,0,0,220655,741699
26-09-2017,FII,159273,156047,366272,476422,271230,468346,239542,175662,28418,27311,29718,21469,1320850,1098860
26-09-2017,Client,180936,190525,1026701,300315,752306,666296,715855,953201,323237,104620,232008,114039,3054096,2505943
26-09-2017,TOTAL,405373,405373,1591253,1591253,1338398,1415662,1338398,1415662,406450,189686,406450,189686,5346822,5346822
27-09-2017,Client,186638,193457,1007610,291336,874449,601035,772555,935184,315728,97455,228454,111654,3082915,2532640
27-09-2017,DII,17094,26363,23854,710489,124754,53214,0,0,98,0,0,0,219014,736852
27-09-2017,FII,164482,165662,379132,480979,276612,484976,258297,168678,29478,25937,27998,20667,1360617,1122281
27-09-2017,Pro,49618,32350,172002,99794,208251,233600,453214,268963,53900,59850,142752,50921,777221,1047994
27-09-2017,TOTAL,417832,417832,1582598,1582598,1484066,1372825,1484066,1372825,399204,183242,399204,183242,5439767,5439767
28-09-2017,Pro,28995,21326,126789,54198,135902,156023,185516,152689,15377,23028,37117,14154,486114,465000
28-09-2017,Client,162470,191093,929215,218625,347388,441261,463286,713726,80701,33865,59338,42190,1994900,1688258
28-09-2017,TOTAL,331632,331632,1415693,1415693,827924,990490,827924,990490,96823,56914,96823,56914,3719476,3719476
28-09-2017,DII,21981,25030,14725,703050,124724,52257,0,0,0,0,0,0,213687,728080
28-09-2017,FII,118186,94183,344964,439820,219910,340949,179122,124075,745,21,368,570,1024775,838138
29-09-2017,FII,131130,103963,360593,446060,238853,362415,193104,134475,8263,6046,8495,5071,1107300,891168
29-09-2017,Client,172585,199023,955161,241808,419040,487734,530328,756119,115203,44726,84950,53634,2194449,1865862
29-09-2017,DII,20628,19991,18870,719125,124724,51777,0,0,0,0,0,0,215999,739116
29-09-2017,Pro,22813,24179,127267,54898,147262,161161,206447,172493,19883,27256,49904,19323,505642,527244
29-09-2017,TOTAL,347156,347156,1461891,1461891,929879,1063087,929879,1063087,143349,78028,143349,78028,4023390,4023390
03-10-2017,TOTAL,359156,359156,1489004,1489004,979239,1142754,979239,1142754,169362,91780,169362,91780,4231295,4231295
03-10-2017,Pro,23711,28841,130019,55366,166818,181229,228676,206893,23462,30431,57648,23449,555670,600873
03-10-2017,Client,184151,205747,957799,267584,446308,544734,557594,799306,136500,53342,101000,61499,2322834,1992730
03-10-2017,DII,15309,19991,20096,724043,124724,51926,0,0,0,0,0,0,212055,744034
03-10-2017,FII,135985,104577,381090,442011,241389,364865,192969,136555,9400,8007,10714,6832,1140736,893658
04-10-2017,TOTAL,376251,376251,1514375,1514375,1067648,1261959,1067648,1261959,184827,99611,184827,99611,4504671,4504671
04-10-2017,Pro,24063,38431,133065,57384,193724,182715,260368,248115,26819,31521,61698,25753,591907,691749
04-10-2017,Client,189148,212125,963064,287591,501833,660817,611733,870321,146962,58569,110652,66140,2520393,2158562
04-10-2017,FII,147736,105587,397689,443375,247700,366040,195547,143523,11046,9521,12477,7718,1179732,908227
04-10-2017,DII,15304,20108,20557,726025,124391,52387,0,0,0,0,0,0,212639,746133
05-10-2017,Pro,26465,39704,137485,59804,160952,164392,212252,211936,29495,34402,70093,29496,553191,623285
05-10-2017,TOTAL,389107,389107,1536352,1536352,945691,1169236,945691,1169236,209232,111541,209232,111541,4361159,4361159
05-10-2017,FII,143500,107230,401061,443823,254956,370354,181520,143995,13625,12951,14102,10592,1196447,901262
05-10-2017,Client,203852,217998,978118,303547,405392,580353,551919,813305,166112,64188,125037,71453,2398015,2083259
05-10-2017,DII,15290,24175,19688,729178,124391,54137,0,0,0,0,0,0,213506,753353
06-10-2017,DII,15300,25223,21245,730248,124391,54057,0,0,0,0,0,0,214993,755471
06-10-2017,TOTAL,386152,386152,1547903,1547903,964973,1276901,964973,1276901,223219,125317,223219,125317,4524465,4524465
06-10-2017,FII,148005,107842,405309,443549,261361,374682,180891,146498,15412,14730,15090,13102,1219499,906972
06-10-2017,Pro,24572,38994,142992,62119,181797,186948,222781,258213,35187,36070,73781,34549,607566,690437
06-10-2017,Client,198275,214093,978357,311987,397424,661214,561301,872190,172620,74517,134348,77666,2482407,2171585
09-10-2017,FII,151294,111207,408063,447907,262529,381278,177748,145994,17129,16233,16767,13957,1236526,913580
09-10-2017,Pro,26140,37660,145072,64949,178916,201478,240813,284298,37284,37229,80364,36921,626119,745005
09-10-2017,Client,198713,214210,990483,316779,437408,711190,583483,918727,189801,80417,147083,83001,2608012,2263283
09-10-2017,TOTAL,391495,391495,1565235,1565235,1002044,1349019,1002044,1349019,244214,133879,244214,133879,4685886,4685886
09-10-2017,DII,15348,28418,21617,735600,123191,55073,0,0,0,0,0,0,215229,764018
10-10-2017,Client,208389,215898,1002203,334002,445590,755104,598630,944320,203114,84988,158072,87036,2699388,2337958
10-10-2017,DII,15309,28448,22443,737980,123191,55073,0,0,29,0,0,0,216045,766428
10-10-2017,FII,149705,114031,415938,449431,268204,388611,181337,152919,19045,17749,17664,15175,1259252,930557
10-10-2017,Pro,27019,42045,154114,73285,187259,208835,244277,310384,39759,39175,86211,39701,656161,795903
10-10-2017,TOTAL,400422,400422,1594698,1594698,1024244,1407623,1024244,1407623,261947,141912,261947,141912,4830846,4830846
11-10-2017,FII,158807,114653,424693,445664,282147,404458,188057,170998,21255,17125,19044,16136,1308485,954552
11-10-2017,TOTAL,423366,423366,1596388,1596388,1132092,1448267,1132092,1448267,282923,147194,282923,147194,5030230,5030230
11-10-2017,DII,22693,28432,22882,738566,123191,56947,0,0,29,0,0,0,225742,766998
11-10-2017,Client,206675,233291,996410,337745,542018,743195,654496,945995,220820,88905,169943,90329,2798023,2431799
11-10-2017,Pro,35191,46990,152403,74413,184736,243667,289539,331274,40819,41164,93936,40729,697980,876881
12-10-2017,TOTAL,433389,433389,1614999,1614999,969138,1465896,969138,1465896,294708,163116,294708,163116,4941246,4941246
12-10-2017,FII,168520,119548,435422,446909,290955,392122,191579,176226,21996,18965,19368,17094,1327980,970724
12-10-2017,Pro,36130,53793,157181,78306,190092,223142,212275,360969,45721,41330,96604,48832,693596,850779
12-10-2017,Client,208704,230906,997801,347379,366033,793685,565284,928701,226962,102821,178736,97190,2696006,2348196
12-10-2017,DII,20035,29142,24595,742405,122058,56947,0,0,29,0,0,0,223664,771547
13-10-2017,TOTAL,440626,440626,1624842,1624842,974489,1619000,974489,1619000,305616,173917,305616,173917,5138490,5138490
13-10-2017,DII,19390,31207,24335,751153,120826,61540,0,0,29,0,0,0,226120,782360
13-10-2017,Pro,32753,49047,158037,82498,181022,222462,214822,395990,48422,42253,99611,52185,684949,894153
13-10-2017,FII,186913,126838,445331,451588,308710,403027,188173,207352,22129,19985,20962,19391,1386095,1014304
13-10-2017,Client,201570,233534,997139,339603,363931,931971,571494,1015658,235036,111679,185043,102341,2841326,2447673
16-10-2017,DII,19281,30877,24435,754582,119727,63539,0,0,29,0,0,0,227011,785459
16-10-2017,Pro,30609,51978,159369,88778,184156,228297,238065,417888,51500,42427,101701,56783,696358,955193
16-10-2017,Client,175041,233854,992015,324493,404810,985901,600529,1034053,241029,121802,191486,106863,2920598,2491278
16-10-2017,TOTAL,441658,441658,1623460,1623460,1028865,1677015,1028865,1677015,315344,184189,315344,184189,5270531,5270531
16-10-2017,FII,216727,124949,447641,455607,320172,399278,190271,225074,22786,19960,22157,20543,1426564,1038601
17-10-2017,Pro,27424,56721,160724,91932,174179,223097,257123,414673,53042,44419,104784,59921,682885,985154
17-10-2017,DII,19205,30682,25250,759765,119727,63539,0,0,29,0,0,0,227750,790447
17-10-2017,FII,222596,126667,448842,458450,323343,405198,189353,225801,24017,20815,24315,21826,1444811,1046412
17-10-2017,TOTAL,445031,445031,1641664,1641664,1085132,1693361,1085132,1693361,329517,193585,329517,193585,5388290,5388290
17-10-2017,Client,175806,230961,1006848,331517,467883,1001527,638656,1052887,252429,128351,200418,111838,3032844,2566277
18-10-2017,TOTAL,439694,439694,1659385,1659385,1017881,1570264,1017881,1570264,342731,198774,342731,198774,5228729,5228729
18-10-2017,Pro,22641,55989,164087,99051,157824,199153,208085,374996,54146,46072,110354,62625,643923,911100
18-10-2017,Client,168246,230023,1033184,327845,425103,904412,614992,972720,264704,130416,206700,113996,2926065,2466276
18-10-2017,FII,229602,122345,436720,462094,315227,401359,194804,222548,23852,22286,25677,22153,1429046,1049621
18-10-2017,DII,19205,31337,25394,770395,119727,65340,0,0,29,0,0,0,229695,801732
19-10-2017,DII,19205,31337,25394,770395,119727,65340,0,0,29,0,0,0,229695,801732
19-10-2017,FII,230071,122494,436424,463096,315237,401359,194814,222548,23852,22286,25677,22153,1429229,1050782
19-10-2017,TOTAL,438375,438375,1661333,1661333,1107658,1552294,1107658,1552294,348127,198387,348127,198387,5306174,5306174
19-10-2017,Pro,22244,53603,163995,97373,173822,223085,244793,371095,53675,47270,112980,62080,684091,941924
19-10-2017,Client,166855,230941,1035520,330469,498872,862510,668051,958651,270571,128831,209470,114154,2963159,2511736
23-10-2017,FII,225742,128383,438108,462659,329245,399641,202146,228124,24047,23652,26426,22769,1440435,1070507
23-10-2017,DII,19856,31361,25183,765723,119727,65519,0,0,29,0,0,0,230314,797084
23-10-2017,TOTAL,445626,445626,1691397,1691397,1122092,1591519,1122092,1591519,351889,205517,351889,205517,5408040,5408040
23-10-2017,Pro,19776,56318,174882,109742,172128,203237,237503,367769,56725,47348,115958,66563,674096,953853
23-10-2017,Client,180252,229564,1053224,353273,500992,923122,682443,995626,271088,134517,209505,116185,3063195,2586596
24-10-2017,Client,196999,239919,1079727,369854,490617,983456,687035,1023657,271233,138081,211041,120697,3160113,2652203
24-10-2017,TOTAL,465903,465903,1729275,1729275,1121233,1658952,1121233,1658952,356970,212157,356970,212157,5544490,5544490
24-10-2017,Pro,22447,48916,184125,116552,167290,215694,237866,400569,59495,49640,119489,69690,698691,993082
24-10-2017,DII,19804,31370,25734,774632,119727,63725,0,0,48,0,0,0,229038,806002
24-10-2017,FII,226653,145698,439689,468237,343599,396077,196332,234726,26194,24436,26440,21770,1456648,1093203
25-10-2017,DII,20676,21785,34266,764100,119727,65527,0,0,98,0,0,0,240294,785885
25-10-2017,Pro,30073,47986,179016,113008,176182,216142,230113,420705,68173,53203,112065,76687,722789,1000564
25-10-2017,TOTAL,482431,482431,1712102,1712102,1069895,1693710,1069895,1693710,333954,218203,333954,218203,5510295,5510295
25-10-2017,FII,241239,171373,462411,464836,349438,388325,183760,251373,27659,25315,27489,22713,1494387,1121544
25-10-2017,Client,190443,241287,1036409,370158,424548,1023716,656022,1021632,238024,139685,194400,118803,3052825,2602302
26-10-2017,FII,184139,77388,431354,438319,262683,259652,135575,144280,1641,703,668,531,1140172,796761
26-10-2017,Client,130603,210671,1001789,296351,232168,544223,482538,697890,85225,42181,67809,46718,2036189,1801977
26-10-2017,DII,15961,20452,26921,796009,119867,60174,0,0,0,121,0,0,223044,816461
26-10-2017,Pro,21717,43909,137791,67176,141817,166569,138422,188448,19597,21711,37986,17467,509202,493408
26-10-2017,TOTAL,352420,352420,1597855,1597855,756535,1030618,756535,1030618,106463,64716,106463,64716,3908607,3908607
27-10-2017,DII,15930,21567,27407,811032,119867,65126,0,0,43,21,0,0,228394,832599
27-10-2017,FII,185970,80280,438813,450893,280527,269070,139249,155543,14213,12038,14711,11493,1200631,852169
27-10-2017,TOTAL,361047,361047,1641020,1641020,851323,1127665,851323,1127665,179527,103516,179527,103516,4264098,4264098
27-10-2017,Client,132048,214896,1030313,304943,295451,607082,535635,763343,135753,59171,104460,65013,2259818,1988290
27-10-2017,Pro,27099,44304,144487,74152,155478,186387,176439,208779,29518,32286,60356,27010,575255,591040
30-10-2017,Client,135888,221105,1045821,317362,323060,666315,558519,810981,165376,69968,127320,75484,2406428,2110771
30-10-2017,Pro,28547,45838,147794,77915,163882,207526,195019,242759,36495,36541,73259,30537,620785,665327
30-10-2017,TOTAL,370360,370360,1671139,1671139,895760,1217996,895760,1217997,219898,121437,219898,121437,4496590,4496591
30-10-2017,DII,16130,21567,28149,816188,119867,65126,0,0,43,67,0,0,229382,837755
30-10-2017,FII,189795,81850,449375,459674,288951,279029,142222,164257,17984,14861,19319,15416,1239995,882738
31-10-2017,Client,143839,219593,1071630,325422,343438,689082,564729,845442,188737,80021,145239,84131,2516747,2184556
31-10-2017,Pro,25552,42117,149458,81226,161900,205645,202151,244326,40628,39635,82392,33720,622818,685932
31-10-2017,TOTAL,373671,373671,1706526,1706526,910518,1264658,910518,1264658,250234,136588,250234,136588,4642195,4642195
31-10-2017,DII,16130,23175,29306,829747,119747,65126,0,0,0,67,0,0,230376,852922
31-10-2017,FII,188150,88786,456132,470131,285433,304805,143638,174890,20869,16865,22603,18737,1272254,918785
01-11-2017,FII,196016,95879,463158,476198,305038,304617,144971,194706,22395,18041,23984,20302,1309265,956040
01-11-2017,Client,146896,229945,1081916,335003,319067,805079,565979,900662,198149,91397,155106,92322,2642504,2279017
01-11-2017,DII,16130,25746,31654,831442,119697,65560,0,0,0,67,0,0,233108,857188
01-11-2017,TOTAL,392931,392931,1727992,1727992,923065,1390919,923065,1390919,265931,151531,265931,151531,4852369,4852369
01-11-2017,Pro,33889,41361,151264,85349,179263,215663,212115,295551,45387,42026,86841,38907,667492,760124
02-11-2017,Client,160146,230073,1095395,350897,274015,686339,524959,815324,211866,97465,165801,97163,2525226,2184217
02-11-2017,DII,16130,25791,34625,830844,119577,65560,0,0,0,24,29,0,235916,856664
02-11-2017,FII,197671,107489,464815,482869,302677,313224,145902,193930,24081,19853,25750,21605,1322321,977545
02-11-2017,Pro,32140,42734,153724,83949,164931,196168,190339,252036,46678,43343,91045,41917,636984,702020
02-11-2017,TOTAL,406087,406087,1748559,1748559,861200,1261291,861200,1261290,282625,160685,282625,160685,4720447,4720446
03-11-2017,FII,199869,114372,469620,487305,304186,338720,157791,202528,24598,21294,26630,22335,1358287,1010961
03-11-2017,DII,16866,22327,35981,830063,119527,62601,0,0,0,24,42,0,234999,852432
03-11-2017,Pro,30022,46258,155929,85461,179996,201901,194774,297291,48250,43091,92508,43858,659189,760150
03-11-2017,Client,171260,235060,1109430,368131,296074,759035,547218,862437,223910,104376,177578,102592,2664085,2293016
03-11-2017,TOTAL,418017,418017,1770960,1770960,899783,1362257,899783,1362256,296758,168785,296758,168785,4916560,4916559
06-11-2017,Pro,31334,41221,157645,91145,182862,216902,215095,305882,50288,46684,96878,48012,685715,798233
06-11-2017,DII,16136,22000,39273,829587,119527,63693,0,0,49,24,54,0,238702,851641
06-11-2017,FII,200813,126175,467999,496193,311159,341693,157954,207309,26566,23485,28572,24127,1371715,1040330
06-11-2017,Client,176074,234961,1128310,376302,327969,772950,568468,882046,237730,109809,189129,107863,2752842,2358769
06-11-2017,TOTAL,424357,424357,1793227,1793227,941517,1395238,941517,1395237,314633,180002,314633,180002,5048974,5048973
07-11-2017,Client,153065,213213,1129176,351739,445165,719420,609706,905279,261002,110531,204907,112255,2818359,2397099
07-11-2017,DII,15954,21517,38379,831183,118787,66232,0,0,130,24,111,0,239506,852811
07-11-2017,FII,199135,135316,462091,505416,316849,380892,170729,218942,29047,23473,29827,23499,1411487,1083729
07-11-2017,Pro,37737,35845,153951,95259,170277,230744,270643,273066,52166,50696,107500,48970,695571,831283
07-11-2017,TOTAL,405891,405891,1783597,1783597,1051078,1397288,1051078,1397287,342345,184724,342345,184724,5164923,5164922
08-11-2017,Pro,39100,33819,159254,93303,165677,233194,301930,271850,53206,53813,115099,50940,704244,866941
08-11-2017,Client,152088,205740,1146487,345205,530143,725974,652364,916199,283467,114191,220201,117844,2952350,2457553
08-11-2017,TOTAL,407763,407763,1803682,1803682,1131649,1409919,1131649,1409918,366747,192610,366747,192610,5312370,5312369
08-11-2017,DII,15894,23459,42145,837098,118787,66940,0,0,177,24,136,0,243967,860693
08-11-2017,FII,200681,144745,455796,528076,317042,383811,177355,221869,29897,24582,31311,23826,1411809,1127182
09-11-2017,Client,157199,203871,1162924,344455,399628,653862,551426,858229,299883,118779,232304,121365,2792275,2311650
09-11-2017,TOTAL,410389,410389,1822616,1822616,982324,1313496,982324,1313496,386065,198399,386065,198399,5113289,5113289
09-11-2017,DII,15900,23246,42832,842647,118787,68679,0,0,177,24,136,0,246399,866029
09-11-2017,Pro,42759,29836,162669,94246,154539,210577,254562,234645,54281,53920,119315,52854,678745,785458
09-11-2017,FII,194531,153436,454191,541268,309370,380378,176336,220622,31724,25676,34310,24180,1395870,1150152
10-11-2017,TOTAL,426368,426368,1842652,1842652,1032340,1364157,1032340,1364157,404379,204696,404379,204696,5274592,5274592
10-11-2017,Pro,40207,27984,165534,92199,157266,217327,256905,250980,56070,56963,125390,54050,693367,807508
10-11-2017,Client,177037,203607,1174369,365185,445055,688546,586678,892500,317743,123625,242605,125185,2926375,2415760
10-11-2017,DII,15900,21273,44081,835742,118787,65980,0,0,510,24,123,0,245282,857138
10-11-2017,FII,193224,173504,458668,549526,311232,392304,188757,220677,30056,24084,36261,25461,1409568,1194186
13-11-2017,FII,191880,168699,457940,554126,307192,395310,191824,212030,31135,24294,37706,25574,1407751,1189959
13-11-2017,Pro,48987,26281,168437,96559,156231,233221,303370,248244,56310,58536,133127,55282,721722,862863
13-11-2017,Client,178721,218997,1177638,360577,545746,665445,632762,901688,336578,125624,253568,127622,3029752,2495214
13-11-2017,TOTAL,435494,435494,1848753,1848753,1127956,1361962,1127956,1361962,424512,208478,424512,208478,5407155,5407155
13-11-2017,DII,15906,21517,44738,837491,118787,67986,0,0,489,24,111,0,247930,859119
14-11-2017,Client,173373,211285,1195364,353142,615951,660528,660001,916810,352286,127783,263343,130686,3125285,2535267
14-11-2017,FII,178429,166774,445809,569499,293320,387176,199233,195739,31915,24774,38692,24720,1361423,1194657
14-11-2017,TOTAL,419959,419959,1859539,1859539,1179935,1353022,1179935,1353022,442205,211373,442205,211373,5466033,5466033
14-11-2017,Pro,52251,21608,173918,96170,151877,236736,320701,240473,57515,58792,140059,55967,731089,874978
14-11-2017,DII,15906,20292,44448,840728,118787,68582,0,0,489,24,111,0,248236,861131
15-11-2017,Client,176959,202463,1188240,344991,699855,648482,693727,924093,366636,126578,268480,131799,3206750,2565553
15-11-2017,TOTAL,411610,411610,1855242,1855242,1249581,1360266,1249580,1360265,457018,213004,457018,213004,5546721,5546719
15-11-2017,DII,15906,16880,47415,839202,118787,68582,0,0,461,24,111,0,251175,856193
15-11-2017,Pro,54207,21371,176370,95815,143714,240135,340686,236562,58071,61595,148892,55703,734092,899029
15-11-2017,FII,164538,170896,443217,575234,287225,403067,215167,199610,31850,24807,39535,25502,1354704,1225944
16-11-2017,FII,159557,166717,438880,576971,295172,414156,216018,199053,32196,25815,40476,25881,1365776,1225116
16-11-2017,Pro,49365,17318,181321,98833,137582,212562,292025,222964,61920,60121,145606,57366,702871,834112
16-11-2017,DII,15560,16456,48739,840544,118787,68151,0,0,409,24,111,0,251670,857111
16-11-2017,TOTAL,403885,403885,1864478,1864478,1082324,1321147,1082323,1321147,456773,217008,456773,217008,5345615,5345614
16-11-2017,Client,179403,203394,1195538,348130,530783,626278,574280,899130,362248,131048,270580,133761,3025298,2429275
17-11-2017,Client,171504,197091,1196039,338315,550161,656444,600768,919702,362463,132694,270278,134770,3069305,2460924
17-11-2017,DII,15620,22814,49357,840847,118787,68151,0,0,478,24,111,0,252417,863772
17-11-2017,FII,169337,169671,431970,581599,300974,422848,216696,201689,33202,26279,40294,26770,1384610,1236719
17-11-2017,Pro,49521,16406,183080,99685,150730,221707,303187,247758,60758,61201,146218,58658,726997,871912
17-11-2017,TOTAL,405982,405982,1860446,1860446,1120652,1369150,1120651,1369149,456901,220198,456901,220198,5433329,5433327
20-11-2017,DII,15616,26810,48751,842866,118787,68151,0,0,478,24,111,0,251807,869787
20-11-2017,Client,172023,199159,1206745,340603,583851,702216,619745,947236,367951,137550,274369,137746,3170336,2518858
20-11-2017,FII,171684,169519,428375,585976,297125,425761,219910,207536,33376,27087,40674,26789,1383408,1250404
20-11-2017,TOTAL,410627,410627,1873105,1873105,1162953,1421468,1162952,1421467,463491,225298,463491,225298,5556942,5556940
20-11-2017,Pro,51304,15139,189234,103660,163190,225340,323297,266695,61686,60637,148337,60763,751391,917891
21-11-2017,Pro,48478,15954,193350,104879,155889,224129,301937,279810,63022,60190,149348,61227,745058,913155
21-11-2017,FII,173461,161516,428386,604053,290174,459858,217105,240345,34001,27742,40796,27899,1413622,1291714
21-11-2017,TOTAL,402994,402994,1891418,1891418,1179192,1478839,1179191,1478839,466559,227967,466559,227967,5646969,5646968
21-11-2017,Client,165379,201330,1220653,338540,614342,726701,660149,958684,369208,140011,276304,138841,3236294,2573848
21-11-2017,DII,15676,24194,49029,843946,118787,68151,0,0,328,24,111,0,251995,868251
22-11-2017,TOTAL,402059,402059,1900576,1900576,1226055,1511544,1226054,1511543,472040,230407,472040,230407,5742681,5742679
22-11-2017,DII,15672,23536,50026,843455,118787,68151,0,0,328,24,111,0,252988,867102
22-11-2017,Pro,45159,17327,195262,107299,163881,213397,309330,280411,63540,60046,148993,62032,741285,925392
22-11-2017,FII,174121,160250,427304,606013,291196,468080,215270,253898,34089,28138,40783,28600,1422928,1304814
22-11-2017,Client,167107,200946,1227984,343809,652191,761916,701454,977234,374083,142199,282153,139775,3325480,2645371
23-11-2017,Client,172533,202455,1233985,352201,554207,718902,616506,912843,376173,144276,285425,140904,3200076,2510334
23-11-2017,TOTAL,403173,403173,1900095,1900095,1103045,1441256,1103044,1441256,475879,232598,475879,232598,5556046,5556045
23-11-2017,DII,15624,23424,48230,841144,118787,68431,0,0,328,24,111,0,251424,864679
23-11-2017,Pro,40021,17537,196696,109410,148530,198779,275650,270459,64773,60121,150101,62335,708920,885492
23-11-2017,FII,174995,159757,421184,597340,281521,455144,210888,257954,34605,28177,40242,29359,1395626,1295540
24-11-2017,FII,179511,159467,416584,592748,285842,454445.3333,210546,260738.6667,33734,27979,39893,29019,1398095.333,1292411.667
24-11-2017,DII,15624,23424,47862,840840,118786.6667,68431,0,0,328,104,111,0,251135.6667,864375
24-11-2017,Pro,41608,19022,201260,114428,157448.6667,205073.6667,252633.3333,293844.6667,64934,58983,147663,62159,729307.3333,889750
24-11-2017,TOTAL,408616,408616,1896569,1896569,1090133.333,1514957.667,1090133.333,1514957.667,467893,232469,467893,232469,5610638,5610638
24-11-2017,Client,171873,206703,1230863,348553,528056,787007.6667,626954,960374.3333,368897,145403,280226,141291,3232099.667,2564101.333
27-11-2017,DII,15624,23436,48549,844776,118787,68431,0,0,328,104,111,0,251823,868323
27-11-2017,Client,169823,206917,1237447,350559,560513,810736,628064,1007212,366261,146975,278732,140865,3291755,2612349
27-11-2017,TOTAL,413366,413366,1911196,1911196,1118832,1575536,1118831,1575536,466328,233628,466328,233628,5718886,5718885
27-11-2017,Pro,44865,17622,211479,127128,156784,221561,273286,312449,66376,59339,148840,63920,760404,943245
27-11-2017,FII,183054,165391,413721,588733,282748,474808,217481,255875,33363,27210,38645,28843,1414904,1294968
28-11-2017,TOTAL,415788,415788,1919737,1919737,1221096,1568905,1221095,1568905,465029,231731,465029,231731,5822286,5822285
28-11-2017,DII,15624,23436,48125,846276,118787,68431,0,0,328,104,111,0,251399,869823
28-11-2017,Client,175106,207885,1250823,349202,677707,780702,674256,997521,364135,143846,275317,140082,3392319,2644263
28-11-2017,Pro,40009,19081,211975,130870,148967,229267,324554,310061,67458,61677,151841,63117,759353,999524
28-11-2017,FII,185049,165386,408814,593389,275635,490505,222285,261323,33108,26104,37760,28532,1419215,1308675
29-11-2017,Client,171539,212019,1248914,340207,728309,778762,720883,991683,351388,139143,265170,137032,3418055,2666994
29-11-2017,FII,192251,158373,403279,595557,276564,500997,224940,273563,32030,25577,35947,28702,1430698,1317082
29-11-2017,Pro,33384,19046,204907,123271,159782,219920,337618,302863,67316,61373,149834,60538,746682,993170
29-11-2017,DII,15720,23456,47296,845361,118787,68431,0,0,328,179,111,0,250741,868928
29-11-2017,TOTAL,412894,412894,1904396,1904396,1283442,1568110,1283441,1568109,451062,226272,451062,226272,5846176,5846174
30-11-2017,TOTAL,275849,275849,1703816,1703816,812214,1023746,812213,1023746,96258,51346,96258,51346,3963229,3963228
30-11-2017,Client,118520,186043,1160044,221871,381163,442254,451572,703326,80180,29012,58948,40676,2211173,1662436
30-11-2017,FII,112414,52256,361678,571798,199923,368972,165940,171107,405,459,654,686,1043851,962441
30-11-2017,DII,16897,20752,36377,839119,118787,60780,0,0,0,0,0,0,232841,859871
30-11-2017,Pro,28018,16798,145717,71028,112341,151740,194701,149313,15673,21875,36656,9984,475364,478480
01-12-2017,TOTAL,285507,285507,1727184,1727184,986003,1144820,986002,1144820,157374,78293,157374,78293,4379181,4379180
01-12-2017,Pro,21626,23714,143894,67292,127053,179727,244014,190666,21422,28877,52970,17082,522599,595738
01-12-2017,Client,134771,189117,1176158,237546,532354,478578,527085,778270,127345,43556,94334,55518,2492762,1881870
01-12-2017,FII,112308,55920,370263,586859,207809,424970,214903,175884,8607,5860,10070,5693,1129817,1049329
01-12-2017,DII,16802,16756,36869,835487,118787,61545,0,0,0,0,0,0,234003,852243
04-12-2017,Client,144350,196450,1175095,250288,595393,519764,560973,818635,146659,53743,109737,64052,2635004,2000135
04-12-2017,FII,119577,62603,378931,592482,212504,439879,228692,178119,10724,7697,12303,7885,1169312,1082084
04-12-2017,TOTAL,299456,299456,1735912,1735912,1066864,1206499,1066863,1206499,181579,92125,181579,92125,4582435,4582434
04-12-2017,Pro,18727,26311,143663,66140,142599,185311,277198,209745,24196,30685,59539,20188,545181,659121
04-12-2017,DII,16802,14092,38223,827002,116368,61545,0,0,0,0,0,0,232938,841094
05-12-2017,FII,114333,83551,386389,597274,227134,448205,248015,176186,11836,9326,14272,8941,1197223,1128239
05-12-2017,DII,16692,14519,39266,824349,116368,64523,0,0,0,0,0,0,236849,838868
05-12-2017,Pro,20466,24656,147336,70079,146453,190902,287923,224736,26358,33049,65429,22531,564564,695354
05-12-2017,TOTAL,316020,316020,1764787,1764787,1131782,1272195,1131781,1272195,201748,101397,201748,101397,4787929,4787928
05-12-2017,Client,164529,193294,1191796,273085,641827,568565,595843,871273,163554,59022,122047,69925,2789293,2125467
06-12-2017,Pro,21205,30505,147824,70745,159498,201327,389304,233887,27727,34588,71073,24010,592169,819524
06-12-2017,FII,113362,90306,397637,601251,239741,470853,273091,186693,12451,9835,15584,9301,1243879,1176226
06-12-2017,DII,16740,15155,40272,820240,116368,67695,0,0,0,0,0,0,241075,835395
06-12-2017,TOTAL,337275,337275,1785665,1785665,1328448,1321970.667,1328448,1321970.667,221262,108366,221262,108366,5102986.667,5102986.667
06-12-2017,Client,185968,201309,1199932,293429,812842,582095,666053,901391,181084,63943,134605,75055,3025864,2271842
07-12-2017,TOTAL,337699,337699,1812321,1812321,1040650,1251776,1040649,1251776,232087,121251,232087,121251,4795784,4795783
07-12-2017,Client,191203,202552,1213823,304770,554726,551078,522521,848359,186463,73680,143209,81039,2770973,2102450
07-12-2017,Pro,20641,24553,156154,74643,138713,175213,272550,208819,32310,35319,72426,29144,558350,682135
07-12-2017,DII,16740,15155,42374,822408,112288,66209,0,0,0,0,0,0,237611,837563
07-12-2017,FII,109115,95439,399970,610500,234923,459276,245578,194598,13314,12252,16452,11068,1228850,1173635
08-12-2017,Pro,18602,26932,158993,75057,148533,172257,268189,244221,36169,37354,77229,31744,571908,723372
08-12-2017,Client,196936,197877,1219029,317400,519632,630941,533819,884753,197681,79837,153330,86187,2844056,2173366
08-12-2017,DII,17845,15155,43100,821207,112288,65696,0,0,0,0,0,0,238929,836362
08-12-2017,TOTAL,341433,341433,1828716,1828716,1034220,1336333,1034219,1336333,248336,130478,248336,130478,4919516,4919515
08-12-2017,FII,108050,101469,407594,615052,253767,467439,232211,207359,14486,13287,17777,12547,1264623,1186415
11-12-2017,Pro,22442,27223,163199,76549,152794,177507,273820,251022,38178,37954,80605,34703,592074,743922
11-12-2017,TOTAL,346695,346695,1840446,1840446,1052924,1388305,1052923,1388305,261413,137180,261413,137180,5026963,5026962
11-12-2017,DII,24107,19686,42301,819132,112288,65696,0,0,0,0,0,0,244392,838818
11-12-2017,Client,194441,202906,1220567,324605,524832,682134,552417,929186,208197,85153,162233,89462,2915324,2260809
11-12-2017,FII,105705,96880,414379,620160,263010,462968,226686,208097,15038,14073,18575,13015,1275173,1183413
12-12-2017,Pro,24719,27862,158218,76629,155720,193459,302712,248331,37120,39381,86557,35121,608617,777212
12-12-2017,TOTAL,355651,355651,1835498,1835498,1144630,1401738,1144629,1401739,276306,140689,276306,140689,5154512,5154512
12-12-2017,Client,194896,206213,1212715,324086,601562,674273,602937,944743,222438,86731,169710,92203,2992615,2339892
12-12-2017,DII,23948,19861,43252,812920,112288,66898,0,0,0,0,0,0,246386,832781
12-12-2017,FII,112088,101715,421313,621863,275060,467108,238980,208665,16748,14577,20039,13365,1306894,1204627
13-12-2017,Client,189531,208947,1201309,319735,692622,681131,650540,962319,236521,86964,179493,94925,3088078,2415959
13-12-2017,TOTAL,357623,357623,1825906,1825906,1235549,1431737,1235548,1431738,291461,143078,291461,143078,5285354,5285354
13-12-2017,DII,23695,20243,44684,809110,112288,78480,0,0,0,0,0,0,259147,829353
13-12-2017,Pro,24762,28811,157710,76155,156551,203739,342292,250080,37586,41837,91196,34544,622185,823078
13-12-2017,FII,119635,99622,422203,620906,274088,468387,242716,219339,17354,14277,20772,13609,1315944,1216964
14-12-2017,FII,108549,97457,429076,618440,271444,460984,245658,233674,17800,14747,21270,14460,1302600,1230959
14-12-2017,DII,24370,20243,44533,806121,119664,77534,0,0,0,0,0,0,266101,826364
14-12-2017,Pro,26182,21742,157469,78845,140519,195141,287243,248666,40459,42741,91901,36653,602511,765050
14-12-2017,TOTAL,347146,347146,1820757,1820757,1097359,1403002,1097358,1403002,301735,147708,301735,147708,5117707,5117706
14-12-2017,Client,188045,207704,1189679,317351,565732,669343,564457,920662,243476,90220,188564,96595,2946495,2295333
15-12-2017,Client,178971,198155,1183852,311883,621026,721803,592255,954858,252750,97140,196420,100485,3055542,2354056
15-12-2017,TOTAL,324818,324818,1821134,1821134,1157065,1490100,1157064,1490101,313337,156152,313337,156152,5262606,5262606
15-12-2017,DII,24771,20263,42707,809802,116171,76558,0,0,0,0,0,0,260207,830065
15-12-2017,Pro,24784,21667,158502,82619,145304,207935,305060,293381,42889,43911,95275,40122,623325,838124
15-12-2017,FII,96292,84733,436073,616830,274564,483804,259749,241862,17698,15101,21642,15545,1323532,1240361
18-12-2017,FII,102063,84789,440266,618508,290602,492586,256958,242184,17562,15889,21343,16199,1358968,1239981
18-12-2017,Pro,28845,16525,162336,81311,142840,191141,326002,316459,45261,44340,97887,43452,614763,881636
18-12-2017,DII,24313,25700,42929,810611,113545,76571,0,0,0,0,0,0,257358,836311
18-12-2017,Client,166492,194699,1172394,307495,658015,774639,622041,976294,256351,103781,199944,104359,3131672,2404832
18-12-2017,TOTAL,321713,321713,1817925,1817925,1205002,1534937,1205001,1534937,319174,164010,319174,164010,5362761,5362760
19-12-2017,Client,173813,193324,1187359,337429,597124,874353,620001,1035752,258739,118609,204193,113727,3209997,2504426
19-12-2017,TOTAL,338527,338527,1847009,1847009,1167908,1640961,1167907,1640961,328898,181468,328898,181468,5504771,5504770
19-12-2017,DII,24305,26004,44093,807990,112288,76571,0,0,0,0,0,0,257257,833994
19-12-2017,Pro,27056,26953,170209,84035,163001,196082,295718,360273,51650,46211,102686,51268,654209,920933
19-12-2017,FII,113353,92246,445348,617555,295495,493955,252188,244936,18509,16648,22019,16473,1383308,1245417
20-12-2017,FII,118407,102299,442699,596286,302459,516247,246118,260454,19333,17722,24450,17826,1416867,1247433
20-12-2017,Pro,25424,29658,175078,94762,177204,197273,324132,372135,53565,47793,110231,55664,676337,986582
20-12-2017,DII,24571,26004,44738,811753,112288,76571,0,0,0,0,0,0,258168,837757
20-12-2017,Client,185116,195557,1205573,365287,625101,915354,646801,1072857,272498,125545,210715,117570,3329187,2608787
20-12-2017,TOTAL,353518,353518,1868088,1868088,1217052,1705445,1217051,1705446,345396,191060,345396,191060,5680559,5680559
21-12-2017,Client,195427,197807,1224340,377195,523528,823193,563586,997700,283866,130258,218401,121282,3180612,2475971
21-12-2017,DII,24438,30040,44550,817644,112288,76571,0,0,0,0,0,0,257847,847684
21-12-2017,FII,117417,104422,437782,590469,297115,510783,244821,253139,19537,18135,24503,17727,1400769,1235081
21-12-2017,Pro,25321,30334,181961,103325,146666,175881,271189,335589,55962,49216,116461,58600,635007,915498
21-12-2017,TOTAL,362603,362603,1888633,1888633,1079597,1586428,1079596,1586428,359365,197609,359365,197609,5474235,5474234
22-12-2017,Client,209493,204000,1223023,383435,493582,889531,584389,1034682,283988,132123,219335,122795,3231740,2548636
22-12-2017,TOTAL,386668,386668,1887074,1887074,1073384,1648770,1073383,1648770,362421,201518,362421,201518,5559835,5559834
22-12-2017,DII,24399,29894,44573,815272,112288,77314,0,0,0,0,0,0,258574,845166
22-12-2017,Pro,29277,37135,185035,102689,164411,176488,258560,355060,57978,51151,118592,60391,664340,932427
22-12-2017,FII,123499,115639,434443,585678,303103,505437,230434,259028,20455,18244,24494,18332,1405181,1233605
26-12-2017,FII,126517,119832,437468,587899,313449,513987,230318,265887,20684,18906,24799,18502,1431011,1247237
26-12-2017,Pro,33765,27851,194218,109016,162907,184460,269676,357714,60773,52545,119477,62786,688668,946520
26-12-2017,DII,30051,33623,44213,805286,113038,78241,0,0,0,0,0,0,265543,838909
26-12-2017,TOTAL,418689,418689,1903533,1903533,1115339,1697954,1115338,1697954,362849,204260,362849,204260,5702624,5702623
26-12-2017,Client,228356,237383,1227634,401332,525945,921266,615344,1074353,281392,132809,218573,122972,3317402,2669957
27-12-2017,Client,232511,240688,1211135,391929,606473,879038,651726,1061303,272436,131143,210676,125904,3332736,2682226
27-12-2017,DII,30410,33616,45628,797448,112345,88275,0,0,0,0,0,0,276658,831064
27-12-2017,FII,125533,103019,446814,594453,282491,528500,199434,271663,19868,18908,23981,19101,1422114,1211651
27-12-2017,Pro,25267,36398,184398,104145,157104,188193,307253,351040,61912,54814,119559,59860,671688,978255
27-12-2017,TOTAL,413721,413721,1887975,1887975,1158413,1684006,1158413,1684006,354216,204865,354216,204865,5703196,5703196
28-12-2017,DII,28615,28253,24854,762013,58627,76648,0,0,0,0,0,0,188744,790266
28-12-2017,Client,184954,222224,1118955,309925,287333,474120,429363,670137,81663,32296,63559,41515,2179321,1736723
28-12-2017,FII,107802,46714,368518,519255,158229,232244,70010,96869,311,261,372,341,867365,733561
28-12-2017,TOTAL,340049,340049,1654170,1654170,640757,926090,640756,926091,96981,53113,96981,53113,3711160,3711160
28-12-2017,Pro,18678,42858,141843,62977,136568,143078,141383,159085,15007,20556,33050,11257,475730,450610
29-12-2017,Pro,15482,53553,148406,64012,155537,152795,156706,202513,21841,27243,49638,17395,521304,543817
29-12-2017,FII,114020,41411,382888,527970,171516,273241,77284,114789,5611,6188,8391,4998,953464,774843
29-12-2017,TOTAL,354552,354552,1704815,1704815,716045,1062304,716045,1062304,154887,81748,154887,81748,4074351,4074351
29-12-2017,Client,201775,229940,1148027,342192,326931,550573,482055,745002,127435,48317,96858,59355,2403058,1955402
29-12-2017,DII,23275,29648,25494,770641,62061,85695,0,0,0,0,0,0,196525,800289
01-01-2018,TOTAL,346827,346827,1711718,1711718,793137,1120896,793136,1120896,186484,95624,186484,95624,4254686,4254685
01-01-2018,DII,23275,29954,26168,776435,62061,85838,0,0,0,0,0,0,197342,806389
01-01-2018,Pro,15931,57155,146085,69116,152295,183360,185133,212880,25331,31948,59421,19873,554950,603578
01-01-2018,FII,115932,45582,382288,531995,174957,282059,77125,122471,6935,7169,10426,6026,969340,793625
01-01-2018,Client,191689,214136,1157177,334172,403824,569639,530878,785545,154218,56507,116637,69725,2533054,2051093
02-01-2018,Client,196575,211674,1160614,338899,471561,598269,571654,829906,180626,65023,136445,78583,2672668,2167161
02-01-2018,TOTAL,351197,351197,1721544,1721544,873068,1176315,873067,1176315,221319,111754,221319,111754,4455197,4455196
02-01-2018,DII,23663,29962,27615,774217,62061,87179,0,0,0,0,0,0,200518,804179
02-01-2018,Pro,18228,54647,146912,65648,157780,192124,220408,221059,29685,34686,68467,24490,579415,654719
02-01-2018,FII,112731,54914,386403,542780,181666,298743,81005,125350,11008,12045,16407,8681,1002596,829137
03-01-2018,FII,113663,68120,388519,544471,184690,304621,83930,127498,13404,16185,18312,9776,1021082,852107
03-01-2018,DII,23464,30502,28636,776716,62061,90330,0,0,0,0,0,0,204491,807218
03-01-2018,Pro,20869,56631,152143,66006,153155,190898,239326,213905,33324,37935,76741,28110,588324,680719
03-01-2018,TOTAL,367933,367933,1743421,1743421,936666,1204540,936665,1204540,245780,125134,245780,125134,4623474,4623473
03-01-2018,Client,209937,212680,1174123,356228,536760,618691,613409,863137,199052,71014,150727,87248,2809577,2283429
04-01-2018,Client,221211,208689,1180364,368687,396433,610181,533958,821182,209767,80361,161296,94124,2698317,2187936
04-01-2018,FII,112468,72804,389179,547005,186185,294452,79194,131706,16670,18829,21749,12231,1017783,864689
04-01-2018,TOTAL,374648,374648,1757931,1757931,805830,1170904,805829,1170904,264527,139722,264527,139722,4513562,4513561
04-01-2018,Pro,16467,62929,159015,67472,161151,174172,192677,218016,38090,40532,81482,33367,589427,655943
04-01-2018,DII,24502,30226,29373,774767,62061,92099,0,0,0,0,0,0,208035,804993
05-01-2018,Client,237470,211474,1195951,391448,400373,684140,555327,865009,226114,88790,174403,101448,2832838,2299109
05-01-2018,Pro,17374,63197,165840,69341,169876,161345,194840,231077,41852,42154,87732,36482,598441,682669
05-01-2018,TOTAL,397051,397051,1786795,1786795,836182,1246245,836181,1246245,285643,150940,285643,150940,4702856,4702855
05-01-2018,FII,117159,91496,392917,549204,203872,308661,86014,150159,17677,19996,23508,13010,1060282,913391
05-01-2018,DII,25048,30884,32087,776802,62061,92099,0,0,0,0,0,0,211295,807686
08-01-2018,DII,24835,32267,37054,782560,62061,93569,0,0,0,0,0,0,217519,814827
08-01-2018,Pro,19168,68539,171395,73379,183731,156578,210186,272736,44974,45824,95814,39797,621670,760451
08-01-2018,Client,254307,225440,1212479,408930,423696,747083,601202,891678,245138,96580,186787,108754,2979283,2422791
08-01-2018,TOTAL,419353,419353,1816615,1816615,897395,1321031,897394,1321031,308817,163719,308817,163719,4926930,4926929
08-01-2018,FII,121043,93107,395687,551746,227907,323801,86006,156617,18705,21315,26216,15168,1108458,928860
09-01-2018,TOTAL,438561,438561,1836768,1836768,934853,1394860,934852,1394860,332763,172711,332763,172711,5110516,5110515
09-01-2018,FII,127367,95631,400743,550618,237268,323927,85176,169089,19467,22649,28755,16804,1131421,946073
09-01-2018,Client,270250,231592,1224513,430261,437591,809438,621130,929489,265601,101664,200254,114089,3109057,2526815
09-01-2018,Pro,19023,76385,174077,74672,197933,166907,228546,296282,47695,48398,103754,41818,654033,821457
09-01-2018,DII,21921,34953,37435,781217,62061,94588,0,0,0,0,0,0,216005,816170
10-01-2018,DII,21921,34973,39535,783631,62061,94588,0,0,98,0,0,0,218203,818604
10-01-2018,Pro,17774,82302,174982,77303,202613,175897,248575,304264,48886,51915,112426,44620,672067,869490
10-01-2018,TOTAL,447094,447094,1863672,1863672,998241,1426878,998240,1426878,359030,181829,359030,181829,5276744,5276743
10-01-2018,FII,125236,96524,405268,550866,239481,332580,87473,177612,20676,23946,30461,18011,1147187,960947
10-01-2018,Client,282163,233295,1243887,451872,494086,823813,662192,945002,289370,105968,216143,119198,3239287,2627702
11-01-2018,FII,112110,98614,410665,553999,244948,337139,79611,206587,22048,25954,33432,19334,1152864,991577
11-01-2018,TOTAL,449051,449051,1891423,1891423,864947,1396439,864946,1396439,383504,195559,383504,195559,5180923,5180922
11-01-2018,Client,297330,236988,1259852,465647,384307,798078,589092,889665,308781,115867,228945,126089,3164215,2536426
11-01-2018,Pro,17778,76265,181280,79711,173622,165811,196243,300187,52577,53738,121127,50136,644806,823669
11-01-2018,DII,21833,37184,39626,792066,62070,95411,0,0,98,0,0,0,219038,829250
12-01-2018,FII,118404,103268,421735,551407,266070,339622,87107,211616,23415,26597,35220,20178,1195843,1008796
12-01-2018,DII,21833,38626,39830,794304,62061,95897,0,0,60,0,0,0,219681,832930
12-01-2018,Pro,16032,75122,181530,81251,174205,185098,203774,313564,53374,55692,125047,51309,665931,850067
12-01-2018,TOTAL,459754,459754,1904468,1904468,904034,1461294,904034,1461294,398259,200466,398259,200466,5328275,5328275
12-01-2018,Client,303485,242738,1261373,477506,401698,840677,613153,936114,321410,118177,237992,128979,3246820,2636482
15-01-2018,DII,21823,41226,41004,801582,62061,95897,0,0,60,0,0,0,220845,842808
15-01-2018,Pro,17662,72353,185685,85639,177971,196609,227525,353640,55276,58079,134444,53541,691282,927142
15-01-2018,FII,124441,115399,435985,545532,297985,332769,91519,235903,26658,28430,37602,21695,1246268,1047650
15-01-2018,TOTAL,487630,487630,1941352,1941352,949959,1605622,949958,1605622,421244,209131,421244,209131,5614938,5614937
15-01-2018,Client,323704,258652,1278678,508599,411942,980347,630914,1016079,339250,122622,249198,133895,3456543,2797337
16-01-2018,DII,19182,44984,42875,801810,62061,96227,0,0,191,0,0,0,220536,846794
16-01-2018,Client,324895,256897,1272254,509651,475094,959062,673031,1016042,358850,124547,257368,136143,3514702,2849132
16-01-2018,TOTAL,488701,488701,1946161,1946161,1012477,1592908,1012476,1592908,439693,213952,439693,213952,5693892,5693891
16-01-2018,Pro,17206,67533,184509,90398,167744,196842,247586,335858,54460,60681,142950,54437,681442,938762
16-01-2018,FII,127418,119287,446523,544302,307578,340777,91859,241008,26192,28724,39375,23372,1277212,1059203
17-01-2018,DII,19262,45292,46025,810529,62061,96227,0,0,269,0,0,0,223844,855821
17-01-2018,Pro,19583,73508,186813,97244,191145,192753,240205,402302,57200,57563,140007,56538,705057,1009804
17-01-2018,FII,130701,129020,461957,536385,319769,347303,95264,249863,26185,29695,40786,23571,1315610,1074889
17-01-2018,Client,341336,263062,1269506,520143,430063,1094310,667569,1078428,357024,130574,259885,137723,3622813,2926810
17-01-2018,TOTAL,510882,510882,1964301,1964301,1003038,1730593,1003038,1730593,440678,217832,440678,217832,5867324,5867324
18-01-2018,TOTAL,520677,520677,1960662,1960662,1007734,1565246,1007734,1565246,454345,217141,454345,217141,5725805,5725805
18-01-2018,Pro,21897,75150,188135,103178,180577,182184,256323,349259,54969,58010,145384,55674,685772,984968
18-01-2018,FII,135944,126937,474991,527600,318932,320016,95268,246341,27404,29776,42633,23885,1307063,1062664
18-01-2018,Client,343956,269696,1249045,531680,446164,966814,656143,969646,371744,129355,266328,137582,3507078,2831075
18-01-2018,DII,18880,48894,48491,798204,62061,96232,0,0,228,0,0,0,225892,847098
19-01-2018,Pro,24001,71347,194912,108690,195998,169673,246101,385436,57709,54982,143204,57348,697275,1012126
19-01-2018,TOTAL,531314,531314,1958375,1958375,997078,1669323,997077,1669323,452828,222483,452828,222483,5831401,5831400
19-01-2018,Client,338677,271575,1234848,524545,399428,1069349,647624,1017109,368826,137468,268358,139568,3548596,2868779
19-01-2018,DII,18880,48894,48232,808041,62061,96232,0,0,228,0,0,0,225633,856935
19-01-2018,FII,149756,139498,480383,517099,339591,334069,103352,266778,26065,30033,41266,25567,1359897,1093560
22-01-2018,Client,355112,274207,1237731,543281,414721,1107025,632674,1023527,364940,141670,268639,143288,3621199,2885616
22-01-2018,TOTAL,544968,544968,1979994,1979994,997903,1702550,997902,1702550,454653,229937,454653,229937,5910005,5910004
22-01-2018,DII,18792,55050,51394,806972,62061,96232,0,0,228,0,0,0,228707,862022
22-01-2018,Pro,24785,58223,204908,119599,186706,172785,262141,383987,61910,57482,145623,60495,708576,1030068
22-01-2018,FII,146279,157488,485961,510142,334415,326508,103087,295036,27575,30785,40391,26154,1351523,1132298
23-01-2018,Client,360208,283808,1227882,547754,412793,1131634,618057,1048354,341476,144138,257839,144487,3618131,2900299
23-01-2018,Pro,24555,55848,210414,121549,170226,179548,250814,385559,66104,57295,137362,61760,708142,1012892
23-01-2018,TOTAL,567176,567176,1997924,1997925,964618,1742835,964617,1742835,435195,233567,435195,233567,5941315,5941315
23-01-2018,FII,163617,167975,503700,515938,319538,332320,95746,308922,27378,32107,39994,27320,1378660,1155895
23-01-2018,DII,18796,59545,55928,812684,62061,99333,0,0,237,27,0,0,236382,872229
24-01-2018,Pro,28772,55954,207117,115690,163305,184626,255398,397680,69964,62618,137893,62467,716402,1025082
24-01-2018,Client,349208,289329,1219739,528327,460294,1086016,627585,1013653,336084,138215,256740,143261,3589556,2858895
24-01-2018,TOTAL,579678,579678,1996238,1996238,984524,1715048,984523,1715048,435962,233188,435962,233188,5944638,5944637
24-01-2018,FII,182902,174039,513917,533611,298837,345073,101540,303715,29579,32355,41329,27460,1402663,1181694
24-01-2018,DII,18796,60356,55465,818610,62088,99333,0,0,335,0,0,0,236017,878966
25-01-2018,FII,144197,36578,462772,519272,209669,214072,67723,141767,301,357,364,280,1031368,765984
25-01-2018,Client,230821,257952,1112194,366537,274864,490017,459528,628114,84677,38591,68726,48792,2231164,1829649
25-01-2018,Pro,15068,49414,143029,61792,112156,120063,130578,151113,18011,23848,34118,13724,432175,440739
25-01-2018,DII,16792,62934,32174,802568,61141,96842,0,0,219,0,0,0,207168,865502
25-01-2018,TOTAL,406878,406878,1750169,1750169,657830,920994,657829,920994,103208,62796,103208,62796,3901875,3901874
29-01-2018,Client,228764,260907,1119074,374927,331703,566175,490324,702697,125966,53561,101133,62552,2425243,1992540
29-01-2018,TOTAL,414846,414846,1784176,1784176,740338,1032263,740337,1032263,158286,89637,158286,89637,4219546,4219545
29-01-2018,FII,152688,47518,484850,529089,222204,238773,74979,159514,7388,8346,9981,5624,1114249,826705
29-01-2018,DII,16797,62496,34478,814391,61141,96847,0,0,219,0,0,0,209482,876887
29-01-2018,Pro,16597,43925,145774,65769,125290,130468,175034,170052,24713,27730,47172,21461,470572,523413
30-01-2018,Pro,19962,35876,146268,66894,124159,148451,212557,189188,27652,30834,56920,24057,497326,585492
30-01-2018,Client,224739,251822,1125871,368694,407026,575009,526762,725996,157593,61904,126191,71581,2552142,2071046
30-01-2018,FII,153531,65012,498445,534057,226341,251731,79347,157293,11153,10741,13506,7841,1151942,857056
30-01-2018,TOTAL,414756,414756,1804859,1804859,818667,1072477,818666,1072477,196617,103479,196617,103479,4410855,4410854
30-01-2018,DII,16524,62046,34275,835214,61141,97286,0,0,219,0,0,0,209445,897260
31-01-2018,TOTAL,397066,397066,1808675,1808675,936456,1152654,936455,1152654,228617,115772,228617,115772,4639240,4639239
31-01-2018,DII,16377,58522,34697,857539,61141,97356,0,0,844,9,0,0,210424,916061
31-01-2018,Client,205553,240858,1128135,340276,512261,629213,583982,776869,183807,69280,144954,78572,2728249,2165511
31-01-2018,Pro,22268,32729,146843,65806,140412,158946,266534,208099,30080,33819,67466,27937,532368,668571
31-01-2018,FII,152868,64957,499000,545054,222642,267139,85939,167686,13886,12664,16197,9263,1168199,889096
01-02-2018,Pro,27644,33872,152050,71304,121827,153804,285946,209367,32298,36497,77491,30144,524120,708124
01-02-2018,FII,147711,60897,508405,545623,218104,262298,110071,166864,16400,14614,19445,10975,1167532,913875
01-02-2018,DII,12119,49233,35989,863086,61141,88973,0,0,1177,0,0,0,199399,912319
01-02-2018,Client,200121,243593,1124479,340910,557645,631363,562699,760207,213455,75686,166394,85678,2802749,2159481
01-02-2018,TOTAL,387595,387595,1820923,1820923,958717,1136438,958716,1136438,263330,126797,263330,126797,4693800,4693799
02-02-2018,DII,12022,50375,36477,855356,61141,89639,0,0,1177,0,0,0,200456,905731
02-02-2018,Pro,28403,36288,149377,67906,144150,163383,357983,203349,33379,40229,91838,33539,558921,790903
02-02-2018,TOTAL,370522,370522,1789921,1789921,1128624,1154263,1128623,1154263,302639,138007,302639,138007,4883976,4883975
02-02-2018,FII,133549,70287,517913,544421,226730,316836,155193,165292,19831,15646,25507,12900,1230505,973600
02-02-2018,Client,196548,213572,1086154,322238,696603,584405,615447,785622,248252,82132,185294,91568,2894094,2213741
05-02-2018,DII,12121,49152,32015,861607,61141,89639,0,0,1177,0,0,0,196093,910759
05-02-2018,TOTAL,359382,359382,1777578,1777579,1176836,1213395,1176835,1213395,332673,149208,332673,149208,5009072,5009072
05-02-2018,Pro,30931,32845,151691,68308,155069,161714,393927,207029,36417,41343,99789,37697,577165,839595
05-02-2018,FII,133401,77330,524349,541291,222695,334675,165808,166958,24610,18609,31667,14109,1258339,997163
05-02-2018,Client,182929,200055,1069523,306373,737931,627367,617100,839408,270469,89256,201217,97402,2977475,2261555
06-02-2018,Pro,31971,31925,152065,66516,161299,178727,399123,240302,37066,44160,105125,38457,605288,881448
06-02-2018,TOTAL,367143,367143,1752259,1752259,1170401,1256943,1170400,1256943,342638,152324,342638,152324,5041708,5041707
06-02-2018,Client,187713,190410,1034543,291468,718246,605751,595463,843647,278568,89252,204501,98823,2914073,2224312
06-02-2018,DII,16962,49840,31676,864735,61141,87750,0,0,1177,0,0,0,198706,914575
06-02-2018,FII,130497,94968,533975,529540,229715,384715,175814,172994,25827,18912,33012,15044,1323641,1021372
07-02-2018,FII,116220,103509,552137,529620,240041,406641,205007,170194,26775,19996,35704,16168,1361810,1060202
07-02-2018,DII,17908,49236,33108,859329,63441,87750,0,0,1177,3,0,0,203387,908565
07-02-2018,Pro,34547,34049,154181,67594,185936,182789,503381,238868,37718,44831,112811,40270,640002,996973
07-02-2018,Client,213482,195363,1039910,322793,875515,614039,656544,882157,301211,94585,218366,102977,3138742,2378200
07-02-2018,TOTAL,382157,382157,1779336,1779336,1364933,1291219,1364932,1291219,366881,159415,366881,159415,5343941,5343940
08-02-2018,DII,17953,50035,33748,862315,63441,87700,0,0,1177,12,0,0,204031,912350
08-02-2018,Client,217201,196249,1047910,346320,712560,627336,579332,860883,311844,101132,229485,109063,3017983,2321332
08-02-2018,TOTAL,385574,385574,1802949,1802949,1174672,1277595,1174671,1277595,381910,168406,381910,168406,5191106,5191105
08-02-2018,Pro,27490,32752,157473,70626,166117,157883,403079,244788,41259,44583,114709,43173,594805,909127
08-02-2018,FII,122930,106538,563818,523688,232554,404676,192260,171924,27630,22679,37716,16170,1374287,1048296
09-02-2018,Client,241497,188505,1061507,360327,757340,609047,611721,888555,323932,101493,239129,111402,3094816,2399639
09-02-2018,TOTAL,404756,404756,1821091,1821091,1220684,1312587,1220683,1312587,396974,172762,396974,172762,5328854,5328853
09-02-2018,DII,18486,50339,34284,856335,63441,87700,0,0,1177,6,0,0,205094,906674
09-02-2018,Pro,28661,32823,162436,73195,168024,177505,411095,253755,43358,46134,119200,44957,626118,935025
09-02-2018,FII,116112,133089,562864,531234,231879,438335,197867,170277,28507,25129,38645,16403,1402826,1087515
12-02-2018,Client,260515,190346,1074583,380103,761791,653295,625359,913164,334819,108991,247688,118214,3193994,2474874
12-02-2018,FII,114874,151013,567153,533789,236075,425867,197400,172533,28976,27123,40075,17040,1400068,1111850
12-02-2018,TOTAL,422148,422149,1846332,1846332,1231697,1344058,1231696,1344058,410962,183591,410962,183591,5438788,5438788
12-02-2018,Pro,28273,30684,168883,75981,170390,177196,408937,258361,45990,47477,123199,48337,638209,945499
12-02-2018,DII,18486,50106,35713,856459,63441,87700,0,0,1177,0,0,0,206517,906565
14-02-2018,Pro,26675,35587,173039,82761,180816,176044,437836,259417,49276,52273,133329,50004,658123,998934
14-02-2018,FII,120555,144989,573301,539224,243795,444354,201106,174733,30330,27391,40632,17910,1439726,1118594
14-02-2018,TOTAL,428191,428191,1876538,1876538,1317618,1360269,1317617,1360269,428559,190214,428559,190214,5601389,5601388
14-02-2018,Client,262498,197537,1093142,393555,829566,652171,678675,926119,347776,110550,254598,122300,3295703,2572784
14-02-2018,DII,18463,50078,37056,860998,63441,87700,0,0,1177,0,0,0,207837,911076
15-02-2018,Client,262825,196642,1085453,394969,700814,655302,627584,912375,348638,112533,253923,125157,3165565,2510650
15-02-2018,FII,123139,140835,574320,530832,248814,438792,181739,179866,31190,28369,40424,18301,1444624,1091997
15-02-2018,TOTAL,426239,426239,1874054,1874054,1185922,1347390,1185921,1347390,430672,193735,430672,193735,5458012,5458011
15-02-2018,Pro,21835,38628,176218,87359,172853,165586,376598,255149,49658,52833,136325,50277,638983,944336
15-02-2018,DII,18440,50134,38063,860894,63441,87710,0,0,1186,0,0,0,208840,911028
16-02-2018,Pro,28784,39334,178748,92710,179592,187786,424233,250258,49760,56294,144958,50302,680964,1001795
16-02-2018,DII,13891,50134,40083,868718,63441,87720,0,0,1186,0,0,0,206321,918852
16-02-2018,Client,267016,201424,1090060,390097,785238,652777,676271,943439,364557,111530,260407,126833,3271178,2598471
16-02-2018,TOTAL,434172,434172,1877673,1877673,1287431,1373247,1287430,1373247,445896,195182,445896,195182,5613601,5613600
16-02-2018,FII,124481,143280,568782,526148,259160,444964,186926,179550,30393,27358,40531,18047,1455138,1094482
19-02-2018,TOTAL,436369,436369,1898284,1898284,1328667,1386675,1328666,1386675,449055,199283,449055,199283,5698333,5698332
19-02-2018,Pro,27563,38167,195519,108576,188852,190552,449023,262606,49918,60101,148886,51138,712505,1058396
19-02-2018,DII,13891,47138,41877,872035,63441,87877,0,0,1307,0,0,0,208393,919173
19-02-2018,Client,275439,199180,1089967,395107,835432,660802,680725,946642,368274,111436,261091,129245,3341350,2611990
19-02-2018,FII,119476,151884,570921,522566,240942,447444,198918,177427,29556,27746,39078,18900,1436085,1108773
20-02-2018,Client,294163,195582,1096928,409128,854035,695303,696511,952055,361083,115284,259095,132342,3416796,2644713
20-02-2018,TOTAL,459682,459682,1925718,1925718,1344236,1418650,1344235,1418650,444539,201948,444539,201948,5794773,5794772
20-02-2018,FII,122701,176238,584230,522165,246406,443314,210427,184005,30202,26588,38006,16444,1453441,1147285
20-02-2018,Pro,28927,41768,201617,115278,180354,192072,437297,282590,51947,60076,147438,53162,714993,1077533
20-02-2018,DII,13891,46094,42943,879147,63441,87961,0,0,1307,0,0,0,209543,925241
21-02-2018,TOTAL,444020,444020,1923627,1923627,1327544,1491343,1327543,1491343,435042,204622,435042,204622,5826198,5826197
21-02-2018,DII,13891,46094,44924,889215,63441,84094,0,0,1316,0,0,0,207666,935309
21-02-2018,Client,280762,193116,1080861,400126,834673,771979,686545,1004795,348314,117332,253090,133902,3433921,2671574
21-02-2018,Pro,25716,36292,194265,110310,184705,199001,430507,294499,55376,61277,144452,55294,720340,1071354
21-02-2018,FII,123651,168518,603577,523976,244725,436269,210491,192049,30036,26013,37500,15426,1464271,1147960
22-02-2018,FII,69125,70713,529222,454317,147425,238383,84632,105711,327,491,690,370,984973,716433
22-02-2018,TOTAL,302422,302422,1668645,1668645,677891,928329,677890,928329,87294,57823,87294,57823,3722404,3722403
22-02-2018,Client,203530,172806,983204,290191,356794,487718,430727,693313,72217,34091,58708,47127,2137554,1692872
22-02-2018,Pro,17317,16352,130084,57118,112745,136212,162531,129305,14611,23241,27896,10326,434210,403528
22-02-2018,DII,12450,42551,26135,867019,60927,66016,0,0,139,0,0,0,165667,909570
23-02-2018,FII,69441,79021,545012,451877,183383,264919,86845,111480,6631,7576,9058,4549,1076962,742830
23-02-2018,DII,12367,48749,27118,877333,60927,65336,0,0,193,0,0,0,165941,926082
23-02-2018,Pro,20632,18905,135813,65671,139394,152384,203732,181494,24589,26950,38408,19440,499762,527650
23-02-2018,TOTAL,325129,325129,1712009,1712009,759509,1064032,759508,1064032,134614,85815,134614,85815,4081108,4081107
23-02-2018,Client,222689,178454,1004066,317128,375805,581393,468931,771058,103201,51289,87148,61826,2338443,1884545
26-02-2018,DII,12870,50383,24885,884192,60927,66668,0,0,184,0,0,0,165534,934575
26-02-2018,Pro,20479,18829,139876,69277,133212,151958,209666,211901,29335,29075,45324,22888,503935,577885
26-02-2018,FII,82284,79312,550020,450868,188695,281843,88012,117379,8589,11267,11874,7203,1122698,754648
26-02-2018,TOTAL,337601,337601,1728061,1728061,795196,1155578,795195,1155578,162599,101436,162599,101436,4280471,4280470
26-02-2018,Client,221968,189077,1013280,323724,412362,655109,497517,826298,124491,61094,105401,71345,2488304,2013362
27-02-2018,DII,14429,53609,25952,895572,60927,68768,0,0,184,0,0,0,170260,949181
27-02-2018,Client,221750,193131,1021905,329053,500391,639892,555584,836871,148005,68703,124646,79726,2600646,2119011
27-02-2018,TOTAL,348452,348452,1748295,1748295,886129,1167823,886129,1167823,189841,113910,189841,113910,4454450,4454450
27-02-2018,Pro,21397,22438,139884,68246,131698,165524,241660,209898,31120,31370,51935,25191,520993,619368
27-02-2018,FII,90876,79274,560554,455424,193113,293639,88885,121054,10532,13837,13260,8993,1162551,766890
28-02-2018,DII,15845,53361,27058,916133,60927,69418,0,0,184,0,0,0,173432,969494
28-02-2018,Pro,21340,25420,141040,70771,132226,174034,268331,216171,31767,32312,55987,27747,532719,664427
28-02-2018,FII,87879,80942,575454,465453,200697,305923,88054,127073,12993,16265,16348,10132,1199211,788002
28-02-2018,Client,228097,193438,1039482,330677,570581,648818,608046,854949,164524,75924,137133,86622,2727426,2210865
28-02-2018,TOTAL,353161,353161,1783034,1783034,964431,1198193,964431,1198193,209468,124501,209468,124501,4632788,4632788
01-03-2018,TOTAL,370427,370427,1795898,1795898,897044,1097086,897043,1097087,230483,131357,230483,131357,4522295,4522295
01-03-2018,Pro,24174,30283,142350,69555,125610,162588,260738,175851,32668,34995,62483,28229,522385,627139
01-03-2018,FII,82864,84604,576773,471063,208838,300873,92974,126181,14675,17832,18821,10985,1201855,804628
01-03-2018,Client,247887,197418,1046907,342582,501669,561607,543331,795055,182956,78530,149179,92143,2619556,2119708
01-03-2018,DII,15502,58122,29868,912698,60927,72018,0,0,184,0,0,0,178499,970820
05-03-2018,DII,18168,60049,30996,907942,60927,72468,0,0,544,0,0,0,183103,967991
05-03-2018,FII,77376,97787,580923,482758,221559,314324,101847,125512,15938,18742,19482,11572,1228862,838958
05-03-2018,Client,259914,190073,1055123,348152,581165,584293,600776,824639,201254,82885,163307,96471,2764634,2223418
05-03-2018,Pro,24205,31754,144084,72274,135461,170657,296488,191591,33038,36542,67985,30126,543987,690218
05-03-2018,TOTAL,379663,379663,1811126,1811126,999112,1141742,999111,1141742,250774,138169,250774,138169,4720586,4720585
06-03-2018,FII,84617,100442,593579,484967,230580,330959,114766,126235,18195,19276,21144,12759,1277206,860313
06-03-2018,Client,273254,202205,1052244,356227,684823,569619,666794,830995,216719,84679,175920,99834,2881338,2331975
06-03-2018,Pro,25848,37530,142133,76515,149901,174936,344670,191452,34340,39682,72622,31044,566840,753833
06-03-2018,TOTAL,401154,401154,1821315,1821315,1126231,1148682,1126230,1148682,269686,143637,269686,143637,4910705,4910704
06-03-2018,DII,17435,60977,33359,903606,60927,73168,0,0,432,0,0,0,185321,964583
07-03-2018,TOTAL,403216,403216,1818133,1818133,1253044,1189686,1253043,1189686,289644,151466,289644,151466,5105189,5105188
07-03-2018,FII,98122,111267,601254,486920,225401,338544,124292,127937,20522,21019,24183,14507,1304862,889106
07-03-2018,Client,261660,203602,1039360,345737,789425,602929,730020,863524,231925,89748,187191,102312,3015047,2432386
07-03-2018,Pro,25951,35902,143516,79038,177291,173512,398731,198225,36765,40699,78270,34647,597734,824813
07-03-2018,DII,17483,52445,34003,906438,60927,74701,0,0,432,0,0,0,187546,958883
08-03-2018,FII,106181,115830,606876,486642,219617,339274,117915,125248,21370,22509,28815,15628,1315827,890078
08-03-2018,Client,252912,203676,1033524,349999,597456,575846,597073,833810,240842,94255,193464,105683,2794835,2283705
08-03-2018,DII,20149,46180,35563,905227,60927,88570,0,0,452,0,0,0,205661,951407
08-03-2018,Pro,20165,33721,146590,80685,152499,148389,315510,193021,41112,40933,81498,36386,549688,740821
08-03-2018,TOTAL,399407,399407,1822553,1822553,1030499,1152079,1030498,1152079,303776,157697,303777,157697,4866011,4866011
09-03-2018,Pro,19270,36784,146440,80655,160863,152551,329242,207200,42300,42585,86032,37899,564009,777812
09-03-2018,TOTAL,400303,400303,1821316,1821316,1097629,1185960,1097628,1185960,319716,165043,319716,165043,4989967,4989966
09-03-2018,FII,106815,113652,610497,489231,226599,349983,129808,131111,23074,23305,31396,17947,1340273,913145
09-03-2018,DII,25530,38848,35770,896797,60927,89101,0,0,452,0,0,0,211780,935645
09-03-2018,Client,248688,211019,1028609,354633,649240,594325,638578,847649,253890,99153,202288,109197,2873905,2363364
12-03-2018,FII,128228,104101,621650,483891,240300,346421,128982,143434,23143,24889,30839,19290,1384631,910537
12-03-2018,DII,27840,40229,37937,898391,60927,87148,0,0,452,0,0,0,214304,938620
12-03-2018,TOTAL,401528,401528,1816774,1816774,1065743,1325671,1065742,1325671,317181,175227,317181,175227,5102124,5102123
12-03-2018,Pro,21218,38287,146790,91271,188026,165885,306046,270774,48139,41502,83456,43604,611560,833438
12-03-2018,Client,224242,218911,1010397,343221,576490,726217,630714,911463,245447,108836,202886,112333,2891629,2419528
13-03-2018,FII,129669,107921,626569,485084,247987,347639,131682,154550,22767,27302,33501,20782,1401933,933520
13-03-2018,Client,214520,215240,1011647,342971,594684,722376,629789,915806,256119,112732,208627,115191,2912078,2427624
13-03-2018,Pro,23477,32331,149487,90856,169842,168028,311968,254436,49819,42238,87029,46299,602891,822919
13-03-2018,DII,28940,41114,40936,909728,60927,86749,0,0,452,0,0,0,218004,950842
13-03-2018,TOTAL,396606,396606,1828639,1828639,1073440,1324792,1073439,1324792,329157,182272,329157,182272,5134906,5134905
14-03-2018,TOTAL,407021,407021,1845623,1845623,1112763,1391088,1112762,1391088,337502,187733,337502,187733,5281730,5281729
14-03-2018,DII,28874,43397,42647,910764,60927,86750,0,0,452,0,0,0,219650,954161
14-03-2018,Client,217123,215951,1018333,343475,623833,771648,657108,961115,264225,116465,214061,119019,3011627,2510729
14-03-2018,Pro,25478,30711,153246,98088,180413,179649,322014,276302,49810,43028,89477,47836,631624,864428
14-03-2018,FII,135546,116962,631397,493296,247590,353041,133640,153671,23015,28240,33964,20878,1418829,952411
15-03-2018,FII,134118,124535,630061,501209,236695,357439,131844,156459,23673,28613,34308,20730,1410599,969085
15-03-2018,Client,224024,216336,1037039,349351,582131,632554,593194,868845,278378,118900,220960,121976,2873026,2370662
15-03-2018,DII,29528,50190,40553,909730,60927,87135,0,0,452,0,0,0,218595,959920
15-03-2018,Pro,30542,27151,156754,104117,152911,164780,307625,216604,46175,43762,93410,48569,594924,797476
15-03-2018,TOTAL,418212,418212,1864407,1864407,1032664,1241908,1032663,1241908,348678,191275,348678,191275,5097144,5097143
16-03-2018,FII,134390,153757,633180,506038,229213,361514,136526,144174,25111,28850,35350,20860,1412258,996705
16-03-2018,DII,29528,45070,39524,910281,60927,88260,0,0,452,0,0,0,218691,955351
16-03-2018,TOTAL,437153,437153,1879252,1879252,1160812,1258299,1160811,1258299,372181,193252,372181,193252,5300949,5300948
16-03-2018,Client,243041,206800,1050063,350809,703860,623446,655757,899357,301758,116247,232760,125464,3038415,2470947
16-03-2018,Pro,30194,31526,156485,112124,166812,185079,368528,214768,44860,48155,104071,46928,631585,877945
19-03-2018,Pro,30809,40269,158357,110386,172391,199535,396746,241369,43046,50785,111784,45861,654923,946415
19-03-2018,FII,136140,156996,633103,509985,224517,397270,170257,145858,28017,27510,36717,22034,1446557,1041847
19-03-2018,TOTAL,433797,433797,1870873,1870873,1265424,1305273,1265423,1305273,387773,191972,387773,191972,5455112,5455111
19-03-2018,DII,26455,36407,37627,910337,60927,81593,0,0,452,0,0,0,207054,946744
19-03-2018,Client,240393,200125,1041786,340165,807589,626875,698420,918046,316258,113677,239272,124077,3146578,2520105
20-03-2018,FII,127827,166917,637897,503709,224927,391165,172880,150072,27525,27853,38141,22237,1437194,1053956
20-03-2018,Pro,30925,42643,161465,109809,179050,195338,401409,244930,45348,49363,111242,47608,661489,957641
20-03-2018,DII,27950,35315,37529,910785,60927,82135,0,0,452,0,0,0,208993,946100
20-03-2018,Client,251852,193679,1034516,347104,827635,662742,718249,936378,317430,117688,241372,125059,3211863,2561841
20-03-2018,TOTAL,438554,438554,1871407,1871407,1292539,1331380,1292538,1331380,390755,194904,390755,194904,5519539,5519538
21-03-2018,Pro,31140,38156,164347,115406,175953,201401,389005,251217,44936,48319,112537,49068,666096,955389
21-03-2018,TOTAL,440008,440008,1869634,1869634,1285540,1359275,1285539,1359275,392288,196305,392288,196305,5543050,5543049
21-03-2018,Client,254483,188447,1032274,364667,817707,686969,725644,951341,319452,120274,241781,125295,3231159,2597175
21-03-2018,DII,32576,35853,37498,902869,60927,76901,0,0,461,0,0,0,208363,938722
21-03-2018,FII,121809,177552,635515,486692,230953,394004,170890,156717,27439,27712,37970,21942,1437432,1051763
22-03-2018,DII,29603,36613,36210,895146,60927,76902,0,0,463,0,0,0,204105,931759
22-03-2018,FII,126313,179976,634825,478544,229138,389385,168344,144915,28633,27086,37294,20582,1435380,1029655
22-03-2018,Client,265158,189795,1030628,374971,752405,640457,661622,914691,325540,119925,243378,125968,3134113,2510425
22-03-2018,Pro,29065,43755,166011,119013,161412,184371,373915,231509,45122,49575,119086,50036,635556,937314
22-03-2018,TOTAL,450139,450139,1867674,1867674,1203882,1291115,1203881,1291115,399758,196586,399758,196586,5409154,5409153
23-03-2018,TOTAL,445935,445935,1858446,1858446,1269592,1303720,1269591,1303720,404164,193501,404164,193501,5475358,5475357
23-03-2018,Pro,30170,41629,175903,116733,173299,175175,402051,222944,43683,52482,124306,49404,650712,957067
23-03-2018,Client,274668,182498,1015158,373268,795503,660245,688770,936180,329044,113692,241346,123770,3188310,2545832
23-03-2018,FII,111849,190868,631661,480594,239863,390398,178770,144596,30965,27327,38512,20327,1432063,1053667
23-03-2018,DII,29248,30940,35724,887851,60927,77902,0,0,472,0,0,0,204273,918791
26-03-2018,DII,29686,16051,34598,890073,60927,78507,0,0,484,0,0,0,204202,906124
26-03-2018,FII,102365,206835,640099,489146,241997,398704,181978,141548,29279,27457,38616,18832,1439901,1076955
26-03-2018,Pro,30355,41769,183273,128891,194798,194309,369581,289215,50987,52524,119597,56268,706246,1005321
26-03-2018,TOTAL,434019,434019,1877481,1877481,1219163,1410737,1219162,1410737,393088,199318,393088,199318,5533806,5533805
26-03-2018,Client,271613,169364,1019511,369371,721441,739217,667603,979974,312338,119337,234875,124218,3183457,2545405
27-03-2018,Pro,25688,43793,176011,115686,201903,206471,378870,306593,54338,53258,119860,58749,717669,1023551
27-03-2018,FII,108088,210127,653555,493758,238035,405083,189197,135145,28349,27391,36400,18051,1460501,1082678
27-03-2018,Client,281857,169938,1019684,381000,752814,756064,685611,1005737,302175,119029,229075,122881,3231623,2594242
27-03-2018,DII,29237,21012,33680,892486,60927,79857,0,0,473,3,0,0,204177,913498
27-03-2018,TOTAL,444870,444870,1882930,1882930,1253679,1447475,1253678,1447475,385335,199681,385335,199681,5613970,5613969
28-03-2018,Client,239304,147880,937120,306536,378820,456129,448082,718539,72828,28942,56265,43320,2113143,1720622
28-03-2018,Pro,26699,18557,121756,64564,108480,133975,154163,141922,13066,24372,30179,9684,428348,419069
28-03-2018,DII,25924,15131,17404,866539,60927,80594,0,0,0,0,0,0,184849,881670
28-03-2018,FII,31607,141966,605355,443996,144762,290971,90743,101208,1013,218,463,528,1073926,778904
28-03-2018,TOTAL,323534,323534,1681635,1681635,692989,961669,692988,961669,86907,53532,86907,53532,3800266,3800265
02-04-2018,TOTAL,324687,324687,1709345,1709345,759013,1066599,759012,1066599,133621,78846,133621,78846,4072111,4072110
02-04-2018,FII,31784,140254,621197,442689,168471,304625,94593,103887,7005,6120,7694,4993,1139202,794110
02-04-2018,Client,240728,151025,944614,316044,405639,532568,481326,784694,105733,46064,86769,57783,2275346,1877641
02-04-2018,Pro,24848,18277,126333,72880,123976,148459,183093,178018,20883,26662,39158,16070,471161,507496
02-04-2018,DII,27327,15131,17201,877732,60927,80947,0,0,0,0,0,0,186402,892863
03-04-2018,DII,27263,22729,17088,878682,60927,80947,0,0,0,0,0,0,186225,901411
03-04-2018,Pro,24778,14126,128090,74777,140793,158654,201829,194983,24283,29538,47834,20715,506136,554264
03-04-2018,Client,242270,140967,955866,325320,417769,589687,503975,845258,127890,55544,103723,66233,2389026,1985476
03-04-2018,TOTAL,324859,324859,1725532,1725532,801996,1144365,801995,1144365,161295,93596,161295,93596,4251643,4251642
03-04-2018,FII,30548,147037,624488,446753,182507,315077,96191,104124,9122,8514,9738,6648,1170256,810491
04-04-2018,Pro,23834,22187,125300,66591,138521,207326,267714,220087,24299,33361,56015,21844,552641,654438
04-04-2018,TOTAL,365601,365601,1728976,1728976,972287,1205861,972286,1205861,186607,104316,186607,104316,4563648,4563647
04-04-2018,DII,27263,17247,18829,860427,62593,80947,0,0,9,0,0,0,189641,877674
04-04-2018,Client,276056,153713,955554,352720,575588,589995,600339,877615,149993,61072,117644,74211,2608258,2176242
04-04-2018,FII,38448,172454,629293,449238,195585,327593,104233,108159,12306,9883,12948,8261,1213108,855293
05-04-2018,FII,38970,156465,643714,443603,201902,332409,97151,107850,13038,11947,15192,11200,1241980,831461
05-04-2018,Client,263292,152331,941364,357596,396931,603206,510470,837383,151736,75760,124907,80727,2432289,2063414
05-04-2018,Pro,23050,23074,131198,71964,153223,155987,205361,225581,30814,32279,55498,28059,526551,609537
05-04-2018,TOTAL,352447,352447,1736303,1736303,812983,1170814,812982,1170814,195597,119986,195597,119986,4388130,4388129
05-04-2018,DII,27135,20577,20027,863140,60927,79212,0,0,9,0,0,0,187310,883717
06-04-2018,Client,272846,151316,953320,373568,419337,663800,534863,886931,168122,84718,138327,88098,2562143,2173103
06-04-2018,FII,37361,157362,643678,445356,203506,341729,93793,111824,14410,13961,18738,14200,1254645,841273
06-04-2018,TOTAL,359868,359868,1753151,1753151,836577,1247765,836576,1247765,218924,132841,218924,132841,4549126,4549125
06-04-2018,Pro,22526,26690,135189,71626,152807,163024,207920,249010,36383,34162,61859,30543,544091,647648
06-04-2018,DII,27135,24500,20964,862601,60927,79212,0,0,9,0,0,0,188247,887101
09-04-2018,Pro,23533,24782,139028,71282,159566,164842,228440,260700,38835,36475,69685,34338,562279,689227
09-04-2018,TOTAL,365191,365191,1767899,1767899,878269,1303014,878268,1303014,244394,144461,244394,144461,4703228,4703227
09-04-2018,DII,27118,26488,20371,858505,60927,79212,0,0,9,0,0,0,187637,884993
09-04-2018,Client,277062,154482,965596,386186,441849,715546,559906,929368,189468,92212,153293,94638,2681733,2277873
09-04-2018,FII,37478,159439,642904,451926,215927,343414,89922,112946,16082,15774,21416,15485,1271579,851134
10-04-2018,FII,43787,151353,647921,450630,220540,350172,80271,118351,17962,18122,23571,16876,1298504,841052
10-04-2018,Pro,23079,30225,143743,74109,170180,173363,239670,280040,40962,37733,76008,39460,589060,739512
10-04-2018,Client,282620,158452,974332,407046,452553,767097,584258,972773,204299,102370,163653,101889,2783271,2388071
10-04-2018,DII,25079,34535,21987,856198,60927,80532,0,0,9,0,0,0,188534,890733
10-04-2018,TOTAL,374565,374565,1787983,1787983,904200,1371164,904199,1371164,263232,158225,263232,158225,4859369,4859368
11-04-2018,Client,290979,163287,989771,422321,502392,800383,604412,986462,220986,108974,177140,109460,2913485,2463082
11-04-2018,TOTAL,388428,388428,1810539,1810539,962242,1425649,962241,1425649,283128,168833,283128,168833,5038819,5038818
11-04-2018,Pro,21756,40716,147485,74860,178693,172045,275365,307563,42426,39843,81384,41116,602248,821004
11-04-2018,DII,25079,34485,23462,856461,60927,80532,0,0,332,0,0,0,190332,890946
11-04-2018,FII,50614,149940,649821,456897,220230,372689,82464,131624,19384,20016,24604,18257,1332754,863786
12-04-2018,Pro,24029,49063,147032,75096,172686,155344,228188,297641,43147,41639,86567,44574,583877,781129
12-04-2018,Client,304932,174212,993726,438397,381495,736742,531678,894779,235651,114982,186968,114087,2767528,2340121
12-04-2018,FII,51027,145879,655067,460060,224979,374699,80220,154897,21262,21083,26988,19043,1348117,887087
12-04-2018,DII,25026,35860,25209,847481,60927,80532,0,0,463,0,0,0,192157,883341
12-04-2018,TOTAL,405014,405014,1821034,1821034,840087,1347317,840086,1347317,300523,177704,300523,177704,4891679,4891678
13-04-2018,FII,53787,152009,658813,454175,236652,382329,83060,169218,23345,22232,29641,20515,1377158,908618
13-04-2018,TOTAL,413294,413294,1829681,1829681,886165,1419779,886164,1419779,319811,188607,319811,188607,5057337,5057336
13-04-2018,DII,24919,43254,26064,847240,61287,82532,0,0,463,0,0,0,195265,890494
13-04-2018,Pro,24752,42480,149234,78254,171131,175075,246379,303665,45582,43534,93482,49507,609308,813767
13-04-2018,Client,309836,175551,995570,450012,417095,779843,556725,946896,250421,122841,196688,118585,2875606,2444457
16-04-2018,Client,310206,179280,1004051,452374,422104,824358,566559,981603,266889,126739,207405,120454,2954347,2507675
16-04-2018,Pro,25617,41594,155181,82784,180786,180104,250096,322485,47963,43079,100750,50601,632730,848310
16-04-2018,FII,58099,156206,662103,458603,240655,389851,88176,172389,22686,21682,29873,20445,1395076,925692
16-04-2018,TOTAL,419450,419450,1847210,1847210,904832,1476477,904831,1476477,338028,191500,338028,191500,5177497,5177496
16-04-2018,DII,25528,42370,25875,853449,61287,82164,0,0,490,0,0,0,195344,895819
17-04-2018,DII,25248,49569,24591,856868,61287,82164,0,0,535,9,0,0,193834,906437
17-04-2018,Pro,26079,40622,158881,87462,173877,174013,249799,309908,49164,47175,111051,52097,629189,850939
17-04-2018,Client,313400,179923,1022285,457825,449111,836206,590462,1002649,285212,126940,216716,124428,3033154,2572003
17-04-2018,TOTAL,429538,429538,1867405,1867405,928679,1488874,928678,1488874,359178,196717,359178,196717,5270391,5270390
17-04-2018,FII,64811,159424,661648,465250,244404,396491,88417,176317,24267,22593,31411,20192,1414214,941011
18-04-2018,TOTAL,435126,435126,1874765,1874765,1006020.667,1498687.333,1006020.667,1498687.333,371340,204459,371340,204459,5390398,5390398
18-04-2018,FII,83500,150274,663387,469261,241949.3333,399425,90792.3333,180366,25656,23213,32633,20720,1437130.333,944046.3333
18-04-2018,Client,304185,185936,1024714,457254,517594,834993.3333,631091.3333,1003661.333,294640,131203,222971,129017,3107329.333,2629930.667
18-04-2018,Pro,22276,47751,162307,90228,185190.6667,181905,284137,314660,50491,50037,115736,54722,652206.6667,907234
18-04-2018,DII,25165,51165,24357,858022,61286.6667,82364,0,0,553,6,0,0,193731.6667,909187
19-04-2018,Pro,21931,48556,172529,104765,171927,161086,238136,305725,56601,51285,116779,62303,635359,876264
19-04-2018,DII,25102,56375,28074,861103,61287,82368,0,0,517,0,0,0,197348,917478
19-04-2018,Client,301846,187424,1030766,462375,412474,786880,559080,937325,293778,145153,226669,136942,2970897,2509815
19-04-2018,FII,91849,148373,660895,464021,241238,400176,89709,187460,27196,25703,34644,22896,1447057,947103
19-04-2018,TOTAL,440728,440728,1892264,1892264,886926,1430510,886925,1430510,378092,222141,378092,222141,5250661,5250660
20-04-2018,TOTAL,449157,449157,1914099,1914099,915023,1443912,915022,1443912,389357,231264,389357,231264,5342811,5342811
20-04-2018,Client,305439,187142,1045516,468105,436918,791876,576409,968148,301546,149011,228923,142921,3030306,2571648
20-04-2018,Pro,20034,48538,183455,118718,174088,171365,250937,286306,59006,53491,123827,64948,661438,893275
20-04-2018,DII,25014,61414,31541,860509,61287,82368,0,0,544,0,0,0,200754,921923
20-04-2018,FII,98670,152062,653587,466767,242730,398303,87676,189458,28261,28762,36607,23395,1450313,955965
23-04-2018,FII,102052,153537,653579,467639,237125,412192,93624,191552,28643,28901,37425,25113,1462492,968890
23-04-2018,DII,25454,64752,31940,858238,61287,82368,0,0,514,0,0,0,201563,922990
23-04-2018,TOTAL,457943,457943,1938853,1938853,937852,1498481,937851,1498481,411191,234993,411191,234993,5479313,5479312
23-04-2018,Client,312300,186808,1053250,478768,477440,832435,596883,1004382,319984,151617,242057,144475,3147026,2653373
23-04-2018,Pro,18137,52846,200084,134208,162000,171486,247344,302547,62050,54475,131709,65405,668232,934059
24-04-2018,Client,311137,188883,1066345,485150,477283,834025,600098,1017376,327671,148117,244240,145695,3164578,2681442
24-04-2018,Pro,18811,54669,213567,147517,161067,175258,248597,319787,62980,57040,137783,63938,688723,972291
24-04-2018,TOTAL,451383,451383,1970490,1970490,931717,1511367,931716,1511367,420248,233879,420248,233879,5519084,5519083
24-04-2018,DII,25677,64752,31363,862231,61287,83501,0,0,559,0,0,0,202387,926983
24-04-2018,FII,95758,143079,659215,475592,232080,418583,83021,174204,29038,28722,38225,24246,1463396,938367
25-04-2018,Client,314958,194415,1075326,493147,552615,798965,642822,1033338,330852,143136,244727,146086,3215852,2754535
25-04-2018,FII,105295,150799,667175,482346,227564,426395,90535,168772,28309,27854,37200,22571,1482592,952223
25-04-2018,Pro,21298,54040,203024,135303,161542,195735,269650,302486,63032,60498,140852,62831,705129,965162
25-04-2018,DII,25447,67744,32084,866813,61287,83501,0,0,586,0,0,0,202905,934557
25-04-2018,TOTAL,466998,466998,1977609,1977609,1003008,1504596,1003007,1504596,422779,231488,422779,231488,5606478,5606477
26-04-2018,Client,254450,180009,999107,390486,262268,448929,457458,676617,97035,44028,75058,57068,2105817,1836696
26-04-2018,Pro,11331,54749,138561,73816,146634,128758,113712,162644,18696,28495,41558,15628,472475,462107
26-04-2018,DII,25293,67976,21164,862344,59947,78102,0,0,63,0,0,0,184569,930320
26-04-2018,FII,72754,61094,611909,444095,174905,275645,72583,92173,1831,994,1009,821,1138038,671775
26-04-2018,TOTAL,363828,363828,1770741,1770741,643754,931434,643753,931434,117625,73517,117625,73517,3900899,3900898
27-04-2018,DII,25293,76526,25822,912717,59947,78888,0,0,117,0,0,0,190067,989243
27-04-2018,FII,84868,64375,640882,455526,192614,282240,77619,112069,11225,9701,13050,8172,1221530,730811
27-04-2018,TOTAL,388445,388445,1869333,1869333,704500,1087843,704499,1087843,192158,115118,192158,115118,4357397,4357396
27-04-2018,Pro,15978,55581,154039,83245,148636,147895,125721,208846,30348,35180,60645,25046,532076,559084
27-04-2018,Client,262306,191963,1048590,417845,303303,578820,501159,766928,150468,70237,118463,81900,2413724,2078258
30-04-2018,DII,25595,76384,26269,917705,59947,78928,0,0,117,0,0,0,190856,994089
30-04-2018,TOTAL,392295,392295,1890703,1890703,753920,1172153,753919,1172153,228869,129324,228869,129324,4567264,4567263
30-04-2018,Pro,16825,51016,156422,88600,153001,150347,145064,227497,34483,38240,70633,27510,549318,610320
30-04-2018,Client,259174,198130,1061322,417092,340101,636985,528848,829683,178755,77105,142578,92206,2553442,2208537
30-04-2018,FII,90701,66765,646690,467306,200871,305893,80007,114973,15514,13979,15658,9608,1273648,754317
02-05-2018,Pro,16568,49404,157175,86983,142638,166824,163387,242499,36366,43054,80064,30463,562625,652800
02-05-2018,FII,87518,67952,649860,480876,199526,321824,80701,131973,18401,16451,20004,11225,1293580,792731
02-05-2018,Client,263137,198474,1077731,426363,419046,683101,577068,876205,205694,84408,160510,102225,2733117,2340845
02-05-2018,TOTAL,393148,393148,1911232,1911232,821157,1250677,821156,1250677,260578,143913,260578,143913,4780705,4780704
02-05-2018,DII,25925,77318,26466,917010,59947,78928,0,0,117,0,0,0,191383,994328
03-05-2018,FII,92892,66614,656555,488977,193624,324077,78692,126665,22178,21526,23061,13469,1310852,797478
03-05-2018,TOTAL,394338,394338,1922472,1922472,742347,1094883,742346,1094883,287829,156554,287829,156554,4598423,4598422
03-05-2018,Pro,15623,49713,157872,91931,121912,152643,143587,204830,39335,45425,87194,33970,532810,611225
03-05-2018,Client,259893,200137,1082646,425140,366864,539035,520067,763388,226199,89603,177574,109115,2564240,2195421
03-05-2018,DII,25930,77874,25399,916424,59947,79128,0,0,117,0,0,0,190521,994298
04-05-2018,DII,25840,77882,26173,917632,59947,79528,0,0,117,0,0,0,191605,995514
04-05-2018,Client,259143,197837,1091336,427047,399587,551686,535078,799947,245735,94014,191079,114893,2641501,2265881
04-05-2018,FII,93178,73125,660723,499973,194961,342049,81372,128704,23887,23222,25165,14162,1338020,822501
04-05-2018,TOTAL,393451,393451,1938829,1938829,779861,1132880,779860,1132880,310223,164374,310223,164374,4719618,4719617
04-05-2018,Pro,15290,44607,160597,94177,125366,159617,163410,204229,40484,47138,93979,35319,548492,635721
07-05-2018,TOTAL,405510,405510,1950565,1950565,785274,1213009,785273,1213009,322200,179217,322200,179217,4855775,4855774
07-05-2018,FII,94220,72700,665254,495191,196867,353094,84152,131168,26912,27936,26536,17791,1364283,827538
07-05-2018,Client,267676,205443,1094306,438200,394238,620852,538695,852339,252001,104521,200084,122014,2733594,2356775
07-05-2018,DII,25822,77026,27748,921009,59301,79248,0,0,332,0,0,0,192451,998035
07-05-2018,Pro,17792,50341,163257,96165,134868,159815,162426,229502,42955,46760,95580,39412,565447,673426
08-05-2018,TOTAL,418066,418066,1972927,1972927,805729,1264187,805728,1264187,338818,187972,338818,187972,4987699,4987698
08-05-2018,Pro,16638,50601,166234,96621,136375,166341,169120,241064,44056,48454,101803,41348,578098,700557
08-05-2018,Client,278878,216508,1105452,463502,409823,659589,553926,891145,265676,109976,209722,128313,2829394,2463116
08-05-2018,DII,25723,73926,29809,917192,59301,79248,0,0,256,0,0,0,194337,991118
08-05-2018,FII,96827,77031,671432,495612,200230,359009,82682,131978,28830,29542,27293,18311,1385870,832907
09-05-2018,Pro,18461,53750,167922,100429,148997,175631,178439,267932,46292,47680,102954,42148,604983,745652
09-05-2018,FII,102587,80465,676163,499830,210627,364808,85517,139259,29968,30594,28375,19250,1414747,852696
09-05-2018,Client,280063,224580,1112838,467357,416517,718017,571485,930513,270559,114496,215746,131372,2912490,2541053
09-05-2018,TOTAL,426834,426834,1988982,1988982,835442,1337704,835441,1337704,347075,192770,347075,192770,5128807,5128806
09-05-2018,DII,25723,68039,32059,921366,59301,79248,0,0,256,0,0,0,196587,989405
10-05-2018,TOTAL,417067,417067,1990836,1990836,786098,1149762,786097,1149762,368856,201450,368856,201450,4914069,4914068
10-05-2018,Pro,17055,51380,169178,100274,136056,153688,164617,208802,46224,51875,110069,42791,574076,677933
10-05-2018,FII,102828,80074,678882,510003,209386,362648,85899,141463,32869,31484,30644,21370,1418097,869453
10-05-2018,DII,25705,68028,34438,915636,59301,79248,0,0,256,0,0,0,198948,983664
10-05-2018,Client,271479,217585,1108338,464923,381355,554178,535581,799497,289507,118091,228143,137289,2722948,2383018
11-05-2018,FII,119785,85700,686976,513498,222426,355743,86915,154404,33746,33569,32659,23660,1452245,896836
11-05-2018,DII,26171,68540,34674,914284,58861,95291,0,0,256,0,0,0,215253,982824
11-05-2018,TOTAL,435904,435904,1974941,1974941,824727,1260109,824726,1260109,374499,210894,374499,210894,5081074,5081073
11-05-2018,Client,269552,221919,1084556,452459,379145,645222,560310,856521,291300,127372,232718,140485,2797147,2464412
11-05-2018,Pro,20396,59745,168735,94700,164295,163853,177501,249184,49197,49953,109122,46749,616429,737001
14-05-2018,Client,258677,216721,1080765,451004,422778,692083,577359,895165,303848,131545,240919,143440,2889696,2524608
14-05-2018,FII,123309,86583,691972,518397,225453,362319,97742,171017,34105,33861,34222,23344,1471019,931305
14-05-2018,TOTAL,428713,428713,1979041,1979041,873872,1324684,873871,1324684,388746,215697,388746,215697,5210753,5210752
14-05-2018,Pro,20619,56827,170150,96771,166780,171052,198770,258502,50483,50291,113605,48913,629375,773388
14-05-2018,DII,26108,68582,36154,912869,58861,99230,0,0,310,0,0,0,220663,981451
15-05-2018,Client,242414,211676,1081014,438860,476115,702805,609746,906946,314355,132189,250010,144542,2948892,2561780
15-05-2018,FII,133936,88234,696678,526458,239156,382697,92840,177414,35230,35048,34653,23596,1522745,943195
15-05-2018,TOTAL,424848,424848,1985725,1985725,923529,1334306,923528,1334306,401996,219350,401996,219350,5289754,5289753
15-05-2018,Pro,22435,49450,170384,100035,149397,155374,220942,249946,52155,52113,117333,51212,601858,788918
15-05-2018,DII,26063,75488,37649,920372,58861,93430,0,0,256,0,0,0,216259,995860
16-05-2018,DII,26060,74716,37788,923561,58861,93430,0,0,274,0,0,0,216413,998277
16-05-2018,Pro,21235,48687,173774,105536,146766,144601,266132,221188,53390,53824,124851,53343,593590,819737
16-05-2018,FII,128983,91743,698289,534191,239841,402990,90422,176202,36173,35471,35945,24014,1541747,952517
16-05-2018,TOTAL,414905,414905,2000176,2000176,1016765,1305622,1016764,1305622,421187,224722,421187,224722,5383377,5383376
16-05-2018,Client,238627,199759,1090325,436888,571297,664601,660210,908232,331350,135427,260391,147365,3031627,2612845
17-05-2018,TOTAL,416110,416110,2018190,2018190,893918,1199993,893917,1199993,436041,227249,436041,227249,5191501,5191500
17-05-2018,Pro,19266,50610,173429,112835,122455,137337,229167,197601,53163,57085,131988,53716,562735,775917
17-05-2018,FII,130963,94718,701476,539954,232339,400805,89648,171952,36381,36037,36642,23391,1538001,956305
17-05-2018,Client,239271,196948,1103842,437784,480263,563550,575102,830440,346196,134127,267411,150142,2867249,2457827
17-05-2018,DII,26610,73834,39443,927617,58861,98301,0,0,301,0,0,0,223516,1001451
18-05-2018,Pro,19855,52072,174334,114738,125635,130513,245037,199322,54542,61029,141289,53956,565908,806414
18-05-2018,DII,26072,68108,41635,923041,58861,97160,0,0,301,0,0,0,224029,991149
18-05-2018,FII,130887,113273,703309,546152,219570,416597,97340,173418,40664,35309,41070,23766,1546336,995019
18-05-2018,TOTAL,420319,420319,2018833,2018833,949064,1189959,949063,1189959,461321,229694,461321,229694,5269190,5269189
18-05-2018,Client,243505,186866,1099555,434902,544998,545689,606686,817219,365814,133356,278962,151972,2932917,2476607
21-05-2018,Client,230565,176604,1086505,409169,626803,530905,665785,837038,384177,134714,286881,154270,2993669,2529747
21-05-2018,FII,132757,123286,701644,548959,213925,429395,96101,159944,42435,34855,42546,22404,1555011,993240
21-05-2018,TOTAL,411348,411348,2008303,2008303,1040315,1200608,1040314,1200608,482687,233433,482687,233433,5376694,5376693
21-05-2018,Pro,21923,46693,178221,120469,140726,140904,278428,203626,55774,63864,153260,56759,601412,859235
21-05-2018,DII,26103,64765,41933,929706,58861,99404,0,0,301,0,0,0,226602,994471
22-05-2018,Client,225505,165701,1086531,404269,639046,556772,663600,856510,385024,148027,291000,160049,3040905,2541129
22-05-2018,Pro,21212,46268,182812,123613,157757,133621,305157,205753,59111,63684,153798,63519,618197,898108
22-05-2018,DII,30040,64720,41021,936181,60490,96235,0,0,301,0,0,0,228087,1000901
22-05-2018,FII,131560,131628,704568,550869,211672,429548,100207,153913,45159,36033,44797,24176,1558540,1005590
22-05-2018,TOTAL,408317,408317,2014932,2014932,1068965,1216176,1068964,1216176,489595,247744,489595,247744,5445729,5445728
23-05-2018,TOTAL,416628,416628,2017186,2017186,1149030,1213461,1149029,1213461,501913,250774,501913,250774,5548992,5548991
23-05-2018,Client,237573,162984,1081010,410193,713709,538820,703897,849507,398149,149515,296482,162398,3118776,2585461
23-05-2018,DII,30007,62609,41405,931986,60490,90956,0,0,346,0,0,0,223204,994595
23-05-2018,FII,125957,147484,710094,556959,217229,432088,103856,159882,45206,36733,46134,23926,1567307,1038241
23-05-2018,Pro,23091,43551,184677,118048,157602,151597,341276,204072,58212,64526,159297,64450,639705,930694
24-05-2018,Pro,20522,42046,191029,125788,148044,135137,279894,211947,63606,64467,161668,69777,622805,891120
24-05-2018,DII,32014,62610,43191,929668,60490,90252,0,0,346,0,8,0,226293,992286
24-05-2018,Client,234978,157702,1078720,415209,554075,558666,597611,841866,396431,158273,298391,165934,2981143,2476713
24-05-2018,FII,125445,150601,711386,553661,217153,429474,102256,159716,44523,37688,44839,24717,1565669,1035790
24-05-2018,TOTAL,412959,412959,2024326,2024326,979762,1213529,979761,1213529,504906,260428,504906,260428,5395910,5395909
25-05-2018,Pro,19972,38644,194939,130186,144709,138075,265750,242189,68434,62314,156336,71899,628443,905004
25-05-2018,DII,27115,62502,44200,937921,60490,87996,0,0,397,0,8,0,220198,1000431
25-05-2018,FII,135006,153334,704538,539808,224790,429221,100880,162715,42787,39435,44313,25401,1575777,1026451
25-05-2018,TOTAL,414573,414573,2018902,2018902,940148,1325923,940147,1325923,494699,266980,494699,266980,5461225,5461224
25-05-2018,Client,232480,160093,1075225,410987,510159,670631,573517,921019,383081,165231,294042,169680,3036807,2529338
28-05-2018,TOTAL,418708,418708,2023137,2023137,946254,1419655,946253,1419655,490956,270187,490956,270187,5568896.667,5568896
28-05-2018,Pro,20608,34025,205464,142341,143420,161845,269142,285792,70912,62638,155243,76090,664886.6667,962633
28-05-2018,Client,231863,163841,1069357,416927,516674,743702,583779,969680,378211,166691,289807,168544,3106498,2592578
28-05-2018,FII,140356,153401,704928,528068,225670,427712,93332,164183,41454,40858,45898,25553,1580978.333,1010435
28-05-2018,DII,25881,67441,43388,935801,60490,86396,0,0,379,0,8,0,216533.6667,1003250
29-05-2018,Client,244754,165782,1078542,439412,615194,672271,649438,935745,386963,165378,289404,169182,3163102,2648963
29-05-2018,FII,149192,168093,722408,540157,224467,438002,94496,159024,41561,40594,46910,25162,1616224,1033842
29-05-2018,Pro,16447,34279,209500,145384,154508,156779,310724,259338,70808,65511,163377,77139,673553,990241
29-05-2018,DII,25680,67919,44588,930085,60490,87055,0,0,415,0,56,0,218228,998060
29-05-2018,TOTAL,436073,436073,2055038,2055038,1054659,1354107,1054658,1354107,499747,271483,499747,271483,5671107,5671106
30-05-2018,Client,257180,166784,1088095,446740,614447,708306,644653,961365,379929,161419,287286,167333,3209376,2674161
30-05-2018,Pro,14640,34317,200731,136373,146421,149100,308486,266683,72339,65425,161313,75777,648656,982949
30-05-2018,DII,25698,67640,45451,933993,60490,87055,0,0,406,0,63,0,219100,1001696
30-05-2018,TOTAL,454015,454015,2068851,2068851,1048701,1387273,1048700,1387273,492656,265855,492656,265855,5717351,5717350
30-05-2018,FII,156497,185274,734574,551745,227343,442812,95561,159225,39982,39011,43994,22745,1640219,1058544
31-05-2018,FII,74581,94213,658734,448596,147228,264911,77583,107481,1128,1571,1822,930,1148153,730625
31-05-2018,DII,23759,46070,31466,931772,60490,89450,0,0,0,0,8,0,205165,977850
31-05-2018,TOTAL,336966,336966,1812134,1812134,595460,866530,595459,866530,119845,65643,119845,65643,3796578,3796577
31-05-2018,Client,221347,159895,985907,355514,278393,407760,383352,611414,99406,38294,71439,51301,2031107,1632915
31-05-2018,Pro,17279,36788,136027,76252,109349,104409,134524,147635,19311,25778,46576,13412,412153,455187
01-06-2018,TOTAL,340958,340958,1852875,1852875,724667,955326,724666,955326,183495,99571,183495,99571,4156892,4156891
01-06-2018,Pro,16896,33293,136735,75660,130034,134974,181916,168724,24630,29291,58922,20808,472560,539323
01-06-2018,DII,23794,53130,34478,936258,60490,92749,0,0,117,0,49,0,211628,989437
01-06-2018,Client,228002,159223,1006230,375990,380108,437627,451871,678447,143040,55490,106335,68120,2250497,1839986
01-06-2018,FII,72266,95312,675432,464967,154035,289976,90879,108155,15708,14790,18189,10643,1222207,788145
04-06-2018,DII,23794,59106,38914,928681,60490,93443,0,0,90,0,49,0,216731,987836
04-06-2018,TOTAL,350017,350017,1876034,1876034,894787,993258,894786,993258,222357,116729,222357,116729,4453182,4453181
04-06-2018,Pro,16234,38159,140226,80134,149960,149310,254805,171646,28611,33225,69075,25073,517566,638892
04-06-2018,Client,232403,158434,1017319,385156,526402,440975,533770,703741,172612,65836,131020,78049,2455547,1990170
04-06-2018,FII,77586,94318,679575,482063,157935,309530,106211,117871,21044,17668,22213,13607,1263338,836283
05-06-2018,Pro,16677,35097,143061,80620,162283,151778,288137,176402,31195,34858,75992,28904,539852,685152
05-06-2018,TOTAL,348735,348735,1880120,1880120,979000,1020980,978999,1020980,250812,129152,250812,129152,4608799,4608798
05-06-2018,Client,222688,152703,1015911,373180,591615,461624,569061,724039,195049,74909,149616,84909,2561796,2053508
05-06-2018,FII,81428,102920,680676,495794,164612,314384,121801,120539,24442,19385,25155,15339,1284927,881548
05-06-2018,DII,27942,58015,40472,930526,60490,93194,0,0,126,0,49,0,222224,988590
06-06-2018,TOTAL,353523,353523,1885682,1885682,1018322,1137013,1018321,1137013,262419,138437,262419,138437,4795396,4795395
06-06-2018,Pro,18238,40355,146633,79546,176951,167892,297403,228990,36374,34440,75219,31392,580528,752905
06-06-2018,DII,27902,58015,39510,933033,60490,93194,0,0,126,0,77,0,221222,991125
06-06-2018,Client,226199,146955,1012307,376522,619768,555510,590882,775913,200118,83238,159572,89684,2697140,2139528
06-06-2018,FII,81184,108198,687232,496581,161113,320417,130036,132110,25801,20759,27551,17361,1296506,911837
07-06-2018,FII,89593,114510,693914,492093,172085,318553,101517,126450,25844,21638,28994,18029,1321627,881593
07-06-2018,Pro,22838,42283,149443,79550,168179,143856,206789,216073,38814,34818,74214,34415,557948,653324
07-06-2018,DII,28298,59007,39529,938663,60490,92154,0,0,126,0,123,0,220597,997793
07-06-2018,Client,232623,157552,1016342,388922,378101,497749,470548,709789,201944,92312,163397,96324,2419071,1986532
07-06-2018,TOTAL,373352,373352,1899228,1899228,778855,1052312,778854,1052312,266728,148768,266728,148768,4519243,4519242
08-06-2018,FII,88208,125271,695719,488458,190930,354757,115120,132939,27305,24071,30893,19172,1380990,911853
08-06-2018,DII,32073,63945,39526,937328,60490,91620,0,0,126,0,123,0,223835,1001396
08-06-2018,Pro,18804,38576,150870,80028,176121,157305,225179,232750,41491,36305,80296,36523,580896,693352
08-06-2018,Client,240017,151310,1025295,405596,424708,502403,511949,740396,216971,99619,174581,104300,2509013,2088132
08-06-2018,TOTAL,379102,379102,1911410,1911410,852249,1106085,852248,1106085,285893,159995,285893,159995,4694734,4694733
11-06-2018,TOTAL,392202,392202,1919322,1919322,885889,1191375,885888,1191375,304796,171979,304796,171979,4865563,4865562
11-06-2018,FII,97585,128923,701549,494650,199429,361113,112097,143233,30250,25006,32492,21016,1414932,932411
11-06-2018,Pro,22593,41686,151355,81050,176491,167840,235735,253589,42928,37323,84492,40060,598530,736612
11-06-2018,DII,32196,61815,40427,936320,60490,92925,0,0,126,0,161,0,226164,998296
11-06-2018,Client,239828,159778,1025991,407302,449479,569497,538056,794553,231492,109650,187651,110903,2625937,2198243
12-06-2018,Client,245436,165817,1031873,420430,454180,646085,562304,829939,244667,122490,199685,119787,2744731,2297962
12-06-2018,TOTAL,401999,402000,1938827,1938827,899141,1266384,899140,1266384,323660,188333,323660,188333,5018344,5018344
12-06-2018,DII,33582,53476,41038,936607,60490,87184,0,0,306,0,480,0,222600,990563
12-06-2018,Pro,22993,46637,157593,86093,184612,171080,226385,281253,47266,39157,88410,45465,622701,774243
12-06-2018,FII,99988,136070,708323,495697,199859,362035,110451,155192,31421,26686,35085,23081,1428312,955576
13-06-2018,DII,33606,53480,45053,934643,60490,87184,0,0,126,0,570,0,226459,988693
13-06-2018,FII,103982,143439,707223,496300,204945,363987,110940,164500,32254,27253,36943,24654,1439644,976776
13-06-2018,Pro,23441,49030,160323,92011,190923,172776,242665,288120,50406,41022,96255,47951,638891,816032
13-06-2018,TOTAL,416562,416562,1961233,1961233,937538,1339178,937538,1339178,345962,200153,345962,200153,5200626,5200626
14-06-2018,DII,33872,53046,44759,941249,60490,87184,0,0,126,0,603,0,226431,994898
14-06-2018,TOTAL,406651,406651,1984372,1984372,820677,1148146,820677,1148146,366579,207815,366579,207815,4934240,4934240
14-06-2018,Pro,20548,39410,165449,99254,152517,150088,209487,228501,51744,43365,100995,50731,583711,728378
14-06-2018,FII,98710,152991,702705,501265,209361,359439,104013,149977,33359,29649,40686,25184,1433223,974116
14-06-2018,Client,253521,161204,1071459,442604,398310,551435,507177,769668,281350,134801,224295,131900,2690876,2236849
15-06-2018,Client,259713,167729,1080378,455631,460366,570142,558424,824358,302320,139616,240283,137659,2812535,2384085
15-06-2018,Pro,18877,41519,166251,103259,150280,153819,222882,232386,53138,45866,108274,52225,588231,760545
15-06-2018,DII,29874,50457,45292,937257,60490,87188,0,0,162,0,623,0,223006,988337
15-06-2018,FII,106879,155638,708780,504554,218185,388320,108014,142725,35901,30393,42341,25991,1488458,979263
15-06-2018,TOTAL,415343,415343,2000701,2000701,889320,1199469,889320,1199469,391521,215875,391521,215875,5112229,5112229
18-06-2018,Pro,18305,43465,173998,105527,162601,156839,250685,242713,54254,46695,115385,54404,612692,812179
18-06-2018,FII,102772,158462,712902,510729,218884,386683,109280,134860,36529,30311,43762,26269,1488081,983362
18-06-2018,Client,270256,168839,1086043,466180,504760,612422,586769,865559,321551,144934,252694,141267,2939966,2481309
18-06-2018,TOTAL,421207,421207,2018029,2018029,946734,1243132,946734,1243132,412496,221940,412496,221940,5263538,5263538
18-06-2018,DII,29874,50441,45086,935593,60490,87188,0,0,162,0,655,0,222800,986689
19-06-2018,Client,272013,168629,1088122,462490,567941,601528,610225,885888,343793,140451,265477,142364,3013848,2535074
19-06-2018,DII,29874,47005,43418,935804,60490,82887,0,0,162,0,655,0,216831,983464
19-06-2018,TOTAL,421392,421392,2022167,2022167,998733,1268657,998733,1268657,436369,221745,436369,221745,5369063,5369063
19-06-2018,Pro,18434,40169,178275,107880,147409,166258,266901,245954,53460,49862,124206,52796,613698,837906
19-06-2018,FII,101071,165589,712352,515993,222894,417984,121607,136815,38954,31432,46031,26585,1524687,1012620
20-06-2018,DII,31825,47005,41471,947645,57462,82291,0,0,162,0,655,0,213211,995305
20-06-2018,Pro,20172,35344,183456,116668,152663,164135,243160,274328,54715,48921,124139,55188,624062,848827
20-06-2018,TOTAL,424761,424761,2030566,2030566,964611,1353153,964611,1353153,437514,227387,437514,227387,5437992,5437992
20-06-2018,Client,270899,163250,1092671,457832,527891,684563,607549,942504,343500,145970,267070,145507,3065494,2583713
20-06-2018,FII,101865,179162,712968,508421,226596,422164,113902,136321,39137,32496,45650,26692,1535226,1010148
21-06-2018,FII,103916,179097,702396,501119,224535,410943,113424,127678,39834,32424,45534,26743,1514048,993595
21-06-2018,Client,266434,164027,1099454,458785,480407,556572,553631,848874,351727,142640,269234,145935,2897234,2440487
21-06-2018,Pro,20771,33520,191034,125270,140908,153723,236256,227307,53074,51272,129374,53658,610782,805385
21-06-2018,TOTAL,422946,422946,2033854,2033854,903311,1203859,903311,1203859,444797,226336,444797,226336,5235104,5235104
21-06-2018,DII,31825,46302,40970,948680,57462,82621,0,0,162,0,655,0,213040,995637
22-06-2018,Client,263175,162348,1100449,449420,435920,661193,540107,912503,340156,144638,264933,144504,2945531,2473816
22-06-2018,DII,31825,45502,39782,956520,53811,82291,0,0,198,0,655,0,207907,1002677
22-06-2018,FII,107464,182362,696020,495127,227522,421817,115004,140004,39159,32094,45406,28068,1524076,1005971
22-06-2018,Pro,20813,33065,194041,129225,149137,149924,211278,262718,57188,50482,125707,54642,621585,816635
22-06-2018,TOTAL,423277,423277,2030292,2030292,866389,1315225,866389,1315225,436701,227214,436701,227214,5299098,5299098
25-06-2018,FII,101703,194803,686877,492625,225052,421695,117576,134859,39375,31444,45071,27354,1506146,1012288
25-06-2018,Pro,27497,29639,209802,143451,150794,166695,272950,251837,57396,56880,143491,54056,669064,895424
25-06-2018,DII,31923,47502,39943,942625,49979,81852,0,0,192,0,655,0,203889,990782
25-06-2018,Client,273783,162962,1109620,467541,554395,630819,589693,914365,365040,138912,272786,145826,3072569,2553174
25-06-2018,TOTAL,434906,434906,2046242,2046242,980219,1301061,980219,1301061,462003,227236,462003,227236,5451668,5451668
26-06-2018,FII,110897,206140,693418,495339,222238,426616,117688,131115,36753,31295,45440,27162,1521217,1022884
26-06-2018,Client,276566,157983,1107236,472688,581952,645994,608906,927580,367198,139153,272245,145282,3118099,2584685
26-06-2018,TOTAL,443250,443250,2056068,2056068,1000849,1322806,1000849,1322806,464945,228213,464945,228213,5516131,5516131
26-06-2018,DII,32022,50168,40730,936604,47035,82052,0,0,174,0,655,0,202013,987427
26-06-2018,Pro,23765,28959,214684,151437,149624,168144,274254,264111,60820,57765,146605,55769,674802,921135
27-06-2018,FII,116514,214759,698629,496258,200288.6667,439778,133494.6667,118096,37027,31603,45343,27073,1523839.667,1035023.667
27-06-2018,Pro,24820,32470,199367,140487,138938.6667,182227,336091,254414,61310,63851,154037,55293,670513.6667,972792
27-06-2018,Client,280523,155801,1088321,469956,738471,602745.3333,655147.3333,934105.3333,372716,129925,271192,143013,3212701.333,2629214.667
27-06-2018,DII,32010,50837,47321,926937,47034.66667,81865,0,0,174,0,655,0,208404.6667,978429
27-06-2018,TOTAL,453867,453867,2033638,2033638,1124733,1306615.333,1124733,1306615.333,471227,225379,471227,225379,5615459.333,5615459.333
28-06-2018,Client,189267,124357,968886,317466,349757,314129,391057,588796,112480,47676,81698,61763,1982195,1565137
28-06-2018,Pro,15739,17315,136576,77377,98664,132693,162908,130586,16716,28943,46140,16343,429331,450669
28-06-2018,TOTAL,310694,310694,1765318,1765318,629424,798220,629424,798220,129923,78779,129923,78779,3712358,3712358
28-06-2018,DII,31738,31733,29258,891431,30906,80591,0,0,0,0,0,0,172493,923164
28-06-2018,FII,73950,137289,630598,479044,150098,270807,75460,78838,727,2160,2085,673,1128340,773389
29-06-2018,DII,32222,27359,30888,912841,30906,80291,0,0,0,0,0,0,174307,940200
29-06-2018,TOTAL,325389,325389,1798041,1798041,692885,897571,692885,897571,178803,100132,178803,100132,3992821,3992821
29-06-2018,FII,90902,136139,643686,489023,159132,273375,78968,85774,9041,9408,11225,5812,1185544,806941
29-06-2018,Pro,16686,31719,146633,73782,124417,150947,186539,171564,24302,32313,58077,21931,495298,543612
29-06-2018,Client,185579,130172,976834,322395,378431,392958,427379,640233,145460,58411,109501,72389,2137673,1702069
02-07-2018,DII,32114,27026,32210,914146,30906,81687,0,0,0,0,16,0,176917,941188
02-07-2018,Client,191596,134182,981090,327068,445299,414904,468877,672588,177184,66961,132226,82562,2277034,1817503
02-07-2018,Pro,16158,28898,145211,78512,125415,161385,209825,181081,27687,36485,69951,24723,512341,592990
02-07-2018,FII,88169,137931,653650,492435,158868,280520,81786,84827,11582,11312,14260,7473,1204101,818712
02-07-2018,TOTAL,328037,328037,1812161,1812161,760487,938496,760487,938496,216453,114758,216453,114758,4170392,4170392
03-07-2018,TOTAL,338925,338925,1821497,1821497,791913,998204,791913,998204,231943,126410,231943,126410,4308892,4308892
03-07-2018,FII,94492,143072,658894,490177,160876,290140,80862,95241,13323,13422,17282,9001,1231147,835635
03-07-2018,Client,192051,137706,981724,329514,460964,464384,493175,699798,187547,75164,143388,88609,2361834,1892190
03-07-2018,DII,33628,23096,33614,917633,30906,80787,0,0,0,0,16,0,178935,940745
03-07-2018,Pro,18754,35051,147265,84173,139168,162893,217877,203165,31073,37824,71257,28800,536977,640323
04-07-2018,DII,37519,23096,34135,919592,30906,79707,0,0,0,0,16,0,182267,942704
04-07-2018,Pro,19444,41684,150015,84226,156318,173570,203607,249703,34011,39999,77672,31657,573357,688549
04-07-2018,FII,96019,149767,659188,489866,168991,292647,78787,98181,15580,13920,20122,9573,1246345,846296
04-07-2018,Client,201439,139874,989178,338832,421576,558454,495397,756494,204785,82944,156566,95633,2458376,1982796
04-07-2018,TOTAL,354421,354421,1832516,1832516,777790,1104378,777790,1104378,254376,136863,254376,136863,4460344,4460344
05-07-2018,Pro,16948,40533,152196,84220,140242,137725,177431,191082,36967,41391,86384,34904,525469,614554
05-07-2018,Client,201707,142246,986553,346549,348705,445431,429392,667291,225902,90344,171978,102567,2298642,1860023
05-07-2018,FII,98421,144996,659641,486470,162445,289472,75475,93962,18170,15839,22661,10103,1243988,833667
05-07-2018,DII,37519,26820,34297,915448,30906,79707,0,0,0,0,16,0,182429,942284
05-07-2018,TOTAL,354595,354595,1832687,1832687,682297,952335,682297,952335,281039,147574,281039,147574,4250527,4250527
06-07-2018,Client,205907,143115,983923,349256,382539,496341,464247,709290,233812,96469,177474,107557,2398991,1950939
06-07-2018,Pro,16133,44595,155609,87465,154380,146969,190637,210212,38597,42114,88969,37503,553802,659381
06-07-2018,DII,37477,26820,34962,919655,30906,79707,0,0,0,0,16,0,183052,946491
06-07-2018,TOTAL,359322,359322,1835332,1835332,733965,1014199,733965,1014199,290511,155289,290511,155289,4388618,4388618
06-07-2018,FII,99805,144792,660838,478956,166141,291182,79082,94697,18102,16706,24052,10229,1252774,831808
09-07-2018,Pro,19396,51142,161957,89087,159093,129931,194558,230235,42325,43194,95559,42169,555896,702750
09-07-2018,DII,37429,27540,35570,919921,30906,79707,0,0,42,0,16,0,183654,947477
09-07-2018,Client,211254,155259,989549,358905,378659,583264,476000,754429,246167,104681,187516,113034,2513574,2045143
09-07-2018,FII,114564,148702,659546,478709,183354,292718,81454,100956,19795,18248,25238,10920,1288225,845979
09-07-2018,TOTAL,382643,382643,1846622,1846622,752011,1085620,752011,1085620,308329,166123,308329,166123,4541348,4541348
10-07-2018,Client,213006,165975,991376,366989,370453,678845,486164,811546,254036,116311,193456,119324,2624027,2143454
10-07-2018,DII,37389,30863,35447,916239,31212,80373,0,0,0,0,16,0,184421,947118
10-07-2018,TOTAL,403412,403412,1852299,1852299,755972,1181975,755972,1181975,322797,182923,322797,182923,4699378,4699378
10-07-2018,FII,132920,145377,660749,477219,178389,289977,79366,102347,21874,20042,28265,13454,1303951,846028
10-07-2018,Pro,20097,61197,164727,91852,175919,132780,190443,268082,46887,46570,101060,50145,586980,762779
11-07-2018,DII,32391,36729,35990,907432,31212,80374,0,0,0,0,16,0,179967,944177
11-07-2018,Client,222396,169115,997965,385090,426971,702488,527024,829394,271109,123114,205262,124124,2744043,2240009
11-07-2018,FII,136779,141467,663937,474864,176235,301677,82432,117376,23820,19155,29414,14456,1321603,860009
11-07-2018,TOTAL,410147,410147,1860721,1860721,816244,1222420,816244,1222420,343166,190855,343166,190855,4843553,4843553
11-07-2018,Pro,18581,62836,162829,93335,181827,137881,206789,275650,48237,48586,108474,52275,597941,799359
12-07-2018,FII,151628,148502,673518,470567,187037,318079,89310,127302,25101,20751,31682,15908,1376114,883271
12-07-2018,TOTAL,423735,423735,1871145,1871145,715042,1147341,715042,1147341,361377,202038,361377,202038,4720678,4720678
12-07-2018,Client,224687,171919,998327,392147,338842,608220,456297,744724,286064,131559,215455,130467,2587699,2111009
12-07-2018,Pro,15029,64826,163537,98237,157971,130218,169436,275315,50212,49728,114224,55663,566695,777701
12-07-2018,DII,32391,38488,35763,910194,31193,90824,0,0,0,0,16,0,190171,948698
13-07-2018,Client,215610,175685,997754,391098,384914,653161,474954,788865,307646,139618,228532,136236,2698703,2195370
13-07-2018,TOTAL,423807,423807,1885559,1885559,762918,1211222,762918,1211222,385462,212138,385462,212138,4881106,4881106
13-07-2018,DII,32391,42677,36436,917728,31167,94030,0,0,0,0,16,0,194024,960421
13-07-2018,Pro,15505,65046,171596,106003,160499,142174,188188,288528,52404,51290,123377,59399,593468,830541
13-07-2018,FII,160301,140399,679773,470730,186339,321857,99777,133829,25412,21230,33537,16503,1394912,894775
16-07-2018,Client,202692,169142,988368,378617,470416,605032,523720,780554,335510,140266,242768,136984,2742284,2231785
16-07-2018,DII,33642,46446,35478,912413,31167,93044,0,0,0,0,16,0,193331,958875
16-07-2018,FII,159474,133845,676441,474476,198198,333612,104992,132772,28320,21089,36367,18196,1417134,900648
16-07-2018,Pro,15704,62079,174584,109365,161044,142066,232113,260428,52759,54796,137438,60971,600953,862394
16-07-2018,TOTAL,411512,411512,1874871,1874871,860824,1173754,860824,1173754,416589,216151,416589,216151,4953701,4953701
17-07-2018,Pro,15239,66024,177407,114321,161611,142703,202455,298144,55807,53369,135686,64007,606136,880637
17-07-2018,FII,162832,141236,679634,467670,197739,349340,114145,130276,29152,23388,37870,20669,1442085,911866
17-07-2018,TOTAL,423050,423050,1879124,1879124,826249,1274876,826249,1274876,420830,225270,420830,225270,5049399,5049399
17-07-2018,Client,206937,166909,988349,367863,435777,689789,509650,846456,335871,148513,247213,140594,2805236,2278685
17-07-2018,DII,38042,48881,33734,929270,31123,93044,0,0,0,0,61,0,195943,978212
18-07-2018,DII,38195,48881,33871,925968,31106,91658,0,0,0,0,273,0,194830,975122
18-07-2018,FII,165866,140319,675653,473117,203468,386464,118025,147133,31578,24768,39863,22361,1487797,940818
18-07-2018,Pro,16751,64164,187183,116332,160711,149497,248819,277589,54953,57074,148316,62492,626169,917712
18-07-2018,TOTAL,420038,420038,1883281,1883281,902441,1259497,902441,1259497,446110,226982,446110,226982,5138349,5138349
18-07-2018,Client,199226,166674,986574,367864,507157,631878,535598,834775,359579,145140,257658,142129,2829554,2304698
19-07-2018,Client,194263,167598,984707,366186,410957,550543,479362,784387,361391,151622,260367,144274,2653483,2202174
19-07-2018,FII,174968,136591,674959,468012,195948,418515,110380,157092,33056,25327,40264,23018,1522773,935357
19-07-2018,TOTAL,421286,421286,1887804,1887804,811504,1199932,811504,1199932,451390,233703,451390,233703,5005619,5005619
19-07-2018,Pro,13860,68216,192814,122131,173505,139216,221763,258453,56887,56754,150411,66411,633036,887385
19-07-2018,DII,38195,48881,35324,931475,31095,91658,0,0,56,0,348,0,196328,980704
20-07-2018,Client,205514,165472,982101,366887,420531,596838,492961,831281,358191,158366,257505,146765,2721541,2260871
20-07-2018,FII,178012,150956,674240,458464,196534,422301,111499,163700,31976,25018,42067,24509,1528081,951195
20-07-2018,TOTAL,437347,437347,1887781,1887781,822657,1256941,822657,1256941,451035,239524,451035,239524,5095285,5095285
20-07-2018,DII,37995,55528,35650,936311,31083,91658,0,0,81,0,503,0,196467,992342
20-07-2018,Pro,15826,65391,195790,126119,174510,146144,218198,261960,60787,56140,150960,68250,649197,890878
23-07-2018,FII,179688,159546,670996,452702,199595,416637,104785,168982,28975,25364,40460,23677,1521255,950152
23-07-2018,TOTAL,441870,441870,1897801,1897801,802804,1329533,802804,1329533,442922,245330,442922,245330,5160260,5160260
23-07-2018,Client,207407,165731,981330,367110,405849,678732,489099,860011,348187,162849,251171,148840,2784354,2281962
23-07-2018,Pro,16780,61060,209398,137219,166294,143146,208921,300540,65704,57117,150707,72813,658439,931260
23-07-2018,DII,37995,55533,36077,940770,31067,91018,0,0,56,0,584,0,196213,996887
24-07-2018,Pro,18778,59822,202952,128636,168236,144446,219206,303250,72151,59773,150566,78357,666336,939837
24-07-2018,FII,184493,164367,683569,455101,195609,418234,96015,177844,26380,26261,41610,25800,1534546,960737
24-07-2018,DII,37665,61260,35593,944018,31053,94057,0,0,37,0,584,0,198405,1005862
24-07-2018,TOTAL,453039,453039,1895568,1895568,824722,1354940,824722,1354940,438046,253162,438046,253162,5219477,5219477
24-07-2018,Client,212103,167590,973454,367813,429825,698203,509502,873846,339478,167128,245286,149005,2820191,2313042
25-07-2018,DII,37640,62870,35239,942879,31039,93951,0,0,46,0,584,0,197915,1006333
25-07-2018,Client,209173,163130,968570,359654,430182,696899,515722,858174,332701,160880,241771,148077,2798405,2286528
25-07-2018,FII,182812,164245,690786,464308,190152,415691,85913,181315,27119,27095,37670,26068,1533655,959519
25-07-2018,TOTAL,448983,448983,1882674,1882674,800428,1352381,800428,1352381,433328,251017,433328,251017,5168811,5168811
25-07-2018,Pro,19358,58738,188079,115833,149056,145840,198794,312892,73462,63042,153303,76872,638837,916432
26-07-2018,Pro,13034,48043,139058,74228,115456,100219,99619,149084,23986,30242,49207,19269,421995,439450
26-07-2018,FII,118403,84265,631227,394639,144941,231427,39473,85309,1561,1249,2357,964,1128808,607007
26-07-2018,TOTAL,354099,354099,1694645,1694645,492362,813557,492362,813557,135155,78379,135155,78379,3568197,3568197
26-07-2018,Client,185522,161286,895506,315873,200937,393031,353271,579164,109454,46888,83591,58146,1831338,1551331
26-07-2018,DII,37140,60505,28854,909905,31029,88880,0,0,154,0,0,0,186057,970410
27-07-2018,FII,136564,93870,649328,402940,160044,233818,44140,100684,12722,12553,14779,9076,1205029,665489
27-07-2018,Pro,14163,53410,145324,76792,141636,120978,121338,191335,31899,34816,63872,28699,488816,535446
27-07-2018,DII,37140,65370,29669,909289,31020,90547,0,0,154,0,0,0,188530,974659
27-07-2018,TOTAL,387789,387789,1727349,1727349,568708,946499,568708,946499,196621,114534,196621,114534,3941500,3941500
27-07-2018,Client,199922,175139,903028,338328,236009,501156,403231,654480,151846,67165,117970,76759,2059126,1765907
30-07-2018,Pro,15916,48004,148287,78857,137614,137537,126739,232693,38303,36819,74689,32762,514476,593744
30-07-2018,TOTAL,406017,406017,1757266,1757266,595762,1055066,595762,1055066,235857,134287,235857,134287,4184255,4184255
30-07-2018,DII,37077,77950,32479,915216,31057,89214,0,0,109,0,0,0,189936,993166
30-07-2018,FII,143103,101747,664174,404793,169341,235277,42873,113194,16995,15479,19169,11935,1244369,693711
30-07-2018,Client,209921,178316,912326,358400,257751,593038,426151,709179,180450,81989,141999,89590,2235475,1903635
31-07-2018,TOTAL,416325,416325,1772735,1772735,651146,1098494,651146,1098494,262810,152412,262810,152412,4353922,4353922
31-07-2018,Pro,17950,53592,148448,79734,159389,143139,143423,245213,40955,40302,83453,38673,550183,644088
31-07-2018,Client,213266,175152,918268,366893,288414,619237,458832,731854,201826,91401,157751,98918,2332412,1989400
31-07-2018,DII,38097,82956,30989,916671,31044,87884,0,0,62,0,40,0,188076,999667
31-07-2018,FII,147012,104625,675030,409437,172300,248234,48892,121427,19967,20709,21566,14821,1283252,720768
01-08-2018,TOTAL,421713,421713,1783512,1783512,769604,1111242,769604,1111242,290054,167571,290054,167571,4543696,4543696
01-08-2018,DII,39089,83522,31995,917631,31044,85877,0,0,62,0,40,0,188067,1001193
01-08-2018,Client,205399,176365,917490,368010,397497,626321,522073,736537,222350,101127,173438,107735,2470184,2084158
01-08-2018,FII,158463,103145,683347,416388,174810,257097,53272,130335,24432,23073,25302,18180,1321222,746622
01-08-2018,Pro,18762,58681,150680,81483,166254,141947,194260,244370,43210,43371,91274,41656,564224,711724
02-08-2018,FII,156412,113511,684872,420278,194404,255957,50792,127599,26430,23995,28312,18647,1342070,759139
02-08-2018,Client,201395,169083,927357,370517,291117,480193,450023,646522,244432,104674,188417,111918,2249168,1936480
02-08-2018,Pro,18726,53001,153011,88154,143333,146905,159083,200143,46516,45347,100671,43451,553838,644503
02-08-2018,TOTAL,415458,415458,1797958,1797958,659897,974264,659897,974264,317440,174016,317440,174016,4339033,4339033
02-08-2018,DII,38925,79863,32718,919009,31044,91209,0,0,62,0,40,0,193958,998912
03-08-2018,FII,165494,125756,685467,422137,197231,247086,49433,133966,27808,25106,30384,20205,1348192,781881
03-08-2018,Client,212140,174947,935360,380234,277359,598791,456292,718205,254040,114372,196845,117704,2392062,2044227
03-08-2018,DII,38575,78627,33036,913010,31032,91209,0,0,62,0,40,0,193914,991677
03-08-2018,Pro,18452,55331,153547,92029,151138,138360,151035,223275,50991,45633,105632,47202,558121,674504
03-08-2018,TOTAL,434661,434661,1807410,1807410,656759,1075446,656759,1075446,332901,185111,332901,185111,4492288,4492288
06-08-2018,TOTAL,444387,444387,1819497,1819497,701223,1155342,701223,1155342,347489,198038,347489,198038,4665976,4665976
06-08-2018,FII,168569,129734,689214,419401,199229,248130,53078,154468,27263,27021,31558,22595,1359426,810834
06-08-2018,DII,38575,78995,33671,911773,30983,91209,0,0,62,0,30,0,194500,990798
06-08-2018,Pro,19570,57065,154270,95268,157918,146755,169168,251359,54156,48153,111953,51232,580822,736045
06-08-2018,Client,217673,178593,942342,393055,313094,669248,478978,749515,266008,122864,203948,124211,2531229,2128300
07-08-2018,DII,38516,80576,34480,916517,30983,93062,0,0,62,0,30,0,197103,997123
07-08-2018,Client,220748,179480,949926,395223,353115,703951,519944,766129,281741,128170,213255,128851,2637651,2202882
07-08-2018,Pro,19899,60043,154769,95419,169502,155687,180334,262761,55903,50883,117413,53906,606643,769876
07-08-2018,FII,172310,131374,692073,424089,201411,246709,54733,170519,28893,27598,35901,23894,1368994,840510
07-08-2018,TOTAL,451473,451473,1831248,1831248,755010,1199409,755010,1199409,366599,206651,366599,206651,4810390,4810390
08-08-2018,DII,38574,85148,34113,918105,30983,93062,0,0,0,0,30,0,196732,1003283
08-08-2018,FII,181694,133670,693760,427192,206094,239350,53328,176418,29421,29759,37004,27174,1380078,854786
08-08-2018,Pro,21115,60857,156140,94685,170978,170688,172404,307824,59517,52616,121902,58840,631054,816512
08-08-2018,TOTAL,462777,462777,1835368,1835368,749074,1291994,749074,1291994,379168,220281,379168,220281,4938662,4938662
08-08-2018,Client,221394,183102,951355,395386,341020,788894,523343,807752,290230,137906,220232,134267,2730799,2264082
09-08-2018,TOTAL,476931,476931,1860277,1860277,667680,1144370,667680,1144370,392234,231136,392234,231136,4772628,4772628
09-08-2018,Client,234053,191151,962068,411252,267826,668975,463286,716113,301510,146658,228251,139416,2581090,2149469
09-08-2018,FII,182916,138011,702030,426785,211205,234315,49799,161648,29962,30837,37006,29869,1391265,843118
09-08-2018,DII,38631,85148,37306,922215,30578,90517,0,0,0,0,87,0,197032,1007450
09-08-2018,Pro,21331,62621,158873,100025,158072,150563,154596,266609,60762,53641,126890,61851,603242,772592
10-08-2018,FII,180806,139134,705553,431790,214663,238988,55389,163017,32588,32286,38519,30139,1404884,857988
10-08-2018,DII,38173,84985,38180,919496,30578,90517,0,0,0,0,167,0,197448,1004648
10-08-2018,Client,235445,191203,957466,412572,319264,666792,488311,731548,320677,146267,240706,142528,2645911,2206868
10-08-2018,TOTAL,476017,476017,1860590,1860590,720136,1150998,720136,1150998,413549,235618,413549,235618,4856908,4856908
10-08-2018,Pro,21593,60695,159391,96732,155632,154701,176437,256433,60284,57065,134157,62951,608666,787405
13-08-2018,FII,177710,144997,711759,431860,221901,250819,65565,173816,31761,32037,38974,29301,1425987,884513
13-08-2018,DII,33553,85991,36470,921576,30578,90642,0,0,0,0,182,0,191243,1007749
13-08-2018,TOTAL,468069,468069,1866266,1866266,807134,1171414,807134,1171414,431360,235378,431360,235378,4979621,4979621
13-08-2018,Pro,19379,55150,158496,96487,162764,175257,211152,252463,58014,58640,141682,62623,632550,819557
13-08-2018,Client,237427,181931,959541,416343,391892,654696,530418,745135,341585,144701,250522,143454,2729842,2267803
14-08-2018,FII,176746,151664,715492,436757,226114,261337,66379,176600,32130,32941,38880,30037,1444760,900317
14-08-2018,Pro,18729,56267,160307,98769,171207,166639,202531,272102,60726,57561,140976,66718,635169,837363
14-08-2018,TOTAL,475213,475213,1880141,1880141,808411,1243589,808411,1243589,436829,244366,436829,244366,5088549,5088549
14-08-2018,Client,247594,181291,967174,420517,380513,718792,539502,794887,343973,153864,256727,147611,2811910,2340535
14-08-2018,DII,32144,85991,37168,924098,30578,96821,0,0,0,0,246,0,196711,1010335
16-08-2018,FII,174999,156003,717657,439987,220500,268604,69627,172255,31990,32430,40466,30033,1446180,908371
16-08-2018,Pro,20413,52887,163082,102951,161054,155273,184981,229630,62134,59405,147290,68659,621361,786398
16-08-2018,TOTAL,478622,478622,1899913,1899913,741807,1117208,741807,1117208,452555,248689,452555,248689,4938794,4938794
16-08-2018,Client,251066,183776,981860,429270,329676,595710,487200,715323,358431,156812,264529,149997,2673555,2230095
16-08-2018,DII,32144,85956,37314,927705,30578,97621,0,0,0,42,270,0,197699,1013931
17-08-2018,TOTAL,495763,495763,1911032,1911032,754242,1207723,754242,1207723,451741,257905,451741,257905,5078406,5078406
17-08-2018,Pro,19057,55491,165705,107231,170135,143365,181015,260597,66977,57915,146239,72814,623154,823387
17-08-2018,FII,179184,167487,726084,436351,243150,276325,76709,175941,33120,33508,42102,33818,1491371,932408
17-08-2018,DII,32144,88030,37751,926767,30578,96821,0,0,0,0,278,0,197294,1015075
17-08-2018,Client,265378,184755,981492,440683,310380,691212,496519,771185,351644,166482,263122,151273,2766588,2307537
20-08-2018,Client,271039,188059,988026,446085,328164,770939,522277,820953,349415,174550,262547,155730,2882133,2395651
20-08-2018,DII,32096,88030,37639,932058,30578,96831,0,0,0,0,286,0,197144,1020374
20-08-2018,FII,181776,171208,729340,431737,248857,284332,80475,189550,32508,33938,42311,34884,1510751,950165
20-08-2018,Pro,21986,59600,166282,111407,179189,146536,184036,288135,70311,59288,147090,77162,643592,867430
20-08-2018,TOTAL,506897,506897,1921287,1921287,786787,1298638,786787,1298638,452234,267776,452234,267776,5233619,5233619
21-08-2018,Client,279917,189006,990805,453810,359390,778205,545733,831579,360268,175976,268248,158341,2944561,2446717
21-08-2018,TOTAL,514300,514300,1926870,1926870,818353,1306350,818353,1306350,465062,272180,465062,272180,5303115,5303115
21-08-2018,DII,32096,91897,38218,932148,30578,96831,0,0,0,0,294,0,197723,1024339
21-08-2018,Pro,20208,57365,170133,111275,182044,147789,195037,288926,71424,61085,152314,79049,652683,883966
21-08-2018,FII,182079,176032,727714,429637,246342,283525,77584,185845,33370,35119,44206,34790,1508149,948094
23-08-2018,FII,189126,181429,728635,433762,231513,291479,79622,180778,35126,36199,47162,36295,1512078,959048
23-08-2018,Pro,20988,57040,177670,122291,170375,153931,185740,283913,73094,63306,160641,81906,659364,891531
23-08-2018,DII,32096,92132,38338,931778,30578,98831,0,0,42,0,291,0,199885,1024201
23-08-2018,TOTAL,521569,521569,1942970,1942970,758774,1232264,758774,1232264,483435,277468,483435,277468,5216480,5216480
23-08-2018,Client,279359,190968,998327,455139,326309,688023,493413,767573,375173,177963,275341,159267,2845154,2341701
24-08-2018,Client,282258,192272,1000675,454882,403636,680921,544977,780713,388901,172523,280184,158918,2928914,2411946
24-08-2018,FII,189588,183190,726185,435523,231198,294192,82587,180548,35807,36460,50099,36380,1513430,968327
24-08-2018,TOTAL,523543,523543,1952202,1952202,835411,1216649,835411,1216649,497539,275767,497539,275767,5301111,5301111
24-08-2018,Pro,19705,55567,186745,130027,170000,141456,207848,255388,72789,66784,166969,80469,657479,896268
24-08-2018,DII,31992,92514,38597,931770,30578,100080,0,0,42,0,287,0,201289,1024571
27-08-2018,Client,281638,200942,989923,457355,360156,814374,522538,848774,368539,177113,272663,158686,2991743,2460958
27-08-2018,TOTAL,531561,531561,1958796,1958796,779053,1368153,779053,1368153,480693,279714,480693,279714,5397970,5397970
27-08-2018,DII,31992,92514,38011,931433,30578,100031,0,0,42,0,287,0,200654,1024234
27-08-2018,Pro,19274,55125,196294,137833,161546,161407,183563,329028,77244,65841,159323,84471,681606,949343
27-08-2018,FII,198657,182980,734568,432175,226774,292341,72953,190351,34868,36760,48420,36557,1523968,963436
28-08-2018,TOTAL,522857,522857,1974144,1974144,784820,1408100,784820,1408100,471881,282252,471881,282252,5444054,5444054
28-08-2018,Client,278403,201875,1000486,458772,380246,850432,525063,863886,357440,178168,264981,159472,3045175,2474049
28-08-2018,FII,193759,175985,736421,433023,216950,296720,63389,199980,32130,36468,48945,36687,1512448,958009
28-08-2018,DII,31992,92247,36485,932748,30578,100031,0,0,42,0,283,0,199128,1025278
28-08-2018,Pro,18703,52750,200752,149601,157047,160917,196369,344234,82269,67616,157672,86093,687304,986719
29-08-2018,Client,282423,200520,999370,460625,450463,785514,554385,836799,350719,174781,261687,158692,3043270,2472708
29-08-2018,FII,192132,185735,761809,446628,207373,304145,59026,210078,29108,35966,47275,37570,1530533,986312
29-08-2018,TOTAL,527779,527779,1985898,1985898,838261,1360303,838261,1360303,463899,281630,463899,281630,5457770,5457770
29-08-2018,Pro,19186,49497,187054,138360,149848,167080,224851,313426,84030,70883,154654,85368,678081,966156
29-08-2018,DII,34038,92027,37665,940285,30578,103564,0,0,42,0,283,0,205887,1032595
30-08-2018,DII,33990,90449,22115,919907,30578,100582,0,0,42,0,0,0,187307,1010356
30-08-2018,TOTAL,370571,370571,1757308,1757308,573656,830021,573656,830021,143315,81031,143315,81031,3755902,3755902
30-08-2018,Pro,9042,35000,136023,83255,121740,130867,127559,159081,23769,33610,54172,20043,455051,479110
30-08-2018,Client,199298,173106,925275,342059,261225,384974,390754,545067,118187,45030,85220,58472,1933989,1594678
30-08-2018,FII,128241,72016,673895,412087,160114,213598,55344,125873,1317,2391,3923,2516,1179556,671759
31-08-2018,TOTAL,390766,390766,1800625,1800625,679574,945783,679574,945783,222478,113254,222478,113254,4152480,4152480
31-08-2018,DII,35020,91545,23089,923645,30578,102000,0,0,42,0,0,0,190729,1015190
31-08-2018,Pro,13873,38538,142972,84864,129285,144910,162466,188449,31389,40676,75969,25896,503105,576182
31-08-2018,Client,211722,173929,955112,360711,343634,454957,450425,612962,178612,59218,127908,77934,2203255,1803869
31-08-2018,FII,130151,86754,679452,431405,176078,243916,66684,144372,12435,13360,18601,9424,1255392,757240
03-09-2018,Client,212966,174452,961133,359106,452534,459178,518138,648623,222717,68659,158896,89523,2377187,1948738
03-09-2018,FII,129870,91302,674107,433924,189057,261775,75851,149149,19024,17349,26730,13842,1291182,790798
03-09-2018,TOTAL,394457,394457,1802271,1802271,804443,989581,804443,989581,278727,133484,278727,133484,4402963,4402963
03-09-2018,Pro,16945,36382,142844,84200,132275,163460,210455,191809,36944,47476,93101,30119,539944,646066
03-09-2018,DII,34676,92321,24187,925041,30578,105168,0,0,42,0,0,0,194651,1017362
04-09-2018,FII,133004,98673,671863,444728,182694,290720,91135,157209,23668,20486,32432,17158,1322435,841335
04-09-2018,Pro,14246,40824,141575,83284,145269,177056,273095,200165,39474,52420,105816,35120,570040,738304
04-09-2018,DII,34446,88259,24438,924907,30578,106488,0,0,42,0,0,0,195992,1013166
04-09-2018,Client,215616,169556,969208,354165,572198,462907,566509,679797,258779,80350,183715,100978,2559058,2054720
04-09-2018,TOTAL,397312,397312,1807084,1807084,930738,1037171,930738,1037171,321963,153256,321963,153256,4647524,4647524
05-09-2018,DII,34462,86922,24220,931825,30578,104439,0,0,42,0,0,0,193741,1018747
05-09-2018,Client,227235,155975,981820,357410,610038,476128,589320,711288,275058,83076,197833,106505,2653355,2118331
05-09-2018,FII,137006,130018,674423,451035,205435,335698,106167,160638,24296,21631,33948,17047,1398489,898853
05-09-2018,TOTAL,412835,412835,1825518,1825518,1007292,1088283,1007292,1088283,339968,158580,339968,158580,4832476,4832476
05-09-2018,Pro,14132,39920,145055,85248,161242,172018,311806,216357,40572,53873,108187,35028,586892,796546
06-09-2018,Pro,13300,43373,148356,88273,145373,159541,224225,218868,43760,54518,116116,38138,564848,728993
06-09-2018,DII,34462,85436,24745,934586,30578,105583,0,0,42,0,0,0,195410,1020022
06-09-2018,TOTAL,423584,423584,1855978,1855978,805827,1051793,805827,1051793,363475,170498,363475,170498,4671155,4671155
06-09-2018,FII,135632,141826,681492,458789,217638,354428,108476,167405,25887,23098,34859,18657,1438175,930012
06-09-2018,Client,240190,152949,1001385,374330,412239,432241,473127,665520,293786,92882,212500,113703,2472723,1992129
07-09-2018,FII,135485,146006,692614,467344,228007,363371,110862,181399,27721,25336,36152,19808,1472534,961571
07-09-2018,Pro,12769,45241,152160,88593,147014,165096,215977,246324,47591,54713,121747,43146,579343,761028
07-09-2018,Client,249864,157803,1014187,387895,419575,509100,498335,714732,304437,103643,221934,120738,2600806,2101437
07-09-2018,DII,35562,84630,25336,940465,30578,104888,0,0,84,0,0,0,196448,1025095
07-09-2018,TOTAL,433680,433680,1884297,1884297,825173,1142455,825173,1142455,379833,183692,379833,183692,4849130,4849130
10-09-2018,FII,138331,158255,694764,479716,225009,408221,127994,186969,30006,26548,40494,21396,1522879,1014824
10-09-2018,Pro,14199,41823,159185,92365,151315,164281,275799,221755,47636,61291,137138,43341,597907,812221
10-09-2018,Client,248421,153757,1030173,388237,563539,464745,566648,732689,343251,102873,243381,125975,2753002,2210687
10-09-2018,DII,35562,82678,25813,949617,30578,104166,0,0,120,0,0,0,196239,1032295
10-09-2018,TOTAL,436513,436513,1909935,1909935,970440,1141413,970440,1141413,421013,190712,421013,190712,5070026,5070026
11-09-2018,FII,132415,171524,696829,486956,237984,413052,141552,183706,30401,26583,42075,20380,1537264,1046193
11-09-2018,DII,35562,79242,26350,953664,30578,103022,0,0,144,0,0,0,195656,1032906
11-09-2018,Pro,17926,43648,161200,92766,151629,172121,342240,205072,46609,63410,144055,44629,612895,872410
11-09-2018,TOTAL,438182,438182,1912291,1912291,1108942,1117027,1108942,1117027,443129,192077,443129,192077,5211648,5211648
11-09-2018,Client,252279,143768,1027912,378905,688752,428832,625151,728249,365975,102084,256999,127068,2865834,2260140
12-09-2018,DII,35573,76351,25572,962278,30578,102447,0,0,192,0,0,0,194362,1038629
12-09-2018,FII,127417,170405,707228,492503,241015,405906,134332,175466,31380,27317,43992,21538,1540263,1038236
12-09-2018,Pro,17958,46395,162915,97332,134649,151617,255026,219820,47857,62005,145225,45758,577001,809556
12-09-2018,Client,252550,140347,1029968,373570,482090,412169,498974,676853,373474,107119,263686,129145,2657370,2082575
12-09-2018,TOTAL,433498,433498,1925683,1925683,888331,1072139,888331,1072139,452903,196441,452903,196441,4968995,4968995
14-09-2018,FII,125145,161640,712008,491148,253769,397731,128046,172498,32288,28414,43564,22658,1549355,1019554
14-09-2018,Client,242454,137156,1020470,375578,452078,487505,511316,719672,372171,117098,270277,130733,2691776,2144732
14-09-2018,DII,35580,79911,25534,959680,30578,102497,0,0,192,0,0,0,194381,1039591
14-09-2018,Pro,17864,42336,162653,94259,140767,147551,237830,243114,52190,59260,143000,51381,580285,811920
14-09-2018,TOTAL,421043,421043,1920665,1920665,877191,1135284,877191,1135284,456841,204772,456841,204772,5015796,5015796
17-09-2018,DII,35633,75985,26262,958014,30578,102547,0,0,192,0,0,0,195212,1033999
17-09-2018,Pro,17824,40936,165398,97396,145981,162452,280842,234781,53188,61730,156044,52950,606573,862949
17-09-2018,FII,123333,167920,710534,498629,246788,396918,129966,176425,33301,30351,45789,22057,1541225,1040786
17-09-2018,Client,243439,135388,1033970,382125,572384,488916,584923,739627,401261,118029,286109,135103,2857999,2263275
17-09-2018,TOTAL,420229,420229,1936164,1936164,995730,1150833,995730,1150833,487942,210110,487942,210110,5201008,5201008
18-09-2018,FII,134226,170475,708593,514949,246393,419677,137289,175435,34610,31488,48236,22624,1574987,1069008
18-09-2018,TOTAL,431781,431781,1954366,1954366,1121280,1113534,1121280,1113534,511917,212296,511917,212296,5345174,5345174
18-09-2018,Client,248491,139648,1045882,384280,691954,438928,643135,724447,422584,114085,297257,136750,2961924,2325517
18-09-2018,DII,35633,74485,26062,954640,30578,102197,0,0,363,0,0,0,194833,1029125
18-09-2018,Pro,13431,47173,173829,100497,152356,152732,340857,213652,54360,66723,166424,52922,613431,921525
19-09-2018,FII,142609,175292,710858,517208,257010,411184,136749,165664,36644,31257,52158,22998,1589562,1070069
19-09-2018,Pro,14532,47566,180746,115460,141127,127938,298995,183555,56341,66616,174041,54657,587300,874274
19-09-2018,Client,237197,137908,1042320,369494,550390,392463,543361,685053,426286,116577,293543,136795,2765233,2166154
19-09-2018,DII,35913,69485,26613,958375,30578,102687,0,0,471,0,0,0,196262,1027860
19-09-2018,TOTAL,430251,430251,1960537,1960537,979105,1034272,979105,1034272,519742,214450,519742,214450,5138357,5138357
21-09-2018,Pro,15598,52225,193182,113575,140738,121016,297716,172337,58447,71892,177857,54351,600873,868061
21-09-2018,DII,35924,58428,26783,953470,30578,100233,0,0,471,0,0,0,193989,1011898
21-09-2018,FII,155374,170564,731474,527991,238864,407324,153383,173833,36929,30692,56423,23049,1600657,1105243
21-09-2018,TOTAL,413477,413477,1913451,1913451,1000098,1014567,1000098,1014567,500856,203852,500856,203852,5046301,5046301
21-09-2018,Client,206581,132260,962012,318415,589918,385994,548999,668397,405009,101268,266576,126452,2650782,2061099
24-09-2018,TOTAL,402523,402523,1911430,1911430,1145970,1052755,1145970,1052755,513948,206321,513948,206321,5232947,5232947
24-09-2018,FII,156500,164789,733757,546959,254824,434288,186292,177604,36388,29340,55904,21313,1645097,1152861
24-09-2018,Pro,19775,49644,197278,116445,152743,129404,356299,184154,64511,72579,186292,59550,636290,952384
24-09-2018,DII,35935,51110,25579,956350,30578,93842,0,0,471,0,0,0,186405,1007460
24-09-2018,Client,190313,136980,954816,291676,707826,395221,603380,690997,412578,104402,271752,125458,2765156,2120243
25-09-2018,Client,177155,134656,937099,280576,638295,459665,576925,743237,394352,108445,266259,125302,2715011,2126955
25-09-2018,FII,155796,169520,753114,550306,270972,442369,208344,169557,36996,28167,54271,21117,1687414,1173115
25-09-2018,TOTAL,389570,389570,1912860,1912860,1110266,1129106,1110266,1129106,503893,211006,503893,211006,5256701,5256701
25-09-2018,Pro,20695,44672,197899,122923,170422,135096,324998,216312,72074,74394,183363,64587,670580,956855
25-09-2018,DII,35924,40722,24748,959055,30578,91976,0,0,471,0,0,0,183697,999777
26-09-2018,FII,160002,169925,762527,546816,277512,465511,216081,174444,36605,27732,55152,20511,1729889,1182929
26-09-2018,Pro,18582,42856,185161,114870,171482,146089,347966,237447,73763,72047,180607,67187,667124,990933
26-09-2018,DII,35916,44726,25493,970313,30593,91756,0,0,471,0,0,0,184229,1015039
26-09-2018,Client,179231,136224,937210,278392,705650,479621,621190,771086,388693,113965,263773,126046,2804370,2196711
26-09-2018,TOTAL,393731,393731,1910391,1910391,1185236,1182977,1185236,1182977,499532,213744,499532,213744,5385611,5385611
27-09-2018,Client,111777,95005,832437,178600,317618,297140,402901,537318,106945,40086,72761,52732,1706003,1339317
27-09-2018,DII,41680,46788,19338,949615,30578,88715,0,0,15,0,0,0,180326,996403
27-09-2018,FII,94939,111051,687132,466272,188541,254589,81910,99715,1751,2202,3833,1503,1229154,764284
27-09-2018,Pro,22443,17995,123262,67682,105915,128991,157841,132402,19953,32423,52070,20476,432987,448466
27-09-2018,TOTAL,270839,270839,1662169,1662169,642651,769435,642651,769435,128664,74711,128664,74711,3548469,3548469
28-09-2018,Pro,20878,24252,128791,58752,126373,158588,193418,159340,29593,38097,71297,31233,502320,538292
28-09-2018,TOTAL,282242,282242,1673343,1673343,731773,881743,731773,881743,187225,102705,187225,102705,3859031,3859031
28-09-2018,FII,104387,112760,709916,473775,181732,284311,95960,109849,10403,8273,12913,6111,1299022,811368
28-09-2018,Client,112617,102846,815479,169962,393091,350079,442396,612554,147229,56196,103015,65361,1874691,1496134
28-09-2018,DII,44360,42384,19157,970854,30578,88765,0,0,0,139,0,0,182999,1013238
01-10-2018,Client,117679,105576,821447,169785,384690,417973,456300,676402,162752,72832,121967,73502,1977373,1603532
01-10-2018,DII,42880,41148,21419,980018,30578,118765,0,0,0,139,0,0,213781,1021166
01-10-2018,FII,105840,114236,731004,485802,208682,297118,103156,125105,14239,10561,16113,9284,1367444,853696
01-10-2018,Pro,18148,23587,133349,71614,143326,172690,207820,205039,40191,40587,79102,41333,548291,628495
01-10-2018,TOTAL,284547,284547,1707219,1707219,767275,1006546,767275,1006546,217182,124119,217182,124119,4106888,4106888
03-10-2018,Client,127237,112569,829054,186040,541609,418697,522435,709692,187566,81213,138861,79976,2185376,1749573
03-10-2018,TOTAL,298096,298096,1723845,1723845,937845,1056203,937845,1056203,247749,141003,247749,141003,4404741,4404741
03-10-2018,DII,45876,42742,22316,978552,30578,138765,0,0,0,139,0,0,237674,1021294
03-10-2018,Pro,19913,20039,135174,70763,148663,199217,293600,212921,42711,43118,89893,46426,588796,733642
03-10-2018,FII,105070,122746,737301,488490,216996,299524,121811,133590,17472,16533,18995,14601,1392896,900233
04-10-2018,FII,100458,155621,746491,498145,201819,336036,142225,129627,21588,18929,22176,16998,1425321,964792
04-10-2018,Pro,24164,25179,139776,76349,138520,184774,262222,196791,44798,48579,101942,49599,580611,712082
04-10-2018,DII,58781,36657,25636,978643,30578,141049,0,0,0,139,0,0,256183,1015300
04-10-2018,TOTAL,316872,316872,1729804,1729804,863079,976183,863079,976183,280865,151683,280865,151683,4318486,4318486
04-10-2018,Client,133469,99415,817901,176667,492163,314324,458633,649765,214479,84036,156747,85086,2056372,1626313
05-10-2018,DII,71335,30811,24053,977398,30578,133122,0,0,0,139,0,0,259227,1008209
05-10-2018,Pro,26237,30346,145236,74793,154133,169588,323468,195879,44924,53736,115780,51094,593854,791360
05-10-2018,Client,139752,100671,807635,171970,610514,324070,518551,667193,242023,84019,169870,90065,2208013,1718320
05-10-2018,TOTAL,338494,338494,1734908,1734908,1015614,1008132,1015614,1008132,310223,158807,310223,158807,4566178,4566178
05-10-2018,FII,101170,176666,757984,510747,220390,381352,173596,145060,23276,20913,24573,17648,1505085,1048290
08-10-2018,DII,80684,29543,23866,967498,30578,141794,0,0,0,0,0,0,276922,997041
08-10-2018,Client,130588,98641,783326,175798,623037,407286,541706,703034,254445,90559,179855,93519,2289241,1792553
08-10-2018,FII,109445,174064,778391,507469,217690,380611,172383,159967,26680,22923,28220,18697,1535740,1060800
08-10-2018,TOTAL,339875,339875,1730438,1730438,1043321,1090157,1043321,1090157,329551,167406,329551,167406,4700748,4700748
08-10-2018,Pro,19158,37627,144855,79673,172017,160466,329233,227156,48426,53924,121476,55190,598846,850355
09-10-2018,Pro,17907,37271,145970,82529,175029,169785,351753,233469,53306,55155,128056,62143,617152,895221
09-10-2018,DII,81912,28958,24128,964112,30578,142730,0,0,0,0,0,0,279348,993070
09-10-2018,FII,103196,166375,787014,509618,225186,371986,179125,168928,28920,25310,30483,20679,1541612,1075208
09-10-2018,Client,124937,95348,773599,174452,673225,431731,573140,713835,267480,100413,191167,98056,2371385,1845998
09-10-2018,TOTAL,327952,327952,1730711,1730711,1104017,1116232,1104017,1116232,349706,180878,349706,180878,4809496,4809496
10-10-2018,Pro,20439,36649,147563,90333,163472,166570,310324,279903,57329,54536,126007,66692,609909,909908
10-10-2018,Client,137835,86592,757585,189073,594218,564542,534129,774034,264460,112554,193599,104446,2431194,1881873
10-10-2018,TOTAL,342528,342528,1731261,1731261,1016616,1223919,1016616,1223919,351928,195213,351928,195213,4861465,4861465
10-10-2018,FII,104699,184645,801658,486597,228349,375845,172164,169982,30139,28123,32322,24075,1568813,1069785
10-10-2018,DII,79555,34642,24455,965258,30578,116962,0,0,0,0,0,0,251550,999900
11-10-2018,Pro,22235,34249,149738,92223,161595,153633,283757,223389,55098,57708,133704,64658,600007,831980
11-10-2018,FII,94073,190973,808440,488716,236797,367850,192458,157176,33059,28497,33631,25379,1568716,1088333
11-10-2018,Client,134571,84619,746374,183446,535190,396272,487945,647619,277856,109809,198678,105977,2200072,1708284
11-10-2018,TOTAL,335915,335915,1729152,1729152,964159,1028184,964159,1028184,366013,196014,366013,196014,4619437,4619437
11-10-2018,DII,85036,26074,24600,964767,30578,110429,0,0,0,0,0,0,250643,990841
12-10-2018,TOTAL,332287,332287,1736530,1736530,958615,1145839,958615,1145839,377771,207930,377771,207930,4758972,4758972
12-10-2018,DII,77780,29074,25101,965708,30578,110817,0,0,0,0,0,0,244276,994782
12-10-2018,Pro,21227,29482,150742,95611,161889,165859,286837,257118,58947,57356,135178,68478,616020,872704
12-10-2018,Client,137204,88710,748919,193376,511741,496792,490028,717185,285763,118885,205831,110818,2299304,1805948
12-10-2018,FII,96076,185021,811768,481835,254408,372371,181751,171536,33061,31689,36762,28634,1599373,1085539
15-10-2018,Client,159082,88270,759442,214935,542854,540321,528393,760067,303806,124361,216251,114741,2429866,1922657
15-10-2018,FII,87295,191867,810027,474957,266328,393602,178675,188038,34517,33064,39720,30151,1624833,1103408
15-10-2018,TOTAL,340466,340466,1751966,1751966,1010946,1218579,1010946,1218579,397882,216022,397882,216022,4935861,4935861
15-10-2018,Pro,21065,29123,156247,99528,171187,174881,303879,270474,59559,58597,141911,71130,641536,916045
15-10-2018,DII,73024,31206,26250,962546,30578,109775,0,0,0,0,0,0,239627,993752
16-10-2018,FII,88734,191770,815220,477111,267534,408915,174993,191428,37115,35109,41043,30063,1652627,1106408
16-10-2018,TOTAL,352374,352374,1770904,1770904,1031824,1268876,1031824,1268876,408320,225649,408320,225649,5057947,5057947
16-10-2018,Client,169833,93841,766615,229742,559837,581975,545937,789209,306979,130332,221342,120825,2515571,2000896
16-10-2018,DII,72922,32905,26747,961277,30578,109378,0,0,0,0,0,0,239625,994182
16-10-2018,Pro,20885,33858,162322,102774,173876,168608,310895,288239,64226,60208,145935,74761,650125,956462
17-10-2018,Client,164045,95622,764421,234704,563645,424688,521009,679501,319427,125238,223478,119895,2361464,1874209
17-10-2018,DII,75411,33961,27840,952908,30578,112870,0,0,0,0,0,0,246699,986869
17-10-2018,FII,92412,183253,827632,491425,254436,401814,168088,175088,36197,34616,41174,29807,1647107,1088835
17-10-2018,Pro,15901,34933,168330,109186,151055,142059,310617,226842,64093,64147,155065,74299,605585,910942
17-10-2018,TOTAL,347769,347769,1788223,1788223,999713,1081431,999713,1081431,419717,224001,419717,224001,4860854,4860854
19-10-2018,Pro,17700,33207,188311,123381,166116,171036,362654,244158,64029,65476,166959,76204,672668,1006563
19-10-2018,DII,86451,29971,29202,956428,30578,132458,0,0,0,0,0,0,278689,986399
19-10-2018,TOTAL,350430,350430,1813825,1813825,1115301,1137931,1115301,1137931,439882,225468,439882,225468,5082838,5082838
19-10-2018,FII,94424,190569,825450,517271,258704,401616,193056,180039,38556,34847,41112,28514,1653597,1150561
19-10-2018,Client,151855,96683,770862,216745,659904,432821,559592,713734,337297,125145,231811,120750,2477884,1939315
22-10-2018,FII,94447,184006,833124,519566,265816,422318,196018,194039,38959,34564,39491,28861,1689228,1161981
22-10-2018,TOTAL,351682,351682,1831591,1831591,1148294,1193815,1148294,1193815,438266,231724,438266,231724,5195373,5195373
22-10-2018,DII,91160,29974,32708,952227,30578,140832,0,0,0,0,0,0,295278,982201
22-10-2018,Client,147432,100463,766837,220305,678596,451447,566438,746290,332465,131129,231538,123101,2507906,1988135
22-10-2018,Pro,18643,37239,198922,139493,173305,179218,385839,253486,66842,66031,167237,79762,702961,1063056
23-10-2018,FII,113054,209343,854863,541178,264466,415406,201969,174104,38241,33428,39057,28100,1719458,1193751
23-10-2018,TOTAL,377900,377900,1863214,1863214,1184165,1173445,1184165,1173445,442239,234675,442239,234675,5275639,5275639
23-10-2018,DII,95286,28652,35396,961486,30578,131285,0,24,0,0,0,0,292545,990162
23-10-2018,Client,150888,107431,770905,217008,709886,460594,574719,755041,332261,132487,231328,124561,2557021,2010088
23-10-2018,Pro,18672,32474,202050,143542,179236,166160,407478,244276,71737,68760,171854,82014,706615,1081638
24-10-2018,FII,139435,227593,869372,549485,273753,405504,205226,156703,38510,33814,39030,25930,1760388,1203967
24-10-2018,DII,95992,30057,40733,969365,32309,129486,0,24,15,0,0,0,298535,999446
24-10-2018,Pro,22628,36021,191599,140541,177077,174901,389401,268166,79782,69870,166988,88458,715857,1089575
24-10-2018,TOTAL,405351,405351,1871306,1871306,1164109,1208122,1164109,1208122,431018,240001,431018,240001,5319908,5319908
24-10-2018,Client,147296,111680,769602,211915,680971,498231,569483,783229,312711,136317,225000,125613,2545128,2026920
25-10-2018,Client,136579,90651,691767,154992,271567,272990,343266,543925,73228,39893,60097,52056,1486024,1244987
25-10-2018,FII,87967,213474,771721,470311,163880,235973,56173,93261,478,5856,879,5624,1265875,839722
25-10-2018,TOTAL,343253,343253,1612103,1612103,579385,788807,579385,788807,97007,77324,97007,77324,3497880,3497880
25-10-2018,DII,91070,27808,27351,919303,33658,130067,0,0,0,0,0,0,282146,947111
25-10-2018,Pro,27637,11320,121264,67497,110281,149777,179947,151621,23301,31575,36031,19644,463835,466060
26-10-2018,FII,96628,223959,885922,527543,171720,325388,78356,111791,10975,16727,10944,15723,1507360,968316
26-10-2018,DII,96322,27797,28908,1019267,33658,126947,0,0,0,0,0,0,285835,1047064
26-10-2018,Client,177950,131952,765510,193802,544287,356830,550837,694901,124973,64735,101686,73444,2034285,1746622
26-10-2018,TOTAL,404220,404220,1811803,1811803,939146,1017835,939146,1017835,174170,124774,174170,124774,4471949,4471949
26-10-2018,Pro,33320,20512,131463,71191,189482,208670,309954,211143,38222,43312,61540,35607,644469,709947
29-10-2018,FII,105853,231976,903243,513064,198882,337844,73982,120408,19340,22618,14362,19188,1587780,972980
29-10-2018,DII,93934,31309,31395,1035646,33658,129067,0,0,0,0,0,0,288054,1066955
29-10-2018,Pro,33376,23506,135743,77077,203619,238880,273364,290127,49174,44957,68779,45884,705749,778737
29-10-2018,Client,166240,112612,751513,196107,443980,529919,532793,825175,138731,80837,124104,83340,2111220,1874131
29-10-2018,TOTAL,399403,399403,1821894,1821894,880138,1235710,880138,1235710,207245,148412,207245,148412,4692803,4692803
30-10-2018,DII,88173,30409,32906,1045300,33658,129067,0,0,0,0,0,0,283804,1075709
30-10-2018,TOTAL,391684,391684,1832152,1832152,1028687,1239112,1028687,1239112,241287,162381,241287,162381,4895304,4895304
30-10-2018,FII,105203,227976,900043,506167,205761,361145,86311,131066,23662,26043,17103,21098,1621857,989721
30-10-2018,Client,166348,115462,763190,202315,589066,504496,620973,827425,164577,87140,144343,91674,2274817,2002192
30-10-2018,Pro,31960,17837,136013,78370,200203,244404,321404,280621,53048,49198,79841,49609,714826,827682
31-10-2018,Client,164954,116695,760148,216050,506216,660560,617170,917988,179064,99336,158665,98290,2370278,2124858
31-10-2018,TOTAL,409638,409638,1849840,1849840,1001389,1429294,1001389,1429294,265489,178903,265489,178903,5134554,5134554
31-10-2018,FII,125485,241885,917203,499985,225836,365252,85333,159080,27925,29195,20402,23940,1690896,1030625
31-10-2018,DII,89256,32424,32718,1051064,33658,127787,0,0,0,0,0,0,283419,1083488
31-10-2018,Pro,29943,18634,139771,82741,235680,275695,298887,352226,58500,50372,86422,56673,789961,895583
01-11-2018,Client,176126,110085,761812,241445,370855,462156,501303,760924,198444,109545,172977,105860,2078938,1892594
01-11-2018,FII,121414,242742,920042,484266,215408,337143,76454,143719,30966,32624,22609,26457,1657597,996247
01-11-2018,TOTAL,403686,403686,1858327,1858327,800249,1161808,800249,1161808,291333,196260,291333,196260,4711664,4711664
01-11-2018,Pro,26058,20220,143570,89204,180329,232138,222493,257165,61923,54091,95747,63943,698109,748772
01-11-2018,DII,80088,30639,32903,1043412,33658,130371,0,0,0,0,0,0,277020,1074051
02-11-2018,FII,139034,243574,916320,469838,257294,355344,83945,165347,34679,36405,23387,29562,1739076,1015653
02-11-2018,DII,74530,28873,32810,1027768,33658,121956,0,0,0,0,0,0,262954,1056641
02-11-2018,Pro,26035,28071,144444,88796,168876,214883,227062,293136,65913,56576,97955,71330,676727,806350
02-11-2018,TOTAL,421952,421952,1839397,1839397,857978,1318110,857978,1318110,302886,214240,302886,214240,4954564,4954564
02-11-2018,Client,182353,121434,745823,252995,398151,625927,546972,859627,202294,121259,181544,113348,2275807,2075920
05-11-2018,Client,186072,118422,759340,259905,478127,691298,601363,925509,223232,129503,195923,121171,2467572,2222293
05-11-2018,FII,140520,250838,908561,471818,264521,381090,82878,164939,36734,37939,24577,30908,1769365,1025958
05-11-2018,TOTAL,424486,424486,1849673,1849673,961170,1406347,961170,1406347,325561,226254,325561,226254,5193492,5193492
05-11-2018,Pro,25084,26625,146825,90494,184865,212003,276930,315899,65595,58812,105061,74175,693184,889184
05-11-2018,DII,72810,28601,34947,1027456,33658,121956,0,0,0,0,0,0,263371,1056057
06-11-2018,TOTAL,407465,407465,1842314,1842314,850998,1169554,850998,1169554,336711,229592,336711,229592,4836635,4836635
06-11-2018,Pro,22018,23380,146119,90883,159235,182681,226349,242127,62749,57718,107840,72099,630520,762678
06-11-2018,DII,72341,28009,33886,1022713,33658,121956,0,0,0,0,0,0,261841,1050722
06-11-2018,FII,140107,243426,898105,474154,282267,397398,88229,170612,37423,39985,25874,32808,1795285,1035103
06-11-2018,Client,172999,112650,764204,254564,375839,467519,536421,756815,236539,131889,202997,124685,2148989,1988132
07-11-2018,TOTAL,410871,410871,1843189,1843189,881628,1248619,881628,1248619,339410,232445,339410,232445,4956163,4956163
07-11-2018,FII,141406,243142,898884,475260,282485,397179,88023,170817,37423,39985,25874,32808,1797362,1035924
07-11-2018,Client,171387,115682,762809,255482,403039,527060,562710,805940,238416,135454,205428,126067,2238165,2071309
07-11-2018,DII,72341,28009,33886,1022713,33658,121956,0,0,0,0,0,0,261841,1050722
07-11-2018,Pro,25737,24038,147610,89734,162447,202424,230896,271862,63571,57006,108108,73570,658795,798208
09-11-2018,Pro,25690,23783,145561,94425,173068,208014,251753,285677,64269,55553,108856,75174,672155,839668
09-11-2018,FII,150822,245372,896601,472274,293660,394407,86473,189523,38779,41483,27392,33999,1815752,1055033
09-11-2018,TOTAL,415024,415024,1848763,1848763,937815,1343888,937815,1343888,350119,241121,350119,241121,5136731,5136731
09-11-2018,Client,169146,117736,773058,258079,437430,610124,599590,868688,247071,144085,213871,131948,2380914,2189912
09-11-2018,DII,69366,28133,33543,1023985,33658,131343,0,0,0,0,0,0,267910,1052118
12-11-2018,Client,166297,114717,775308,258641,596797,571011,689411,859493,269914,145267,226796,137108,2524594,2286166
12-11-2018,TOTAL,413245,413245,1845039,1845039,1096696,1329572,1096696,1329572,373927,245954,373927,245954,5304434,5304434
12-11-2018,DII,68310,28141,32988,1017990,33658,131343,0,0,0,0,0,0,266299,1046131
12-11-2018,Pro,21640,19122,143398,95257,176885,219549,316022,279750,63432,58588,117871,74191,683492,902213
12-11-2018,FII,156998,251265,893345,473151,289357,407669,91264,190329,40581,42099,29260,34655,1830049,1069924
13-11-2018,Client,167445,113857,787604,258047,532490,687576,661969,939348,279378,152768,233703,141828,2607261,2348752
13-11-2018,TOTAL,414227,414227,1862825,1862825,1047276,1458343,1047276,1458343,384815,253932,384815,253932,5421419,5421419
13-11-2018,DII,69345,28141,33298,1022287,33658,129495,0,0,0,0,0,0,265796,1050428
13-11-2018,Pro,24436,18720,149831,100276,182348,222084,289980,323055,63975,58535,120482,77374,701209,929887
13-11-2018,FII,153001,253509,892092,482215,298781,419188,95328,195940,41462,42629,30630,34730,1847153,1092352
14-11-2018,FII,156049,256265,892406,504475,299206,427274,92747,195824,44234,43851,32912,35842,1863020,1118065
14-11-2018,Pro,24900,17055,153756,103788,190063,240862,328410,356237,65853,61060,129813,80388,736494,1015691
14-11-2018,DII,73070,28054,35824,1020147,33658,129529,0,0,0,0,0,0,272081,1048201
14-11-2018,TOTAL,415347,415347,1879285,1879285,1094691,1532698,1094691,1532698,406840,263256,406840,263256,5592118,5592118
14-11-2018,Client,161328,113973,797299,250875,571765,735033,673535,980637,296753,158345,244115,147026,2720523,2410161
15-11-2018,Client,160413,116014,805388,243141,403065,582594,556441,862652,300849,167249,250610,151552,2419558,2180410
15-11-2018,FII,166077,261547,893718,517704,301804,418418,92304,197758,47587,44889,33508,36499,1872493,1139320
15-11-2018,TOTAL,424994,424994,1892534,1892534,893351,1345997,893351,1345997,415855,272690,415855,272690,5245422,5245422
15-11-2018,Pro,26462,18863,156943,108839,154825,215422,244607,285587,67419,60552,131737,84639,681623,874272
15-11-2018,DII,72042,28570,36485,1022850,33658,129563,0,0,0,0,0,0,271748,1051420
16-11-2018,Client,162165,119306,809671,244796,439954,645956,594823,911627,312822,171751,257006,157420,2542319,2284978
16-11-2018,TOTAL,436239,436239,1901447,1901447,948313,1419362,948313,1419362,429347,280892,429347,280892,5415601,5415601
16-11-2018,DII,72215,29494,36529,1014951,33658,129580,0,0,0,0,0,0,271982,1044445
16-11-2018,Pro,27662,20118,158819,108810,170161,218087,250843,305959,69508,62452,137343,85851,706689,908924
16-11-2018,FII,174197,267321,896428,532890,304541,425739,102648,201776,47017,46689,34998,37621,1894611,1177254
19-11-2018,TOTAL,451386,451386,1909360,1909360,975752,1535252,975752,1535252,433223,290606,433223,290606,5595579,5595579
19-11-2018,Client,170888,127704,810905,253797,440133,763404,600290,975943,315154,180975,261480,161251,2681459,2380465
19-11-2018,FII,185014,268332,896646,532356,314655,416976,119884,214993,46756,47563,35503,38938,1907610,1210006
19-11-2018,DII,67675,29694,37035,1009389,33658,129580,0,0,0,0,0,0,267948,1039083
19-11-2018,Pro,27809,25656,164774,113818,187306,225292,255578,344316,71313,62068,136240,90417,738562,966025
20-11-2018,Client,162741,126759,815720,251072,588237,724608,665105,969170,346757,176982,272926,163198,2815045,2448230
20-11-2018,FII,185919,266351,892172,538585,311208,419633,124109,217715,46517,47354,38469,39156,1902803,1224385
20-11-2018,TOTAL,443146,443146,1916970,1916970,1112353,1510964,1112353,1510964,461570,290589,461570,290589,5735592,5735592
20-11-2018,Pro,28278,19634,173008,117001,179250,222407,323139,324079,68296,66253,150175,88235,737492,1022263
20-11-2018,DII,66208,30402,36070,1010312,33658,144316,0,0,0,0,0,0,280252,1040714
21-11-2018,DII,65023,29245,35187,1026450,33658,146814,0,0,0,0,0,0,280682,1055695
21-11-2018,TOTAL,446306,446306,1942924,1942924,1145825,1592535,1145825,1592535,473970,291778,473970,291778,5893338,5893338
21-11-2018,Pro,43598,18280,182172,132629,188819,254545,358013,365169,70049,66933,154430,89626,806116,1118147
21-11-2018,Client,156084,123193,830102,239337,613198,753297,673786,1020883,354623,176257,279424,162935,2883561,2499558
21-11-2018,FII,181601,275588,895463,544508,310150,437879,114026,206483,49298,48588,40116,39217,1922979,1219938
22-11-2018,TOTAL,421840,421840,1945458,1945458,993244,1284777,993244,1284777,477154,283050,477154,283050,5405523,5405523
22-11-2018,DII,68123,28725,35001,1020648,33658,148684,0,0,0,0,0,0,285466,1049373
22-11-2018,Pro,21935,25346,188021,138757,158706,186824,285353,255451,67615,68758,156583,83842,691859,945332
22-11-2018,Client,148310,119502,827433,237271,507026,503444,594818,826011,360893,166240,278691,161338,2513346,2217631
22-11-2018,FII,183472,248267,895003,548782,293854,445825,113073,203315,48646,48052,41880,37870,1914852,1193187
26-11-2018,Client,156435,131511,840642,248166,454443,701531,590875,957963,344254,175682,271574,160272,2672987,2360361
26-11-2018,FII,194476,265271,913336,560459,308342,442947,103779,198161,47188,48457,40993,39674,1954746,1208337
26-11-2018,TOTAL,449484,449484,1990965,1990965,970766,1492842,970766,1492842,463400,288651,463400,288651,5656109,5656109
26-11-2018,Pro,29740,26579,200850,157478,174324,197800,276113,336718,71958,64512,150833,88705,739184,1036426
26-11-2018,DII,68833,26123,36137,1024862,33658,150564,0,0,0,0,0,0,289192,1050985
27-11-2018,FII,183750,265755,921112,571515,294133,433719,94741,193888,44957,48436,41635,39752,1926107,1207286
27-11-2018,Pro,29799,27077,208095,162584,177895,216390,279365,376957,74365,64499,148065,89612,771043,1083660
27-11-2018,DII,72204,26063,39816,1018809,33668,150640,0,0,0,0,0,0,296328,1044872
27-11-2018,Client,159016,125874,832542,248657,475079,770395,606669,1000299,334794,177353,264416,160924,2749179,2406839
27-11-2018,TOTAL,444769,444769,2001565,2001565,980774,1571144,980774,1571144,454116,290288,454116,290288,5742657,5742657
28-11-2018,DII,64008,26363,46255,1010506,33671,149705,0,0,0,0,0,0,293639,1036869
28-11-2018,Client,154888,138255,825400,249003,534888,786290,630065,1015705,338251,174950,261203,163046,2814667,2457278
28-11-2018,FII,188670,256995,927762,592155,271874,456213,87479,202662,44011,48194,39461,38410,1936724,1217162
28-11-2018,TOTAL,446448,446448,1998930,1998930,1009542,1600192,1009542,1600192,460035,294487,460035,294487,5809634,5809634
28-11-2018,Pro,38882,24835,199513,147266,169108,207984,291997,381825,77773,71343,159371,93031,764603,1098325
29-11-2018,Pro,19786,40165,133859,70884,139875,156705,121818,195894,24001,30143,42281,19728,504369,490770
29-11-2018,DII,63903,23752,36342,1006104,33707,120349,0,0,0,0,0,0,254301,1029856
29-11-2018,TOTAL,366142,366142,1799385,1799385,592960,945514,592960,945514,128110,84709,128110,84709,3916820,3916820
29-11-2018,FII,139755,132341,854312,510529,192295,252044,63625,100701,5196,10217,5927,9491,1453819,822614
29-11-2018,Client,142698,169884,774872,211868,227082,416416,407516,648919,98913,44349,79902,55490,1704330,1573580
30-11-2018,FII,141058,132251,879023,535135,213978,299763,86987,115778,17981,17905,16628,14856,1569708,901635
30-11-2018,Pro,19464,40771,141493,77471,161816,188691,163059,229639,31457,32438,56319,24667,575359,591926
30-11-2018,Client,132597,162979,799917,223790,329832,473266,489287,736502,134676,57525,111167,68345,1927813,1792071
30-11-2018,DII,65205,22323,45104,1029141,33707,120199,0,0,0,0,0,0,264215,1051464
30-11-2018,TOTAL,358324,358324,1865537,1865537,739334,1081919,739334,1081919,184114,107868,184114,107868,4337096,4337096
03-12-2018,FII,150041,137169,891799,538561,216866,298939,95209,128443,22889,21082,19662,17906,1601616,936950
03-12-2018,Pro,20208,39610,144656,88823,181607,191967,215616,252699,37054,34043,65248,30099,609535,692095
03-12-2018,Client,132795,164347,810629,235055,442633,557590,561908,789253,161828,71891,136861,79011,2177366,1966436
03-12-2018,DII,59205,21123,47841,1032486,31627,121899,0,0,0,0,0,0,260572,1053609
03-12-2018,TOTAL,362249,362249,1894925,1894925,872734,1170395,872734,1170395,221771,127016,221771,127016,4649090,4649090
04-12-2018,FII,156009,144970,893300,549152,226501,304817,95039,129728,25161,22239,23378,21147,1628027,963414
04-12-2018,DII,59018,21123,49759,1026159,30627,121902,0,0,0,0,0,0,261306,1047282
04-12-2018,Pro,19584,36915,144409,89424,165518,194045,226930,256686,37871,37752,75278,31814,599179,717047
04-12-2018,TOTAL,361292,361292,1899200,1899200,934014,1200598,934014,1200598,252813,140109,252813,140109,4788026,4788026
04-12-2018,Client,126681,158284,811732,234465,511367,579834,612044,814184,189781,80118,154157,87148,2299513,2060283
05-12-2018,DII,61364,21746,50642,1022138,30627,122034,0,0,0,0,0,0,264667,1043884
05-12-2018,FII,160120,167942,883104,558318,235114,287334,97382,134640,30009,25130,25659,21643,1620811,1005584
05-12-2018,Pro,21703,33345,149408,95204,167044,196956,315023,256976,37801,42340,89100,33107,615252,822755
05-12-2018,Client,126802,146956,831147,238641,653695,606518,674075,821226,220225,83708,173276,96428,2522095,2150603
05-12-2018,TOTAL,369989,369989,1914301,1914301,1086481,1212842,1086481,1212842,288035,151178,288035,151178,5022826,5022826
06-12-2018,FII,159121,189235,881893,577525,225607,297304,90434,128982,33324,26299,28556,23042,1623548,1037774
06-12-2018,Client,129350,133443,838069,237610,360412,396240,491731,675651,242998,87439,186533,103403,2054508,1828372
06-12-2018,DII,68556,21041,56196,1019887,30627,121550,0,0,0,0,0,0,276929,1040928
06-12-2018,Pro,20261,33569,152595,93731,150010,175135,184491,185596,37414,47817,98647,35110,583232,631144
06-12-2018,TOTAL,377288,377288,1928753,1928753,766657,990229,766657,990229,313736,161555,313736,161555,4538218,4538218
07-12-2018,DII,74824,20741,58638,1025799,30628,121550,0,0,0,0,0,0,285640,1046540
07-12-2018,Pro,22008,34465,155957,99052,159091,192206,196968,235274,40629,49336,102048,39455,619227,707262
07-12-2018,FII,167132,189689,892761,580723,227428,305307,89393,144169,34608,28332,30648,24710,1655568,1059332
07-12-2018,Client,131862,150931,840899,242681,387814,508731,518600,748351,255604,96466,198145,109969,2221376,1968677
07-12-2018,TOTAL,395826,395826,1948255,1948255,804960,1127794,804960,1127794,330841,174134,330841,174134,4781811,4781811
10-12-2018,FII,154838,189106,886786,587916,229890,305046,92594,142673,36017,30675,33802,28207,1643252,1074298
10-12-2018,TOTAL,375821,375821,1930559,1930559,994228,1179286,994228,1179286,351551,185990,351551,185990,5017435,5017435
10-12-2018,Client,121999,134148,834098,223537,541005,536981,606924,774064,272616,101687,207189,115408,2408386,2061271
10-12-2018,DII,77561,20615,55071,1028854,34637,121550,0,0,0,0,0,0,288819,1049469
10-12-2018,Pro,21423,31952,154604,90252,188695,215709,294709,262549,42918,53628,110560,42375,676977,832397
11-12-2018,DII,79400,19885,53667,1031577,37738,121560,0,0,0,0,0,0,292365,1051462
11-12-2018,FII,151296,191080,892255,582266,250099,328733,103622,174382,37690,32744,35399,30100,1692817,1116849
11-12-2018,Client,126661,127179,820757,216970,621770,725375,670358,881240,288635,110367,218526,122620,2693565,2236893
11-12-2018,Pro,18486,37699,159435,95301,202800,214637,338427,334683,44392,55442,116792,45833,695192,968735
11-12-2018,TOTAL,375843,375843,1926114,1926114,1112406,1390305,1112406,1390305,370717,198553,370717,198553,5373939,5373939
12-12-2018,FII,148476,198611,894962,586932,249970,336631,98166,172134,39126,35391,34870,31522,1704556,1122235
12-12-2018,Pro,30883,32241,164980,100760,192296,237785,319223,409104,48600,53945,118706,52507,728489,1032541
12-12-2018,DII,78163,23130,55201,1041645,37737,119794,0,0,0,207,0,0,291102,1064775
12-12-2018,TOTAL,390722,390722,1947849,1947849,1073195,1563316,1073195,1563316,376627,211620,376627,211620,5563329,5563329
12-12-2018,Client,133200,136740,832706,218512,593191,869106,655805,982078,288901,122077,223051,127591,2839181,2343778
13-12-2018,FII,165848,183456,895357,586611,239518,346960,100053,147696,42327,37008,34502,33142,1727018,1085460
13-12-2018,DII,70882,23946,56049,1035688,35302,101132,0,0,0,207,0,0,263572,1059634
13-12-2018,Pro,26263,31355,165332,103991,162143,206723,248867,308304,50330,53106,121949,59006,663897,873472
13-12-2018,TOTAL,387915,387915,1953602,1953602,884924,1261863,884924,1261863,389920,224981,389920,224981,5103205,5103205
13-12-2018,Client,124922,149158,836864,227312,447960,607048,536003,805863,297263,134660,233469,132833,2448717,2084639
14-12-2018,Client,125076,143128,828300,227300,507818,697173,601433,875820,315633,141456,248354,138069,2615456,2234105
14-12-2018,FII,170015,183339,897875,581602,243301,363458,104126,151737,46024,37666,36199,33342,1758339,1090345
14-12-2018,TOTAL,383627,383627,1948152,1948152,955405,1352084,955405,1352084,414898,233545,414898,233545,5287711,5287711
14-12-2018,Pro,22541,33094,168245,107389,168983,201573,249845,324527,53241,54216,130345,62134,668799,907334
14-12-2018,DII,65995,24066,53732,1031861,35302,89880,0,0,0,207,0,0,245116,1055927
17-12-2018,Client,130759,144608,831317,230220,549714,842383,633842,970760,323691,151118,254742,142714,2828982,2376886
17-12-2018,TOTAL,389065,389065,1952415,1952415,1009034,1529878,1009034,1529878,425933,245532,425933,245532,5551857,5551857
17-12-2018,Pro,25617,29266,172358,113362,181828,227842,273389,397481,55586,55261,134959,68106,718492,1016563
17-12-2018,DII,61221,24253,51729,1030254,33778,89255,0,0,0,207,0,0,236190,1054507
17-12-2018,FII,171468,190938,897011,578579,243714,370398,101803,161637,46656,38946,36232,34712,1768193,1103901
18-12-2018,Client,135198,143879,836084,234079,567770,875040,637343,1015253,330171,155146,259698,146037,2899409,2436289
18-12-2018,DII,57590,24553,48564,1030256,33278,89255,0,0,0,207,0,0,228894,1054809
18-12-2018,FII,173097,204784,895322,576717,243063,377363,96028,162505,47733,39654,37391,34750,1776232,1112175
18-12-2018,Pro,34191,26860,178502,117420,175494,250252,286234,414152,57670,56788,138485,71008,752897,1054159
18-12-2018,TOTAL,400076,400076,1958472,1958472,1019605,1591910,1019605,1591910,435574,251795,435574,251795,5657432,5657432
19-12-2018,Client,140394,152921,840135,238766,602597,930198,665653,1042070,323657,168146,257423,149199,3005127,2506032
19-12-2018,DII,57848,24464,47949,1026674,33278,85583,0,0,0,207,0,0,224865,1051138
19-12-2018,FII,184317,210671,896403,576559,243301,378153,98871,164779,44717,40252,38030,37393,1787143,1126303
19-12-2018,TOTAL,415128,415128,1964842,1964842,1066900,1633567,1066900,1633567,433706,266554,433706,266554,5780697,5780697
19-12-2018,Pro,32569,27072,180355,122843,187724,239633,302376,426718,65332,57949,138253,79962,763562,1097224
20-12-2018,Pro,35071,32245,188255,134004,152542,202206,232600,323157,65035,62400,149492,80371,705509,951869
20-12-2018,DII,57249,24331,45622,1028990,33278,85583,0,0,0,207,0,0,221939,1053321
20-12-2018,Client,140385,153789,854512,239382,446963,684165,548977,861727,342089,165184,264867,151553,2633298,2220295
20-12-2018,FII,188341,210681,889328,575341,247159,374160,98365,161230,46787,40992,39552,36859,1786767,1122028
20-12-2018,TOTAL,421046,421046,1977717,1977717,879942,1346114,879942,1346114,453911,268783,453911,268783,5347513,5347513
21-12-2018,Pro,33610,30614,194280,143231,166476,206972,355839,273978,63744,67518,161806,75494,732600,1040962
21-12-2018,FII,190410,215774,879604,580499,246641,393214,101271,154241,46388,41156,41919,35980,1797413,1129684
21-12-2018,DII,63426,21544,38666,1020114,32278,90979,0,0,0,207,0,0,225556,1041658
21-12-2018,Client,145711,165225,869305,238011,697241,601244,685526,864190,369111,153131,275518,150538,2835743,2379008
21-12-2018,TOTAL,433157,433157,1981855,1981855,1142636,1292409,1142636,1292409,479243,262012,479243,262012,5591312,5591312
24-12-2018,FII,187713,209400,888995,596939,244382,416431,94823,156800,46268,39344,42507,36192,1823133,1136661
24-12-2018,TOTAL,441343,441343,2001990,2001990,1234131,1338149,1234131,1338149,475193,258189,475193,258189,5748995,5748995
24-12-2018,DII,73883,18038,37563,1016116,32278,90979,0,0,0,207,0,0,234910,1034154
24-12-2018,Client,151347,179401,877148,236067,769576,610378,718075,896853,366333,151787,271981,150031,2926569,2452408
24-12-2018,Pro,28400,34504,198284,152868,187895,220361,421233,284496,62592,66851,160705,71966,764383,1125772
26-12-2018,DII,75139,20027,34693,1006387,32278,91009,0,0,0,84,0,0,233203,1026414
26-12-2018,TOTAL,481827,481827,2004667,2004667,1127418,1474889,1127418,1474889,444577,254700,444577,254700,5788078,5788078
26-12-2018,Pro,26753,28683,178663,136193,197352,222447,358218,350015,66115,64381,150901,73274,755711,1097284
26-12-2018,FII,206524,236582,904012,613475,235535,419850,93696,155435,46305,38021,41752,35917,1850247,1176857
26-12-2018,Client,173411,196535,887299,248612,662253,741583,675504,969439,332157,152214,251924,145509,2948917,2487523
27-12-2018,TOTAL,355531,355531,1693964,1693964,650624,829400,650624,829400,101355,77206,101355,77206,3708080,3708080
27-12-2018,FII,147529,144709,774449,494714,132607,224606,32958,61328,3549,8313,301,7447,1291053,741457
27-12-2018,DII,75836,19621,11897,958703,26017,90929,0,0,0,0,0,0,204679,978324
27-12-2018,Pro,16059,27522,125716,75512,137063,159016,161026,166561,19479,31812,34619,12783,489145,478023
27-12-2018,Client,116107,163679,781902,165035,354937,354849,456640,601511,78327,37081,66435,56976,1723203,1510276
28-12-2018,FII,153778,143546,786881,491194,146869,253108,32457,67452,10497,13913,5316,10772,1365046,750737
28-12-2018,DII,72324,19615,12078,970314,26017,89389,0,0,0,0,0,0,199808,989929
28-12-2018,Pro,20424,31079,131049,85382,162019,189628,193410,224547,27457,34718,45334,18163,565295,597915
28-12-2018,Client,128409,180695,797389,180507,416730,478440,525768,718566,107700,49327,95004,69023,1977995,1769563
28-12-2018,TOTAL,374935,374935,1727397,1727397,751635,1010565,751635,1010565,145654,97958,145654,97958,4108144,4108144
31-12-2018,DII,76042,19219,11969,978016,25017,89389,0,0,0,0,0,0,202417,997235
31-12-2018,FII,164952,148135,789457,495072,153098,274229,34277,68769,12833,16183,7177,11881,1410752,765311
31-12-2018,Pro,21179,35467,132565,89323,196872,219320,235685,274055,30914,37494,54303,20376,638344,709209
31-12-2018,TOTAL,393741,393741,1750523,1750523,875325,1121366,875325,1121366,172330,109707,172330,109707,4422992,4422992
31-12-2018,Client,131568,190920,816532,188112,500338,538428,605363,778542,128583,56030,110850,77450,2171479,1951237
01-01-2019,Client,140513,195049,830720,196965,499537,615236,610454,837905,141311,61216,122051,83229,2288533,2045653
01-01-2019,TOTAL,402486,402486,1766673,1766673,893684,1211382,893684,1211382,190629,118889,190629,118889,4583743,4583743
01-01-2019,FII,160384,150688,789094,496188,155103,276532,32552,67922,14928,17246,8463,12785,1413287,768598
01-01-2019,DII,75685,18833,12352,980823,25017,88438,0,0,0,0,0,0,201492,999656
01-01-2019,Pro,25904,37916,134507,92697,214027,231176,250678,305555,34390,40427,60115,22875,680431,769836
02-01-2019,DII,79654,18833,12714,976637,24357,88438,0,0,0,0,0,0,205163,995470
02-01-2019,FII,169205,170209,787724,513301,161448,293155,38223,83499,21800,21430,14941,16767,1454762,836940
02-01-2019,Pro,25164,33359,136210,89021,212487,257356,354344,307481,36555,49828,74868,24645,717600,883718
02-01-2019,TOTAL,410649,410649,1779048,1779048,1115149,1242507,1115149,1242507,234507,138877,234507,138877,4920737,4920737
02-01-2019,Client,136626,188248,842400,200089,716857,603558,722582,851527,176152,67619,144698,97465,2543212,2204609
03-01-2019,Client,141594,186696,865123,201350,530555,392383,585033,706679,204614,74498,163401,106910,2208767,1950069
03-01-2019,TOTAL,420106,420106,1806418,1806418,880905,1009161,880905,1009161,268941,156530,268941,156530,4542061,4542061
03-01-2019,FII,175439,182528,787437,531202,165153,312289,42099,89401,25832,27696,17667,22053,1493846,884950
03-01-2019,Pro,22790,32459,141182,94205,160840,213411,253773,213081,38495,54336,87873,27567,631054,708958
03-01-2019,DII,80283,18423,12676,979661,24357,91078,0,0,0,0,0,0,208394,998084
04-01-2019,DII,78281,18423,12765,984899,24357,91078,0,0,0,0,0,0,206481,1003322
04-01-2019,Client,148460,191045,878330,206504,547547,527908,617544,818897,215029,81579,176701,113806,2398853,2124497
04-01-2019,Pro,28325,33256,143117,100630,195013,239080,268193,258606,43951,54948,90839,30087,704434,781611
04-01-2019,FII,178454,190796,794410,536589,171162,320490,52342,101053,29866,32102,21306,24736,1526484,926822
04-01-2019,TOTAL,433520,433520,1828622,1828622,938079,1178556,938079,1178556,288846,168629,288846,168629,4836252,4836252
07-01-2019,DII,72156,18423,12420,984241,24357,91078,0,0,0,0,0,0,200011,1002664
07-01-2019,TOTAL,430405,430405,1838717,1838717,1011195,1267187,1011195,1267187,304547,178566,304547,178566,5030617,5030617
07-01-2019,Pro,24850,29521,140361,97142,186245,256710,286961,299423,44751,54899,93874,33048,707816,839969
07-01-2019,FII,184854,192673,799782,538645,178600,328307,55233,105092,30708,33167,22873,25929,1555418,940445
07-01-2019,Client,148545,189788,886154,218689,621993,591092,669001,862672,229088,90500,187800,119589,2567372,2247539
08-01-2019,DII,72306,18780,15065,988235,24357,91078,0,0,0,0,0,0,202806,1007015
08-01-2019,Client,171884,199952,901131,234321,607665,708499,671051,933529,239515,99432,198145,124934,2728126,2361932
08-01-2019,Pro,27384,38194,143655,103639,195612,248433,282574,330836,51429,56673,99993,38786,723186,894022
08-01-2019,FII,187711,202359,807826,541482,183535,332084,57544,115729,30725,33867,23531,26252,1575748,966897
08-01-2019,TOTAL,459285,459285,1867677,1867677,1011169,1380094,1011169,1380094,321669,189972,321669,189972,5229866,5229866
09-01-2019,TOTAL,463968,463968,1879489,1879489,1038078,1469573,1038078,1469573,341539,200719,341539,200719,5393366,5393366
09-01-2019,Pro,28638,42411,148934,101938,214526,243969,306509,364000,52628,58831,103994,41154,747526,960006
09-01-2019,DII,68417,18780,15159,982685,24357,91078,0,0,0,0,0,0,199011,1001465
09-01-2019,FII,193970,204908,808393,549882,192151,355263,58096,122482,33457,36649,26143,28249,1619883,989760
09-01-2019,Client,172943,197869,907003,244984,607044,779263,673473,983091,255454,105239,211402,131316,2826946,2442135
10-01-2019,Client,167951,193166,907725,249213,482776,483880,577433,768760,273453,111239,222774,137353,2427024,2148699
10-01-2019,TOTAL,459071,459071,1885440,1885440,874535,1142284,874535,1142284,362894,212454,362894,212454,4936678,4936678
10-01-2019,DII,62384,19030,16373,983388,24357,91078,0,0,0,0,0,0,194192,1002418
10-01-2019,Pro,28503,40232,149542,106174,174963,216690,238925,252441,54226,61010,112396,43590,684934,793758
10-01-2019,FII,200233,206643,811800,546665,192439,350636,58177,121083,35215,40205,27724,31511,1630528,991803
11-01-2019,TOTAL,451102,451102,1894135,1894135,1024505,1216659,1024505,1216659,394013,218399,394013,218399,5198813,5198813
11-01-2019,Pro,32702,36219,153343,108642,189049,241953,293755,264352,52266,63191,121073,43202,732504,867243
11-01-2019,Client,159444,183022,910081,248205,611041,520418,666544,823677,303683,112779,238422,142470,2617446,2302340
11-01-2019,FII,197995,212831,813751,546633,200058,363210,64206,128630,38064,42429,34518,32727,1655507,1019545
11-01-2019,DII,60961,19030,16960,990655,24357,91078,0,0,0,0,0,0,193356,1009685
14-01-2019,Pro,34076,39241,153264,114796,190542,247177,332410,282113,53590,63779,128637,44478,742428,941675
14-01-2019,FII,198404,226383,820596,545506,201961,379446,66936,141560,41393,43549,37872,32687,1685349,1050944
14-01-2019,DII,60979,19030,17363,992734,24357,91078,0,0,54,0,0,0,193831,1011764
14-01-2019,TOTAL,454978,454978,1892713,1892713,1137614,1274084,1137614,1274084,413269,219948,413269,219948,5392606,5392606
14-01-2019,Client,161519,170324,901490,239677,720754,556383,738268,850411,318232,112620,246760,142783,2770998,2388223
15-01-2019,Pro,32603,44938,155372,115624,212967,223664,293573,319641,56789,59505,120847,48108,740900,942731
15-01-2019,TOTAL,472715,472715,1905358,1905358,1090930,1388769,1090930,1388769,403294,225364,403294,225364,5486430,5486430
15-01-2019,DII,58879,18051,20722,996433,24357,89118,0,0,0,0,0,0,193076,1014484
15-01-2019,Client,163084,178601,897625,246004,646142,693436,729413,923784,303482,119724,245826,142807,2823493,2466435
15-01-2019,FII,218149,231125,831639,547297,207464,382551,67944,145344,43023,46135,36621,34449,1728961,1062780
16-01-2019,FII,226691,251773,839479,551327,211198,393291,67397,155317,43361,47197,37476,35972,1761217,1099262
16-01-2019,Client,168781,172392,894843,249491,704834,755420,756302,968294,316177,126413,251523,147713,2966468,2545715
16-01-2019,Pro,30301,39734,155210,115294,217479,222674,334169,336892,56784,61482,127323,51407,743930,1004819
16-01-2019,TOTAL,482182,482182,1910713,1910713,1157868,1460503,1157868,1460503,416322,235092,416322,235092,5662680,5662680
16-01-2019,DII,56409,18283,21181,994601,24357,89118,0,0,0,0,0,0,191065,1012884
17-01-2019,Client,177656,165648,888286,260871,451822,544905,560429,773419,335164,126037,259219,149691,2523870,2169277
17-01-2019,TOTAL,484999,484999,1915100,1915100,857850,1200199,857850,1200199,437569,240038,437569,240038,5135755,5135755
17-01-2019,DII,55109,21943,21427,989671,24357,89785,0,0,0,0,0,0,190678,1011614
17-01-2019,Pro,26330,38488,160213,112935,173261,182313,228405,265046,58572,65483,139209,53399,666172,837482
17-01-2019,FII,225904,258920,845174,551623,208410,383196,69016,161734,43833,48518,39141,36948,1755035,1117382
18-01-2019,DII,55116,22150,21366,996005,24357,89785,0,0,0,0,0,0,190624,1018155
18-01-2019,Pro,28887,37601,161067,115213,150568,176692,226537,263590,58722,67793,146038,59305,643729,848284
18-01-2019,TOTAL,482194,482194,1919895,1919895,868963,1220335,868963,1220335,453637,254159,453637,254159,5199183,5199183
18-01-2019,Client,173246,160495,887965,259454,482510,572201,570357,784410,348057,136229,264749,154802,2600208,2194267
18-01-2019,FII,224945,261948,849497,549223,211528,381657,72069,172335,46858,50137,42850,40052,1764622,1138477
21-01-2019,TOTAL,486960,486960,1939277,1939277,891798,1279877,891798,1279877,462927,265696,462927,265696,5326535,5326535
21-01-2019,DII,52804,30256,21476,991336,24357,91460,0,0,0,0,0,0,190097,1021592
21-01-2019,Client,176036,157716,892374,270093,483544,633404,583404,817568,356987,145290,265817,158030,2687635,2252628
21-01-2019,Pro,29190,38686,164592,120947,159466,174890,237001,284909,58996,69214,153675,64967,656348,900185
21-01-2019,FII,228930,260302,860835,556901,224431,380123,71393,177400,46944,51192,43435,42699,1792455,1152130
22-01-2019,Client,174235,152977,887313,278035,525814,600541,605267,823944,375624,148230,272037,160567,2711757,2292827
22-01-2019,DII,52809,30738,22510,990572,24444,91460,0,0,0,0,0,0,191223,1021310
22-01-2019,TOTAL,479270,479270,1947785,1947785,938094,1281214,938094,1281214,482147,271189,482147,271189,5399699,5399699
22-01-2019,FII,223581,260615,868894,552795,229343,416444,75941,181725,48015,51882,47479,43652,1838159,1162207
22-01-2019,Pro,28645,34940,169068,126383,158493,172769,256886,275545,58508,71077,162631,66970,658560,923355
23-01-2019,FII,218311,258021,864240,550523,226849,442921,85282,207685,47673,51887,50929,44584,1851881,1197024
23-01-2019,DII,54803,31291,21986,992890,24444,90813,0,0,36,0,0,0,192082,1024181
23-01-2019,TOTAL,480476,480476,1947587,1947587,1078383,1264085,1078383,1264085,501716,272600,501716,272600,5544847,5544847
23-01-2019,Client,177361,155174,888358,273432,661977,543674,674850,803536,393934,146925,278165,161224,2812229,2346381
23-01-2019,Pro,30001,35990,173003,130742,165113,186677,318251,252864,60073,73788,172622,66792,688655,977261
24-01-2019,Pro,23767,34892,175908,141451,139588,150250,232630,205684,63393,71869,173003,70484,624775,858144
24-01-2019,FII,216729,260559,881987,558171,220006,429209,85448,206063,48354,53084,51958,44489,1849369,1206688
24-01-2019,Client,174617,147049,885190,275864,456737,461595,522697,720100,389992,151417,276778,161397,2519548,2103885
24-01-2019,TOTAL,473941,473941,1967406,1967406,840775,1131847,840775,1131847,501739,276370,501739,276370,5192078,5192078
24-01-2019,DII,58828,31441,24321,991920,24444,90793,0,0,0,0,0,0,198386,1023361
25-01-2019,FII,226927,254737,889047,569714,223247,437272,89510,208410,48285,52492,56394,45853,1877270,1224618
25-01-2019,DII,54913,33131,23742,995927,24444,90823,0,0,0,0,0,0,193922,1029058
25-01-2019,Client,168433,148201,870418,259946,541532,458185,581941,737405,407333,143142,280681,158945,2589043,2167119
25-01-2019,Pro,23771,37975,184952,142572,130869,168774,248641,209239,63469,75938,182012,66774,647773,887213
25-01-2019,TOTAL,474044,474044,1968159,1968159,920092,1155054,920092,1155054,519087,271572,519087,271572,5308008,5308008
28-01-2019,TOTAL,468339,468339,1965703,1965703,1085689,1153992,1085689,1153992,520385,268289,520385,268289,5462397,5462397
28-01-2019,Client,155196,152374,849481,232831,703982,443717,646538,740249,410859,142866,277688,155237,2706101,2204917
28-01-2019,DII,60581,30718,24146,995405,24444,90823,0,0,0,0,0,0,199994,1026123
28-01-2019,FII,231127,246144,905781,591407,218228,459867,114592,214365,47603,50962,57293,45868,1913568,1269669
28-01-2019,Pro,21435,39103,186295,146060,139035,159585,324559,199378,61923,74461,185404,67184,642734,961688
29-01-2019,Pro,18217,35679,192057,153962,151816,161060,351629,203719,65539,74860,181090,72239,663549,998318
29-01-2019,FII,242285,261233,918240,608298,228323,460409,121128,214892,48371,50771,57360,46498,1948399,1309409
29-01-2019,TOTAL,483605,483605,1995209,1995209,1115041,1166892,1115041,1166892,514838,275860,514838,275860,5551445,5551445
29-01-2019,Client,152938,150554,862874,235459,710458,454600,642284,748281,400763,150229,276388,157123,2731862,2210089
29-01-2019,DII,70165,36139,22038,997490,24444,90823,0,0,165,0,0,0,207635,1033629
30-01-2019,DII,66165,31889,21765,994361,24444,88899,0,0,487,0,0,0,201760,1026250
30-01-2019,FII,240896,283205,939708,620956,234973,459036,132010,206430,47247,51214,55712,46221,1973074,1344534
30-01-2019,Pro,15210,39867,186366,139787,144033,157813,334774,229060,66599,73350,175916,71610,643371,991014
30-01-2019,TOTAL,488222,488222,2000709,2000709,1082756,1212120,1082756,1212120,498755,273899,498755,273899,5556461,5556461
30-01-2019,Client,165951,133261,852870,245605,679306,506372,615972,776630,384422,149335,267127,156068,2738256,2194663
31-01-2019,FII,108823,157429,880814,516739,180496,284170,57554,144118,3305,10438,2670,9672,1468046,888182
31-01-2019,Pro,14729,27298,118595,74753,118775,137188,117408,155020,21042,29744,41985,22249,440073,438713
31-01-2019,TOTAL,321854,321854,1762208,1762208,545858,860632,545858,860632,121202,94232,121202,94232,3705986,3705986
31-01-2019,DII,59645,30596,11414,965700,24484,89009,0,0,546,0,0,0,185098,996296
31-01-2019,Client,138657,106531,751385,205016,222103,350265,370896,561494,96309,54050,76547,62311,1612769,1382795
01-02-2019,Client,129076,113114,753524,222448,407614,436027,501291,619798,146265,77450,117492,79340,1949956,1653483
01-02-2019,TOTAL,333350,333350,1803943,1803943,767658,960183,767658,960183,196119,133882,196119,133882,4195135,4195135
01-02-2019,DII,55869,32572,14355,964791,24474,90302,0,0,644,0,0,0,185644,997363
01-02-2019,Pro,19048,30628,125891,89036,138255,138942,195331,185190,32156,35778,62377,32641,490070,595203
01-02-2019,FII,129357,157036,910173,527668,197315,294912,71036,155195,17054,20654,16250,21901,1569465,949086
04-02-2019,Client,137645,111981,763119,233031,429417,532076,527726,704921,182051,94481,144309,95306,2138789,1817274
04-02-2019,FII,131165,161562,917631,535382,199617,322784,74030,165742,21809,24656,20261,24990,1617662,981967
04-02-2019,TOTAL,339172,339172,1828041,1828041,802363,1106448,802363,1106448,245028,162036,245028,162036,4483088,4483088
04-02-2019,Pro,18601,31657,130814,96853,148855,161276,200607,235785,40524,42899,80283,41740,542969,686925
04-02-2019,DII,51761,33972,16477,962775,24474,90312,0,0,644,0,175,0,183668,996922
05-02-2019,DII,47749,38472,17416,957459,24444,90312,0,0,688,0,295,0,180609,996226
05-02-2019,Pro,20532,32620,138123,96876,146380,150284,212524,234674,47504,46854,90493,49003,549677,716190
05-02-2019,TOTAL,351421,351421,1837236,1837236,844353,1161716,844353,1161716,276782,182022,276782,182022,4653530,4653530
05-02-2019,FII,141996,164056,917912,544002,206126,322934,75181,171025,23646,26091,21592,26450,1638705,1002306
05-02-2019,Client,141144,116273,763785,238899,467403,598186,556648,756017,204944,109077,164402,106569,2284539,1938808
06-02-2019,DII,45345,43644,19186,959094,24459,95262,0,0,688,12,530,0,184952,1003268
06-02-2019,FII,176051,165161,927235,538645,213747,330760,74993,180331,25392,30230,22114,30380,1703415,1011624
06-02-2019,Pro,22525,46169,142599,105968,165040,151335,213250,288169,56309,47281,92536,57877,585089,803969
06-02-2019,TOTAL,392653,392653,1848070,1848070,872467,1277894,872467,1277894,291965,204464,291965,204464,4887513,4887513
06-02-2019,Client,148732,137679,759050,244363,469221,700537,584224,809394,209576,126941,176785,116207,2414057,2068652
07-02-2019,DII,44123,45334,21120,962984,24459,102720,0,0,688,12,563,0,193122,1008881
07-02-2019,FII,183550,160349,931783,533919,208085,318433,57014,179004,29358,33027,24616,32852,1704236,987754
07-02-2019,Pro,24866,47214,143631,110978,130201,126516,153077,224672,57700,47404,96564,61330,530318,693835
07-02-2019,TOTAL,396172,396172,1853304,1853304,680893,1069850,680893,1069850,310049,217506,310049,217506,4527774,4527774
07-02-2019,Client,143633,143275,756770,245423,318148,522181,470802,666174,222303,137063,188306,123324,2100098,1837304
08-02-2019,FII,186979,166380,934668,553843,228999,325667,57626,176669,31743,35103,28572,34532,1743159,1017622
08-02-2019,Client,143156,134096,768882,250413,395353,501338,529428,693298,257738,139477,205451,132192,2205944,1944878
08-02-2019,DII,39582,49550,22072,956001,24469,105000,0,0,688,12,605,0,191823,1006156
08-02-2019,TOTAL,392187,392187,1875597,1875597,776681,1076260,776681,1076260,346462,228581,346462,228581,4695768,4695768
08-02-2019,Pro,22470,42161,149975,115340,127860,144255,189627,206293,56293,53989,111834,61857,554842,727112
11-02-2019,TOTAL,400704,400704,1896435,1896435,875715,1153617,875715,1153617,373226,242215,373226,242215,4941912,4941912
11-02-2019,DII,39482,49225,23584,961790,24469,105614,0,0,688,0,605,0,193837,1011620
11-02-2019,Pro,22077,37293,156281,118760,142840,153450,234305,232088,57126,54943,121713,65990,586717,810149
11-02-2019,FII,195950,171295,935563,563660,233117,340770,58711,174016,35149,38913,31213,38642,1779462,1037537
11-02-2019,Client,143195,142891,781007,252225,475289,553783,582699,747513,280263,148359,219695,137583,2381896,2082606
12-02-2019,TOTAL,400334,400334,1913688,1913688,1019623,1147608,1019623,1147608,391279,249881,391279,249881,5122413,5122413
12-02-2019,Pro,24478,37382,159459,127734,143709,167864,298649,230018,56068,56725,128825,66949,608303,889557
12-02-2019,Client,136839,145195,794528,248324,616252,512786,651601,741760,295694,152393,228344,144210,2508492,2159434
12-02-2019,FII,202435,170658,935181,571958,235193,360758,69373,175830,38820,40763,33505,38722,1813150,1060046
12-02-2019,DII,36582,47099,24520,965672,24469,106200,0,0,697,0,605,0,192468,1013376
13-02-2019,DII,36582,47035,26638,962543,24469,106232,0,0,688,0,605,0,194609,1010183
13-02-2019,TOTAL,407790,407790,1921427,1921427,1106411,1145710,1106411,1145710,416133,255519,416133,255519,5252990,5252990
13-02-2019,Pro,24836,36240,161877,129758,138031,166457,338891,211716,57624,59095,135382,68351,607920,920338
13-02-2019,FII,212877,174851,933026,575944,232582,362774,72609,180364,41396,40970,38348,40719,1823625,1082835
13-02-2019,Client,133495,149664,799886,253182,711329,510247,694911,753630,316425,155454,241798,146449,2626836,2239634
14-02-2019,TOTAL,385652,385652,1939292,1939292,770459,1012234,770459,1012234,415848,264368,415848,264368,4787853,4787853
14-02-2019,Pro,27415,25278,162151,141956,109545,145499,202731,185353,59515,57768,134178,73891,561893,763387
14-02-2019,FII,185282,192743,937892,581410,226905,365836,78628,163752,45853,43528,40204,40615,1805296,1097352
14-02-2019,DII,36298,29835,32713,966758,24474,104227,0,0,688,0,605,0,198400,997198
14-02-2019,Client,136657,137796,806536,249168,409535,396672,489100,663129,309792,163072,240861,149862,2222264,1929916
15-02-2019,DII,48613,30395,28296,965238,24474,101999,0,0,688,0,605,0,204070,996238
15-02-2019,FII,185931,206608,936967,579277,223151,380470,86021,173834,51138,45498,40455,41039,1823155,1127234
15-02-2019,Client,135291,131849,798829,243624,517617,439366,564521,718154,328460,153936,251819,148316,2373499,2058283
15-02-2019,TOTAL,396252,396252,1930559,1930559,882106,1082917,882106,1082917,437338,261385,437338,261385,4990557,4990557
15-02-2019,Pro,26417,27400,166467,142420,116864,161082,231564,190929,57052,61951,144459,72030,589833,808802
18-02-2019,Pro,30963,25508,171590,150189,138873,171999,295194,191115,57031,64238,153998,74299,634694,890303
18-02-2019,TOTAL,409288,409288,1950059,1950059,1030039,1102423,1030039,1102423,459738,268486,459738,268486,5220033,5220033
18-02-2019,Client,145380,140861,806108,251018,643335,445448,641886,732073,350056,159003,263686,152457,2549330,2181981
18-02-2019,DII,47053,30143,28935,963563,25110,96999,0,0,688,0,605,0,198785,994311
18-02-2019,FII,185892,212776,943426,585289,222721,387977,92959,179235,51963,45245,41449,41730,1837224,1153438
19-02-2019,FII,190943,206039,952224,588751,221722,381774,93920,174823,52311,46580,43671,42808,1845554,1150012
19-02-2019,Client,141676,145811,804258,253524,673876,472275,658616,752647,350088,165506,266576,155290,2607679,2232464
19-02-2019,TOTAL,408078,408078,1960149,1960149,1053775,1122972,1053775,1122972,464020,276455,464020,276455,5285449,5285449
19-02-2019,Pro,25906,27582,173856,152875,133124,175542,301239,195502,60933,64369,153168,78357,633730,908723
19-02-2019,DII,49553,28646,29811,964999,25053,93381,0,0,688,0,605,0,198486,994250
20-02-2019,Pro,22576,29718,178314,160878,139645,172032,269862,260557,66291,61262,147402,85301,640120,953718
20-02-2019,TOTAL,401198,401198,1974960,1974960,982240,1265217,982240,1265217,457600,289915,457600,289915,5371130,5371130
20-02-2019,DII,45869,27144,29716,970329,25063,91301,0,0,688,0,605,0,192637,998078
20-02-2019,FII,197043,203341,955652,586284,244010,389165,91268,175463,52678,47862,43848,45999,1886410,1146203
20-02-2019,Client,135710,140995,811278,257469,573522,612719,621110,829197,337943,180791,265745,158615,2651963,2273131
21-02-2019,Pro,23106,27257,184005,164178,117303,132996,188348,184173,68832,59689,147373,90191,585931,801520
21-02-2019,DII,45747,24840,30068,973253,24397,91045,0,0,688,0,606,0,191945,998699
21-02-2019,Client,134258,138716,811482,264149,380753,461209,484437,699407,332559,189498,261391,159411,2309759,2007511
21-02-2019,FII,188969,201267,958424,582399,232387,360108,82055,161778,51516,47891,44225,47476,1839295,1119200
21-02-2019,TOTAL,392080,392080,1983979,1983979,754840,1045358,754840,1045358,453595,297078,453595,297078,4926930,4926930
22-02-2019,DII,38434,24414,32665,977062,24397,91047,0,0,688,0,605,0,187231,1002081
22-02-2019,FII,188416,199843,952773,589205,228836,362582,86189,152548,50869,49290,44122,49488,1832766,1121395
22-02-2019,TOTAL,391483,391483,1997376,1997376,849632,1087069,849632,1087069,454940,302937,454940,302937,5083437,5083437
22-02-2019,Pro,27471,26907,194798,170210,124240,144856,214867,189921,69436,59987,150200,91543,620788,843648
22-02-2019,Client,137162,140319,817140,260899,472159,488584,548576,744600,333947,193660,260013,161906,2442652,2116313
25-02-2019,FII,190634,200073,950099,602812,241423,347818,80163,156248,49965,49946,42006,48767,1829885,1130069
25-02-2019,Pro,26024,34671,203635,174718,154990,152585,220570,240784,72455,60517,153336,94232,670206,918311
25-02-2019,DII,37134,20602,29038,972713,24397,89919,0,0,688,0,605,0,181176,993920
25-02-2019,Client,140241,138687,819236,251765,419591,614856,539668,808146,332327,196100,259488,163564,2522351,2161318
25-02-2019,TOTAL,394033,394033,2002008,2002008,840401,1205178,840401,1205178,455435,306563,455435,306563,5203618,5203618
26-02-2019,FII,187548,205707,964860,602081,238034,346139,79435,161509,50098,47949,42131,49778,1834628,1140641
26-02-2019,DII,36266,16389,27001,964355,24397,99386,0,0,688,0,605,0,187738,981349
26-02-2019,Client,131389,118042,792056,241130,461394,563553,565190,778076,316828,192792,250180,157362,2458012,2109980
26-02-2019,TOTAL,376873,376873,1982707,1982707,887085,1181643,887085,1181643,442515,302800,442515,302800,5173623,5173623
26-02-2019,Pro,21670,36735,198790,175141,163260,172565,242460,242058,74901,62059,149599,95660,693245,941653
27-02-2019,Pro,19378,41046,174422,149621,158811,183014,277035,249895,74484,65831,144597,90039,675940,952233
27-02-2019,DII,34530,15523,24887,955562,25397,106052,0,0,688,0,605,0,191554,971690
27-02-2019,TOTAL,385244,385244,1934719,1934719,961292,1220541,961292,1220541,426757,295962,426757,295962,5224515,5224515
27-02-2019,Client,134371,118642,762701,225382,534670,555801,603408,786332,301788,181521,237846,155381,2470852,2126991
27-02-2019,FII,196965,210033,972709,604154,242414,375674,80849,184314,49797,48610,43709,50542,1886169,1173601
28-02-2019,FII,101694,98883,881849,489015,137661,268553,47437,135804,3934,7454,5991,7939,1401145,785069
28-02-2019,TOTAL,258639,258639,1704039,1704039,523077,845612,523077,845612,114755,88521,114755,88521,3534643,3534643
28-02-2019,Client,106878,111125,702749,191915,230403,342770,353371,542889,85713,51996,72728,58418,1520509,1330446
28-02-2019,DII,34979,16069,7974,927067,25397,105980,0,0,0,0,0,0,174330,943136
28-02-2019,Pro,15088,32562,111467,96042,129616,128309,122269,166919,25108,29071,36036,22164,438659,475992
01-03-2019,Pro,16940,40860,120039,102268,144076,134405,152890,207835,32478,31956,53853,30740,479894,588446
01-03-2019,DII,34987,16040,10052,930300,25397,106598,0,0,0,0,0,0,177034,946340
01-03-2019,Client,119973,120351,728195,215599,290083,478423,408952,659307,124972,70849,106671,74265,1812495,1585145
01-03-2019,FII,101041,95690,894247,504366,152479,289956,50193,142240,16697,17126,13623,14926,1471546,821038
01-03-2019,TOTAL,272941,272941,1752533,1752533,612035,1009382,612035,1009382,174147,119931,174147,119931,3940969,3940969
05-03-2019,DII,33302,15341,15265,927865,25457,86634,0,0,0,0,0,0,160658,943206
05-03-2019,Pro,18503,46389,129233,109010,185321,155979,188427,296104,44830,33913,62057,42634,567779,744621
05-03-2019,Client,137956,133561,736168,244099,316680,719939,456624,807208,142118,97220,128697,89646,2150081,1859835
05-03-2019,TOTAL,294456,294456,1785249,1785249,698823,1254978,698823,1254978,208467,153646,208467,153646,4395619,4395619
05-03-2019,FII,104695,99165,904583,504275,171365,292426,53772,151666,21519,22513,17713,21366,1517101,847957
06-03-2019,TOTAL,302866,302866,1799509,1799509,799123,1350693,799123,1350693,241572,169082,241572,169082,4662845,4662845
06-03-2019,FII,106007,96459,903956,501591,189714,293061,52665,166109,24886,24568,20024,22897,1542192,859745
06-03-2019,Pro,18887,51067,134367,109678,172457,153169,223470,332636,49599,38157,76010,47003,566636,839864
06-03-2019,DII,33295,16461,18056,919175,25457,87661,0,0,0,0,0,0,164469,935636
06-03-2019,Client,144677,138879,743130,269065,411495,816802,522988,851948,167087,106357,145538,99182,2389548,2027600
07-03-2019,DII,33295,20331,20516,917519,33457,88017,0,0,0,0,0,0,175285,937850
07-03-2019,Pro,21277,52971,139703,113897,155328,114575,168397,209351,50845,40084,81517,50905,521812,677038
07-03-2019,Client,149877,144786,761411,283294,292823,521252,462981,627358,188495,119165,162641,107998,2033023,1789058
07-03-2019,TOTAL,313770,313770,1818347,1818347,689395,1000957,689395,1000957,266055,185602,266055,185602,4274126,4274126
07-03-2019,FII,109321,95682,896717,503637,207787,277113,58017,164248,26715,26353,21897,26699,1544006,870180
08-03-2019,TOTAL,315011,315011,1828900,1828900,776757,1140016,776757,1140016,294209,194292,294209,194292,4549185,4549185
08-03-2019,Pro,20927,50773,145955,117496,164968,134638,206554,237818,50755,42615,91824,51117,559858,755582
08-03-2019,FII,113104,103266,886331,512841,230416,286909,65280,175218,29462,29065,24271,27367,1575287,908243
08-03-2019,Client,147752,140633,775299,288040,347916,630812,504923,726980,213992,122612,178114,115808,2238383,1954498
08-03-2019,DII,33228,20339,21315,910523,33457,87657,0,0,0,0,0,0,175657,930862
11-03-2019,TOTAL,340024,340024,1827815,1827815,837691,1307085,837691,1307085,297796,211205,297796,211205,4821616,4821616
11-03-2019,Client,163521,150392,763439,295040,371983,776161,523803,821720,208931,141538,182916,122313,2425573,2096184
11-03-2019,DII,34228,24921,22444,902886,33457,88457,0,0,0,0,0,0,178586,927807
11-03-2019,FII,119578,111520,895420,507744,250023,282021,70357,179489,30443,29199,24105,28616,1606684,921831
11-03-2019,Pro,22697,53191,146512,122145,182228,160446,243531,305876,58422,40468,90775,60276,610773,875794
12-03-2019,FII,149799,122898,898632,507107,274596,293978,71263,225249,31944,31363,27024,30443,1680312,983984
12-03-2019,Pro,23523,60510,147335,128545,190275,163646,228182,344074,64460,40285,96724,66871,629524,924906
12-03-2019,DII,34228,32686,24033,893191,33457,88457,0,0,0,0,0,0,180175,925877
12-03-2019,TOTAL,382934,382934,1839748,1839748,849056,1451006,849056,1451006,315112,225439,315112,225439,5063295,5063295
12-03-2019,Client,175384,166840,769748,310905,350728,904925,549611,881683,218708,153791,191364,128125,2573284,2228528
13-03-2019,Client,191444,201507,780692,317833,369059,962177,568327,902238,236591,159830,203449,135797,2699793,2329151
13-03-2019,TOTAL,417584,417584,1855584,1855584,886481,1533445,886481,1533445,336111,235368,336111,235368,5264573,5264573
13-03-2019,DII,34228,34469,26010,889389,33457,88457,0,0,0,0,0,0,182152,923858
13-03-2019,Pro,23132,63068,154025,130167,189108,162098,229525,362431,65615,43399,104823,69003,637377,959017
13-03-2019,FII,168780,118540,894857,518195,294857,320713,88629,268776,33905,32139,27839,30568,1745251,1052547
14-03-2019,Client,189744,208032,785975,321744,298898,665247,486808,689197,253167,168758,214889,143188,2361789,2063858
14-03-2019,FII,171676,116178,899111,519166,279791,298951,82311,253626,35921,32667,30165,31144,1718117,1032590
14-03-2019,TOTAL,421056,421056,1864052,1864052,762495,1191225,762495,1191225,356449,246368,356449,246368,4841645,4841645
14-03-2019,Pro,25907,57335,154973,137745,150349,135391,193376,248402,67361,44943,111395,72036,578924,820289
14-03-2019,DII,33729,39511,23993,885397,33457,91636,0,0,0,0,0,0,182815,924908
15-03-2019,DII,33719,39603,26452,887673,33108,93966,0,0,0,0,0,0,187245,927276
15-03-2019,Pro,28401,55928,158871,135020,169110,157690,223549,293060,71127,47323,114331,76532,632522,898420
15-03-2019,TOTAL,472409,472409,1902114,1902114,830846,1366407,830846,1366407,365174,255343,365174,255343,5192293,5192293
15-03-2019,FII,204581,125241,891856,552132,295702,314804,93780,294469,36457,33908,31855,31809,1777308,1129286
15-03-2019,Client,205708,251637,824935,327289,332926,799947,513517,778878,257590,174112,218988,147002,2595218,2237311
18-03-2019,DII,33387,41669,26917,887331,31258,94811,0,0,0,0,0,0,186373,929000
18-03-2019,FII,211271,122380,887129,559757,298217,331434,109584,291565,36922,36066,32336,33032,1801040,1148654
18-03-2019,Pro,26822,54389,162334,140663,163612,161857,265313,314579,72638,48407,119309,81455,635670,975708
18-03-2019,TOTAL,479054,479054,1924324,1924324,961183,1439502,961183,1439502,382299,266337,382299,266337,5452699,5452699
18-03-2019,Client,207574,260616,847944,336575,468096,851400,586286,833358,272739,181863,230654,151849,2829617,2399338
19-03-2019,DII,38629,41697,28059,886317,31258,94378,0,0,0,0,0,0,192324,928014
19-03-2019,FII,220469,127477,885656,570627,301847,331574,112356,283540,40907,37045,35977,33938,1817498,1163915
19-03-2019,Pro,29020,56213,166205,144238,165376,159698,250961,349304,75517,50200,124816,86619,646016,1012151
19-03-2019,TOTAL,495800,495800,1936982,1936982,966273,1506232,966273,1506232,397273,277842,397273,277842,5580402,5580402
19-03-2019,Client,207682,270413,857062,335800,467792,920582,602956,873388,280849,190597,236480,157285,2924564,2476322
20-03-2019,FII,215019,120535,883346,587669,294423,340688,103131,262170,41354,38221,37670,33591,1813051,1144766
20-03-2019,Client,199861,269838,870847,339817,300037,630060,483799,693685,306912,184694,246100,158424,2492411,2191663
20-03-2019,DII,39908,43729,33211,887490,30058,94734,0,0,0,0,0,0,197911,931219
20-03-2019,TOTAL,484589,484589,1960733,1960733,751594,1187385,751594,1187385,420098,276503,420098,276503,5080902,5080902
20-03-2019,Pro,29801,50487,173329,145757,127076,121903,164664,231530,71832,53588,136328,84488,577529,813254
22-03-2019,TOTAL,473808,473808,1987074,1987074,908319,1235769,908319,1235769,437104,271269,437104,271269,5313343,5313343
22-03-2019,DII,39598,44443,35257,885133,30058,96102,0,0,0,0,0,0,201015,929576
22-03-2019,Pro,29313,48005,184798,151046,125246,146855,232958,246647,67918,56258,144116,80151,610388,902923
22-03-2019,FII,216442,112224,877141,614030,287970,370775,107629,270859,42020,39033,40385,33074,1833381,1178201
22-03-2019,Client,188455,269136,889878,336865,465045,622037,567732,718263,327166,175978,252603,158044,2668559,2302643
25-03-2019,TOTAL,458020,458020,2018114,2018114,1013800,1275766,1013800,1275766,438035,266695,438035,266695,5470430,5470430
25-03-2019,Pro,25290,51953,198200,162605,144620,146616,280925,254819,68222,56863,149741,78974,639811,979017
25-03-2019,Client,181508,254301,900580,337644,525304,629452,625839,736803,328147,172742,249219,154589,2737733,2358395
25-03-2019,FII,214158,109317,886229,633053,315258,404638,107036,284144,41666,37090,39075,33132,1899039,1205757
25-03-2019,DII,37064,42449,33105,884812,28618,95060,0,0,0,0,0,0,193847,927261
26-03-2019,DII,38087,39809,31915,889247,28619,93258,0,0,0,0,0,0,191879,929056
26-03-2019,TOTAL,479655,479655,2059406,2059406,918142,1372497,918142,1372497,417685,267350,417685,267350,5514735,5514735
26-03-2019,Pro,36511,48560,203341,171806,163433,144618,242469,280467,71933,56341,142563,82730,676177,968595
26-03-2019,FII,218028,140684,912185,669142,321064,415012,107465,305525,41876,35088,35636,32810,1943253,1291262
26-03-2019,Client,187029,250602,911965,329211,405026,719609,568208,786505,303876,175921,239486,151810,2703426,2325822
27-03-2019,TOTAL,481366,481366,2029846,2029846,998448,1358903,998448,1358903,410655,264180,410655,264180,5543398,5543398
27-03-2019,Pro,33670,53171,194738,158776,137965,156370,262872,274517,71306,61260,144620,79816,655309,973772
27-03-2019,FII,232593,133606,915468,667036,311128,430464,124202,323930,39924,34259,33748,33955,1963836,1316477
27-03-2019,DII,37564,45259,30131,890706,27819,91928,0,0,0,0,0,0,187442,935965
27-03-2019,Client,177539,249330,889509,313328,521536,680141,611374,760456,299425,168661,232287,150409,2736811,2317184
28-03-2019,DII,33067,46562,10816,846904,26221,88518,0,0,0,0,0,0,158622,893466
28-03-2019,FII,152676,69063,829760,533409,202935,245395,80807,179800,9568,6247,8925,6766,1446581,878770
28-03-2019,Client,152613,196803,753457,258760,230602,374928,365411,504562,92796,45086,72805,53463,1649482,1451804
28-03-2019,TOTAL,355956,355956,1746880,1746880,570364,833398,570364,833398,126428,79761,126428,79761,3712787,3712787
28-03-2019,Pro,17600,43528,152847,107807,110606,124557,124146,149036,24064,28428,44698,19532,458102,488747
29-03-2019,Pro,16643,38373,155632,105984,135394,147552,170879,183571,32628,32109,65658,24248,519958,588713
29-03-2019,TOTAL,351847,351847,1767096,1767096,700116,932901,700116,932901,186363,100593,186363,100593,4038916,4038916
29-03-2019,Client,156929,191758,756880,269173,329660,431686,437995,560446,134730,55464,103131,65798,1865349,1628301
29-03-2019,DII,33071,51639,12737,854467,24360,89223,0,0,0,0,0,0,159391,906106
29-03-2019,FII,145204,70077,841847,537472,210702,264440,91242,188884,19005,13020,17574,10547,1494218,915796
01-04-2019,FII,153559,72293,848407,535472,221377,277996,96502,189857,21266,14910,19615,12593,1537515,926332
01-04-2019,Client,122958,164272,751210,269242,413341,479885,500360,619989,169372,68547,128611,79537,2005313,1762011
01-04-2019,TOTAL,332011,332011,1774532,1774532,812094,1009546,812094,1009546,229156,122106,229156,122106,4279445,4279445
01-04-2019,Pro,22251,43124,156616,111816,145006,162442,215232,199700,38518,38649,80930,29976,563482,680778
01-04-2019,DII,33243,52322,18299,858002,32370,89223,0,0,0,0,0,0,173135,910324
02-04-2019,Pro,18480,44793,155137,115113,154524,156500,218051,221231,44833,44903,90617,35919,574377,725724
02-04-2019,TOTAL,333989,333989,1783485,1783485,842847,1087071,842847,1087071,263202,145439,263202,145439,4456033,4456033
02-04-2019,DII,33018,56897,21134,861822,32370,90365,0,0,0,0,0,0,176887,918719
02-04-2019,FII,154565,73989,861958,536969,229752,277639,96220,199332,23634,17068,21822,15131,1564616,943463
02-04-2019,Client,127926,158310,745256,269581,426201,562567,528576,666508,194735,83468,150763,94389,2140153,1868127
03-04-2019,Pro,18897,44032,153315,121569,149951,160333,292793,217604,46387,50265,101450,36493,579148,813941
03-04-2019,DII,32998,56897,21229,869945,32370,92485,0,0,0,0,0,0,179082,926842
03-04-2019,Client,124146,159187,744439,272923,584878,538971,605685,665497,220890,87150,167405,103176,2300474,1973873
03-04-2019,FII,151662,67587,877823,532369,220950,292514,89671,201202,26579,19194,25001,16940,1588722,932770
03-04-2019,TOTAL,327703,327703,1796806,1796806,988149,1084303,988149,1084303,293856,156609,293856,156609,4647426,4647426
04-04-2019,DII,33005,58203,21775,877137,32370,95805,0,0,0,0,0,0,182955,935340
04-04-2019,FII,153606,66993,869696,526145,218635,284689,72990,202359,28091,20297,28012,17510,1575014,914009
04-04-2019,TOTAL,325778,325778,1802578,1802578,697898,923690,697898,923690,318158,165243,318158,165243,4233345,4233345
04-04-2019,Pro,13262,46521,154074,124734,123597,140208,180877,161341,47883,52183,108711,38340,531207,660524
04-04-2019,Client,125905,154061,757033,274562,323296,402988,444031,559990,242184,92763,181435,109393,1944169,1723472
05-04-2019,FII,161160,67329,864302,528739,222838,298131,77771,216208,29233,21401,29564,18423,1597065,938034
05-04-2019,Pro,13182,49123,156473,124459,143363,150752,195104,203098,51728,53204,114768,41624,568702,728176
05-04-2019,DII,33089,59227,23294,890090,32383,95805,0,0,0,0,286,0,184571,949603
05-04-2019,Client,123090,154842,765149,265930,376660,527765,502369,653147,257528,102314,193871,116872,2152506,1887031
05-04-2019,TOTAL,330521,330521,1809218,1809218,775244,1072453,775244,1072453,338489,176919,338489,176919,4502844,4502844
08-04-2019,FII,156020,72384,857631,539896,236233,316493,92192,215795,29954,22681,32241,18619,1619012,971127
08-04-2019,DII,33041,63227,21745,890396,32385,97087,0,0,0,0,1010,0,184258,954633
08-04-2019,Client,121585,153179,774382,259502,556706,495815,605062,659163,285468,100704,206831,123435,2334660,2007172
08-04-2019,TOTAL,330950,330950,1811496,1811496,978015,1077582,978015,1077582,364604,182314,364604,182314,4744961,4744961
08-04-2019,Pro,20304,42160,157738,121702,152691,168187,280761,202624,49182,58929,124522,40260,607031,812029
09-04-2019,Pro,18326,39143,157596,121400,161645,167353,262824,250366,51154,58228,122539,43565,614302,839837
09-04-2019,DII,33063,67415,21623,895911,32385,97099,0,0,0,0,1755,0,184170,965081
09-04-2019,TOTAL,335912,335912,1805996,1805996,936872,1219364,936872,1219364,372045,192612,372045,192612,4862801,4862801
09-04-2019,Client,125419,148178,777380,254562,491496,634511,582794,739135,288513,111146,214953,128100,2428465,2067722
09-04-2019,FII,159104,81176,849397,534123,251346,320401,91254,229863,32378,23238,32798,20947,1635864,990161
10-04-2019,DII,33063,66327,17884,901909,32385,97137,0,0,0,0,1955,0,180469,970191
10-04-2019,FII,149783,86646,844408,538749,262942,339567,101341,245974,33106,24256,34255,21145,1654062,1028110
10-04-2019,Client,125048,144823,790099,251091,703091,565594,684606,715161,311906,112862,228959,134315,2608600,2158955
10-04-2019,TOTAL,334229,334229,1814914,1814914,1146432,1172887,1146432,1172887,395947,200718,395947,200718,5065127,5065127
10-04-2019,Pro,26335,36433,162523,123165,148014,170589,360485,211752,50935,63600,130778,45258,621996,907871
11-04-2019,Pro,22147,34772,166086,122489,118464,133128,207061,159290,53290,63258,137005,48906,556373,709523
11-04-2019,TOTAL,322825,322825,1816442,1816442,763051,978141,763051,978141,411761,207084,411761,207084,4499304,4499304
11-04-2019,Client,122325,141071,795960,248406,376613,428803,478505,599745,325507,119269,238283,136922,2168477,1842932
11-04-2019,DII,33011,65790,18241,903022,32387,97157,0,0,0,0,2021,0,180796,970833
11-04-2019,FII,145342,81192,836155,542525,235587,319053,77485,219106,32964,24557,34452,21256,1593658,976016
12-04-2019,TOTAL,328498,328498,1819106,1819106,804272,1099842,804272,1099842,425966,219320,425966,219320,4697004,4697004
12-04-2019,Pro,22356,33665,165362,122691,120615,145094,207707,184614,54916,63298,140609,53842,571641,743128
12-04-2019,Client,128301,145565,804036,244912,409480,526876,518489,693094,338428,131309,247734,142366,2338430,1992160
12-04-2019,FII,144220,84362,830308,544294,241790,330713,78076,222134,32622,24713,35602,23112,1604366,987580
12-04-2019,DII,33621,64906,19400,907209,32387,97159,0,0,0,0,2021,0,182567,974136
15-04-2019,FII,149364,92065,835011,549776,262470,340954,80841,230022,36207,25352,40306,24868,1649358,1017878
15-04-2019,DII,35411,64910,20498,902490,32391,97165,0,0,0,0,2021,0,185465,969421
15-04-2019,Pro,21358,35184,168440,122648,143013,153784,234744,226734,61641,64809,145846,60355,613045,825511
15-04-2019,TOTAL,338774,338774,1830460,1830460,866375,1207355,866375,1207355,440647,231434,440647,231434,4915045,4915045
15-04-2019,Client,132641,146615,806511,255546,428501,615452,550790,750599,342799,141273,252474,146211,2467177,2102235
16-04-2019,TOTAL,354538,354538,1838394,1838394,803722,1325531,803722,1325531,440183,241990,440183,241990,5004358,5004358
16-04-2019,Pro,28197,35791,175860,125792,137717,149110,219636,268922,63873,64613,146079,63253,619370,859473
16-04-2019,Client,130609,154049,803341,250905,365146,725577,510791,819361,338577,146298,253559,148478,2509548,2137143
16-04-2019,FII,159580,95788,837457,559899,268462,353681,73295,237248,37733,31079,38524,30259,1687992,1035013
16-04-2019,DII,36152,68910,21736,901798,32397,97163,0,0,0,0,2021,0,187448,972729
18-04-2019,FII,176988,96840,839120,562979,230569,353012,69674,228489,37994,30179,41155,30529,1667862,1029666
18-04-2019,Pro,26599,33962,176370,126666,95839,126379,182793,164409,63164,63281,151969,64234,551632,724033
18-04-2019,DII,35864,71776,21995,896911,32401,98412,0,0,0,0,2064,0,188672,970751
18-04-2019,Client,119774,156647,803219,254148,340569,440181,446911,625086,350254,148848,256224,147545,2202845,1886561
18-04-2019,TOTAL,359225,359225,1840704,1840704,699378,1017984,699378,1017984,451412,242308,451412,242308,4611011,4611011
22-04-2019,FII,174396,88749,858347,589609,242894,383294,68704,222683,36069,28711,40246,29308,1723711,1039299
22-04-2019,Client,113729,158240,816699,260869,576420,436886,608200,655605,366254,140320,259066,144752,2450308,2086732
22-04-2019,TOTAL,348926,348926,1881639,1881639,974596,1052417,974596,1052417,468257,235097,468257,235097,4960932,4960932
22-04-2019,DII,37467,63966,20919,892527,32411,90811,0,0,0,0,2064,0,181608,958557
22-04-2019,Pro,23334,37971,185674,138634,122871,141426,297692,174129,65934,66066,166881,61037,605305,876344
23-04-2019,Pro,18826,41020,185441,144265,140581,139509,348193,181009,69732,66217,162602,61711,620306,938800
23-04-2019,DII,37296,63151,20075,893027,33471,90811,0,0,0,0,2064,0,181653,958242
23-04-2019,FII,190172,81119,891237,618338,256864,402908,87298,231980,35114,28640,38118,28145,1804935,1084998
23-04-2019,Client,119677,180681,829934,271057,673030,465391,668455,685630,351867,138704,253929,143705,2578603,2203457
23-04-2019,TOTAL,365971,365971,1926687,1926687,1103946,1098619,1103946,1098619,456713,233561,456713,233561,5185497,5185497
24-04-2019,Client,151633,212954,861697,298551,511154,606600,584813,754659,311236,144415,238947,138925,2586735,2228849
24-04-2019,FII,202367,90115,914445,639205,259650,405534,90419,238940,35226,26571,35823,27889,1843793,1122391
24-04-2019,TOTAL,410835,410835,1976562,1976562,938293,1229410,938293,1229410,422294,234099,422294,234099,5211493,5211493
24-04-2019,Pro,19539,46262,180319,143464,133565,129127,263061,235811,75832,63113,145460,67285,601495,901343
24-04-2019,DII,37296,61504,20101,895342,33924,88149,0,0,0,0,2064,0,179470,958910
25-04-2019,Client,127614,197748,824622,242078,306012,312921,376280,522096,78383,45564,75712,60422,1695116,1474336
25-04-2019,FII,183759,59787,756592,521169,149868,233166,62831,102326,4876,9910,2468,6186,1338171,754767
25-04-2019,TOTAL,354734,354734,1718832,1718832,578622,746827,578622,746827,111807,86907,111807,86907,3597729,3597729
25-04-2019,Pro,14317,31238,132476,106773,96359,115001,139511,122405,28548,31433,33627,20299,418134,453853
25-04-2019,DII,29044,65961,5142,848812,26383,85739,0,0,0,0,0,0,146308,914773
26-04-2019,DII,29044,70961,6138,897255,26383,85753,0,0,0,0,96,0,147318,968312
26-04-2019,Pro,11885,36720,138918,111611,124893,143925,155790,190847,38317,38157,46419,29274,496095,570661
26-04-2019,TOTAL,369606,369606,1825084,1825084,664728,967983,664728,967983,165254,119577,165254,119577,4112232,4112232
26-04-2019,FII,194202,67375,811380,544578,164840,253513,61345,116199,12987,17464,9508,12478,1454386,811483
26-04-2019,Client,134475,194550,868648,271640,348612,484792,447593,660937,113950,63956,109231,77825,2014433,1761776
30-04-2019,DII,30195,68036,5826,909273,26383,85758,0,0,0,0,296,0,148162,977605
30-04-2019,FII,189644,80055,825005,566725,172736,274014,70098,116938,16963,20038,15480,14401,1498400,863697
30-04-2019,Pro,20117,30778,140590,104742,132659,148269,232817,194896,43245,44620,62533,34851,529500,660617
30-04-2019,TOTAL,357414,357414,1840700,1840700,847727,1001206,847727,1001206,212396,137592,212396,137592,4397035,4397035
30-04-2019,Client,117458,178545,869279,259960,515949,493165,544812,689372,152188,72934,134087,88340,2220973,1895116
02-05-2019,DII,30274,71247,8983,914229,26383,85758,0,0,0,0,743,0,151398,986219
02-05-2019,FII,181851,75190,840861,574516,171162,269076,74861,117469,19887,21940,17190,15889,1504777,875115
02-05-2019,Pro,17343,29283,142121,115417,117473,131510,154679,143225,47049,47520,70863,37483,503016,550950
02-05-2019,TOTAL,347465,347465,1858994,1858994,628958,818256,628958,818256,240748,149853,240748,149853,4044274,4044274
02-05-2019,Client,117997,171745,867029,254832,313940,331912,399418,557562,173812,80393,151952,96481,1885083,1631990
03-05-2019,FII,184697,75565,851646,574974,196346,275870,82120,134202,24433,21683,19481,17714,1554675,904056
03-05-2019,Client,118218,171326,868382,256074,394955,456263,476731,657660,184489,88332,166840,103441,2110639,1832072
03-05-2019,DII,30335,75504,10318,922639,26383,85758,0,0,0,0,1180,0,152794,999323
03-05-2019,TOTAL,351242,351242,1876076,1876076,742262,960657,742262,960657,259505,159813,259505,159813,4349555,4349555
03-05-2019,Pro,17992,28847,145730,122389,124578,142766,183411,168795,50583,49798,72004,38658,531447,614104
06-05-2019,TOTAL,357965,357965,1894107,1894107,878731,978903,878731,978903,280266,169956,280266,169956,4559928,4559928
06-05-2019,DII,30335,68386,11867,929223,31205,85758,0,0,0,0,1654,0,159165,999263
06-05-2019,Pro,19079,29710,150280,123379,133407,164942,242626,192017,55640,56414,77539,39159,579762,704430
06-05-2019,FII,184861,86397,853328,586186,205519,289834,86221,135656,26120,25797,21703,20708,1585459,936871
06-05-2019,Client,123690,173472,878632,255319,508600,438369,549884,651230,198506,87745,179370,110089,2235542,1919364
07-05-2019,TOTAL,362428,362428,1891624,1891624,1127764,984846,1127764,984846,296062,173588,296062,173588,4836312,4836312
07-05-2019,Pro,22261,37136,153033,117590,152548,182412,340959,196572,56375,59793,82093,38226,626422,812576
07-05-2019,Client,128778,177605,864919,247711,737596,409758,683038,651334,211980,86846,188393,114496,2439877,2062577
07-05-2019,FII,181161,87058,861082,593469,206415,305918,103767,136940,27707,26949,23703,20866,1609232,965803
07-05-2019,DII,30228,60629,12590,932854,31205,86758,0,0,0,0,1873,0,160781,995356
08-05-2019,DII,30120,54545,12606,941952,31205,87158,0,0,0,0,1973,0,161089,998470
08-05-2019,TOTAL,367425,367425,1909551,1909551,1256183,1008937,1256183,1008937,309739,180822,309739,180822,5032657,5032657
08-05-2019,Pro,21195,38292,158494,127688,155717,162839,393729,191986,58076,62560,85323,40666,618881,877684
08-05-2019,FII,177046,96411,853165,598335,215289,321658,131763,142209,27843,28686,26093,22334,1623687,1017145
08-05-2019,Client,139064,178177,885286,241576,853972,437282,730691,674742,223820,89576,196350,117822,2629000,2139358
09-05-2019,TOTAL,346400,346400,1902618,1902618,729998,871601,729998,871601,319265,184918,319265,184918,4354800,4354800
09-05-2019,Pro,19012,37252,160037,124884,120212,125026,182059,154510,58175,63075,86650,41424,545537,626779
09-05-2019,FII,155400,99326,847145,607636,190102,297690,100267,140564,28785,29084,29066,22981,1548206,999840
09-05-2019,DII,30120,51054,12599,940066,31207,87150,0,0,0,18,1973,0,161094,993093
09-05-2019,Client,141868,158768,882837,230032,388477,361735,447672,576527,232305,92741,201576,120513,2099963,1735088
10-05-2019,DII,30153,44685,13714,942702,31207,87130,0,0,0,0,1973,0,162204,989360
10-05-2019,FII,140801,100146,852466,610113,197620,317820,123733,141901,30526,29907,30140,24196,1569140,1030229
10-05-2019,Client,135631,147464,871610,224591,473787,399321,503679,614440,244896,99707,210109,124578,2224952,1824861
10-05-2019,TOTAL,325943,325943,1898092,1898092,837131,938192,837131,938192,333511,192840,333511,192840,4525709,4525709
10-05-2019,Pro,19358,33648,160302,120686,134517,133921,209719,181851,58089,63226,91289,44066,569413,681259
13-05-2019,Pro,18195,37345,162165,112917,148174,140553,274193,181330,58964,67282,96940,45183,595333,747908
13-05-2019,TOTAL,326807,326807,1903511,1903511,987777,962314,987777,962314,344780,196829,344780,196829,4722018,4722018
13-05-2019,Client,135898,148068,860403,223025,595351,416818,572255,636964,254306,99143,213989,127536,2361919,1921837
13-05-2019,DII,29703,38295,13872,943154,32417,87726,0,0,0,0,1973,0,163718,983422
13-05-2019,FII,143011,103099,867071,624415,211835,317217,141329,144020,31510,30404,31878,24110,1601048,1068851
14-05-2019,FII,131490,102519,870715,615480,214627,314643,156747,149200,33083,30957,32140,25183,1595515,1081269
14-05-2019,Client,132166,140407,859149,217041,560253,523785,533411,704228,250982,105391,215647,128548,2431726,1939282
14-05-2019,TOTAL,317075,317075,1906027,1906027,962394,1071712,962394,1071712,344629,201682,344629,201682,4803519,4803519
14-05-2019,Pro,23716,31566,160192,113666,155097,145565,272236,218284,60564,65334,94869,47951,610468,778572
14-05-2019,DII,29703,42583,15971,959840,32417,87719,0,0,0,0,1973,0,165810,1004396
15-05-2019,Pro,25052,32076,163599,108524,153727,137812,338536,190317,60711,68263,99991,47952,609164,817396
15-05-2019,TOTAL,311030,311030,1906605,1906605,1111008,1013869,1111008,1013869,358300,204967,358300,204967,4905779,4905779
15-05-2019,DII,29703,41660,16856,954438,32417,87699,0,0,0,0,1973,0,166675,998071
15-05-2019,FII,129849,96014,878019,622441,213645,316211,169523,156825,33641,29305,35553,26493,1600670,1106849
15-05-2019,Client,126426,141280,848131,221202,711219,472147,602949,666727,263948,107399,220783,130522,2529270,1983463
16-05-2019,Pro,24310,33221,162578,111238,119954,97791,128906,120350,61831,65102,98318,50756,531566,542789
16-05-2019,DII,33568,41809,19236,958815,32417,87584,0,0,0,0,1973,0,172805,1002597
16-05-2019,Client,124853,130940,842328,216865,251320,329254,308772,501741,265760,114238,227526,131624,1927753,1517468
16-05-2019,FII,121058,97819,886387,623611,186791,268633,152804,161171,36290,29168,36064,26128,1528327,1097597
16-05-2019,TOTAL,303789,303789,1910529,1910529,590482,783262,590482,783262,363881,208508,363881,208508,4160451,4160451
17-05-2019,DII,38055,43178,18884,953383,32443,85922,0,0,0,0,1973,0,175304,998534
17-05-2019,FII,127447,102431,892804,625774,199603,275870,164167,177477,39325,28970,38793,28309,1564019,1136951
17-05-2019,TOTAL,313855,313855,1896912,1896912,694335,862332,694335,862332,371815,212511,371815,212511,4351760,4351760
17-05-2019,Pro,26505,33651,164584,112474,142075,112344,165861,157558,64948,62835,100736,52478,573291,622758
17-05-2019,Client,121848,134595,820640,205281,320214,388196,364307,527297,267542,120706,230313,131724,2039146,1593517
20-05-2019,FII,141847,110354,899125,616821,201923,288470,162595,173792,41238,31319,39491,30909,1603922,1133962
20-05-2019,Pro,28892,35176,166328,133181,152260,139904,203487,204623,68259,60088,101698,60230,615731,738395
20-05-2019,DII,44523,42625,21728,954562,31233,83388,0,0,0,0,1973,0,180872,999160
20-05-2019,Client,137644,164751,849958,232575,384651,425504,403985,558851,269479,133904,235814,134172,2201140,1730148
20-05-2019,TOTAL,352906,352906,1937139,1937139,770067,937266,770067,937266,378976,225311,378976,225311,4601665,4601665
21-05-2019,FII,143402,112842,891877,625788,205579,328178,192463,176818,41457,33437,43214,31622,1643930,1182747
21-05-2019,DII,44771,47135,20268,945557,34325,83388,0,0,0,0,1973,0,182752,994665
21-05-2019,Client,137362,148924,850713,228508,477025,444458,460797,617560,293327,133769,246445,139769,2336654,1842003
21-05-2019,TOTAL,348414,348414,1929449,1929449,887351,998009,887351,998009,401243,231204,401243,231204,4795670,4795670
21-05-2019,Pro,22879,39513,166591,129596,170422,141985,234091,203631,66459,63998,109611,59813,632334,776255
22-05-2019,Pro,24320,41127,166092,136256,179735,164256,263891,230057,68149,65930,113062,63861,668482,848254
22-05-2019,DII,47031,47235,21288,950045,34325,83718,0,0,0,0,1973,0,186362,999253
22-05-2019,TOTAL,370931,370931,1938934,1938934,1019647,1109173,1019647,1109173,418407,240653,418407,240653,5097745,5097745
22-05-2019,Client,141671,156424,862143,224900,599838,526318,546157,684017,307645,139636,258004,142398,2577251,2011900
22-05-2019,FII,157909,126145,889411,627733,205749,334881,209599,195099,42613,35087,45368,34394,1665650,1238338
23-05-2019,DII,48788,38683,33169,953088,28748,83718,0,0,0,0,2292,0,194423,994063
23-05-2019,FII,147850,134441,886214,632574,200209,339375,168385,176775,39545,34634,43392,30884,1647827,1186451
23-05-2019,Client,155560,165855,898954,257768,562090,366211,477222,556723,348842,145264,282096,142961,2476921,1882625
23-05-2019,TOTAL,381838,381838,1989150,1989150,912225,901657,912225,901657,455254,242962,455254,242962,4883086,4883086
23-05-2019,Pro,29640,42859,170813,145720,121178,112353,266618,168159,66867,63064,127474,69117,563915,819947
24-05-2019,Pro,32496,39402,177809,155524,127619,117918,248166,225270,73693,58387,126428,82268,587922,877058
24-05-2019,TOTAL,406381,406381,2012385,2012385,889598,1066536,889598,1066536,437523,260196,437523,260196,5072619,5072619
24-05-2019,Client,159842,173977,921936,273103,515970,523293,484097,671853,325642,167828,268811,146697,2614511,2018538
24-05-2019,DII,50030,38903,33623,952249,28748,83718,0,0,0,0,2292,0,196119,993444
24-05-2019,FII,164013,154099,879017,631509,217261,341607,157335,169413,38188,33981,39992,31231,1674067,1183579
27-05-2019,FII,169892,166870,889141,648159,224374,340677,146676,168344,36655,33490,38184,30842,1694229,1199075
27-05-2019,TOTAL,428765,428765,2041976,2041976,905472,1176185,905472,1176185,445070,269712,445070,269712,5267180,5267180
27-05-2019,DII,49492,38373,33399,945761,28748,83718,0,0,0,0,2292,0,195357,986426
27-05-2019,Client,173193,188133,938180,299630,529686,627130,503875,746563,331526,175552,268797,152585,2775267,2159583
27-05-2019,Pro,36188,35389,181256,148426,122664,124660,254921,261278,76889,60670,135797,86285,602327,922096
28-05-2019,Client,187099,195930,943565,309108,570480,634051,537248,770358,332977,172536,267104,153813,2840708,2233561
28-05-2019,Pro,38107,35728,184716,146420,120922,128924,252408,247443,77592,64275,139196,86044,614536,907239
28-05-2019,TOTAL,451380,451380,2043086,2043086,927745,1198365,927745,1198365,445706,269789,445706,269789,5336071,5336071
28-05-2019,FII,174881,181733,880713,635881,207573,351672,138089,180564,35137,32978,37114,29932,1682954,1203313
28-05-2019,DII,51293,37989,34092,951677,28770,83718,0,0,0,0,2292,0,197873,991958
29-05-2019,TOTAL,465356,465356,2002483,2002483,1093387,1142405,1093387,1142405,439059,255915,439059,255915,5398605,5398605
29-05-2019,Client,182372,190559,934797,293178,754123,562778,647926,730897,334726,162309,259623,150667,2931105,2272850
29-05-2019,DII,50612,35304,29252,948321,28800,83718,0,0,0,0,2292,0,192382,985917
29-05-2019,FII,195679,210060,860713,630036,203298,369596,122141,180803,30672,28373,32878,25712,1688331,1201630
29-05-2019,Pro,36693,29433,177721,130948,107166,126313,323320,230705,73661,65233,144266,79536,586787,938208
30-05-2019,FII,130427,86593,778561,577333,129608,237375,54650,113579,3787,6905,3473,6227,1286663,841855
30-05-2019,Client,161375,194410,887522,246946,266373,335810,330444,487567,106475,50773,90095,59124,1808328,1408586
30-05-2019,Pro,13075,33015,127770,68608,82239,76822,117483,130692,22238,26173,38932,18500,348317,407230
30-05-2019,DII,45500,36359,18436,919402,24357,81831,0,0,0,0,0,0,170124,955761
30-05-2019,TOTAL,350377,350377,1812289,1812289,502577,731838,502577,731838,132500,83851,132500,83851,3613432,3613432
31-05-2019,FII,129583,90133,826624,591910,143067,267162,58772,119957,10519,14336,11502,11463,1391291,883737
31-05-2019,TOTAL,344754,344754,1835515,1835515,692027,826834,692027,826834,188534,112425,188534,112425,4000089,4000089
31-05-2019,DII,46477,36914,17746,921550,24392,81831,0,0,0,0,0,0,170446,958464
31-05-2019,Client,155367,180094,862294,256649,431345,376662,459505,543721,148391,65947,120847,75885,2040006,1636701
31-05-2019,Pro,13327,37613,128851,65406,93223,101179,173750,163156,29624,32142,56185,25077,398346,521187
03-06-2019,Pro,16846,46111,132297,71419,130181,121764,183057,247756,39935,33661,61908,35316,474684,645567
03-06-2019,Client,162598,202641,858901,270077,370204,597184,447166,688392,163404,86818,140809,86802,2239109,1835887
03-06-2019,FII,151019,86916,845443,589061,158311,266955,52865,126950,12794,16438,12930,14799,1450960,883521
03-06-2019,TOTAL,377566,377566,1854987,1854987,683088,1063098,683088,1063098,216133,136917,216133,136917,4331789,4331789
03-06-2019,DII,47103,41898,18346,924430,24392,77195,0,0,0,0,486,0,167036,966814
04-06-2019,TOTAL,375460,375460,1873270,1873270,777759,1056880,777759,1056880,242206,146178,242206,146178,4471753,4471753
04-06-2019,FII,144820,94749,842676,596501,161560,282395,56112,121314,13805,17900,14948,15479,1463156,899103
04-06-2019,DII,47085,35980,21438,927982,24397,78005,0,0,0,0,686,0,170925,964648
04-06-2019,Pro,16618,44792,134949,74403,123230,120712,228840,235077,40693,38203,72253,37741,474405,693106
04-06-2019,Client,166937,199939,874207,274384,468572,575768,492807,700489,187708,90075,154319,92958,2363267,1914896
06-06-2019,Pro,17926,43828,138031,79187,98344,112774,196075,146476,43160,44701,93721,38463,454936,597750
06-06-2019,FII,145547,110062,835610,601931,170637,283092,58379,112204,15001,18166,16964,15589,1468053,915129
06-06-2019,DII,47046,29270,25340,938111,24397,77758,0,0,0,0,1080,0,174541,968461
06-06-2019,Client,165383,192742,892162,271914,395239,305325,434163,520269,227009,91669,173405,100484,2076787,1692977
06-06-2019,TOTAL,375902,375902,1891143,1891143,688617,778949,688617,778949,285170,154536,285170,154536,4174317,4174317
07-06-2019,FII,141990,109775,829919,594796,177898,285386,58111,115493,16916,19415,18187,16577,1471524,912939
07-06-2019,TOTAL,365307,365307,1884291,1884291,771179,895967,771179,895967,305130,163960,305130,163960,4385834,4385834
07-06-2019,Client,162661,184305,889562,271214,439474,410156,480374,608006,243850,98449,184973,106495,2244152,1835367
07-06-2019,Pro,13610,44349,138525,79195,129410,121067,232694,172468,44364,46096,100890,40888,493072,670484
07-06-2019,DII,47046,26878,26285,939086,24397,79358,0,0,0,0,1080,0,177086,967044
10-06-2019,DII,47299,28078,26163,937596,24397,79499,0,0,0,0,1280,0,177358,966954
10-06-2019,TOTAL,365172,365172,1885554,1885554,879920,979275,879920,979275,327978,173131,327978,173131,4611030,4611030
10-06-2019,Pro,19846,45826,139759,78061,126950,135153,262274,205070,49465,46814,109714,44575,517987,745520
10-06-2019,FII,136682,106902,832907,594112,182128,292791,61553,120114,17384,19756,20805,17566,1481648,921052
10-06-2019,Client,161345,184366,886725,275785,546445,471832,556093,654091,261129,106561,196179,110990,2434037,1977504
11-06-2019,DII,47150,33193,27224,941333,24397,79499,0,0,0,0,1617,0,178270,976143
11-06-2019,FII,142597,101764,835553,582476,196505,299872,58642,131261,18315,19801,20511,18416,1512643,913070
11-06-2019,Client,167001,194279,887426,285677,489463,604508,534518,736601,264946,117687,203522,116950,2531031,2071547
11-06-2019,Pro,18059,45571,141536,82253,122636,142565,239841,258582,53399,47308,111010,49430,525503,786687
11-06-2019,TOTAL,374807,374807,1891739,1891739,833001,1126444,833001,1126444,336660,184796,336660,184796,4747447,4747447
12-06-2019,FII,138880,99067,831961,587750,190946,315625,63131,123691,17826,19794,21781,18367,1515032,913787
12-06-2019,DII,47150,30203,27532,941402,24397,80216,0,0,0,0,1848,0,179295,973453
12-06-2019,Pro,17664,43788,147193,82214,129205,147831,312715,249249,52304,50204,118182,49460,544401,855608
12-06-2019,Client,162185,192821,894422,289742,648522,569643,617224,740375,284203,119162,212522,121333,2678137,2174017
12-06-2019,TOTAL,365879,365879,1901108,1901108,993070,1113315,993070,1113315,354333,189160,354333,189160,4916865,4916865
13-06-2019,TOTAL,356168,356168,1889565,1889565,651117,842035,651117,842035,372025,195546,372025,195546,4306456,4306456
13-06-2019,Client,154854,179196,888254,274763,354395,337348,422741,573102,299776,122555,224423,124573,2157182,1798798
13-06-2019,FII,140550,102507,834293,595075,168443,311639,57312,113409,18949,20665,21893,17608,1494539,907804
13-06-2019,Pro,17614,40611,152989,85105,103882,112832,171064,155524,53300,52326,123861,53365,492943,629530
13-06-2019,DII,43150,33854,14029,934622,24397,80216,0,0,0,0,1848,0,161792,970324
14-06-2019,Client,155994,189850,895759,271492,570839,361944,568142,617650,323255,126619,236058,129797,2434410,2012989
14-06-2019,TOTAL,364439,364439,1893285,1893285,896483,898961,896483,898961,395543,201537,395543,201537,4650248,4650248
14-06-2019,DII,42925,29948,13802,934527,24397,80166,0,0,0,0,1848,0,161290,966323
14-06-2019,Pro,19078,42455,156692,86736,119734,132233,259157,167313,52696,54525,134390,54294,534958,744345
14-06-2019,FII,146442,102186,827032,600530,181513,324618,69184,113998,19592,20393,23247,17446,1519590,926591
17-06-2019,Client,153610,190266,909704,266457,750838,369802,674927,644693,347890,126185,247804,130844,2658029,2154991
17-06-2019,TOTAL,366898,366898,1911788,1911788,1092947,944525,1092947,944525,422264,203327,422264,203327,4941749,4941749
17-06-2019,DII,44258,24599,14757,942250,24397,80953,0,0,0,0,1848,0,164365,968697
17-06-2019,Pro,17650,47606,161060,94406,123246,143883,341315,188107,55877,57421,148097,55802,559137,875333
17-06-2019,FII,151380,104427,826267,608675,194466,349887,76705,111725,18497,19721,24515,16681,1560218,942728
18-06-2019,Pro,18324,46426,168468,99219,132003,137837,327915,203567,57914,57633,150284,58146,572179,885557
18-06-2019,DII,43248,21071,15262,944641,24397,80605,0,0,0,0,1848,0,163512,967560
18-06-2019,FII,154839,106303,830561,612406,197028,368569,82430,117924,18911,19368,24504,16124,1589276,959691
18-06-2019,Client,148047,190658,909525,267550,721133,413099,664216,678619,351458,130589,251647,133320,2673851,2186010
18-06-2019,TOTAL,364458,364458,1923816,1923816,1074561,1000110,1074561,1000110,428283,207590,428283,207590,4998818,4998818
19-06-2019,FII,156608,105510,829810,617322,206133,375252,84271,122425,19142,20128,24272,16127,1607073,969927
19-06-2019,TOTAL,372853,372853,1935567,1935567,1117092,1035240,1117092,1035240,436415,216110,436415,216110,5113277,5113277
19-06-2019,Client,152878,193771,913437,271321,744863,430062,673078,695124,355013,136375,254731,136225,2732628,2224250
19-06-2019,Pro,21199,50218,175357,106742,141699,149321,359743,217691,62260,59607,155564,63758,609443,953716
19-06-2019,DII,42168,23354,16963,940182,24397,80605,0,0,0,0,1848,0,164133,965384
20-06-2019,FII,166098,121966,844765,609581,185818,340506,60326,118585,21761,20194,22507,18061,1579142,951026
20-06-2019,Pro,17149,45252,180146,116066,100952,113871,160150,189236,72046,57098,145539,75745,541262,731988
20-06-2019,DII,40803,27026,18433,947338,24397,80365,0,0,0,0,1848,0,163998,976212
20-06-2019,Client,169522,199328,915888,286247,318488,390654,409179,617575,325093,160737,249006,144223,2280382,1905558
20-06-2019,TOTAL,393572,393572,1959232,1959232,629655,925396,629655,925396,418900,238029,418900,238029,4564784,4564784
21-06-2019,TOTAL,396603,396603,1969967,1969967,797776,984775,797776,984775,432471,240969,432471,240969,4822561,4822561
21-06-2019,Client,173523,202195,922418,291580,452339,420541,512768,661443,342374,161564,252634,149522,2472759,2070142
21-06-2019,DII,40895,26311,19342,949614,24397,80485,0,0,0,0,1848,0,165119,977773
21-06-2019,FII,166974,124333,841644,605251,200487,356457,70401,131423,19432,20940,24048,17356,1605934,972812
21-06-2019,Pro,15211,43764,186563,123522,120553,127292,214607,191909,70665,58465,153941,74091,578749,801834
24-06-2019,TOTAL,406056,406056,1980090,1980090,886381,1043243,886381,1043243,435358,239549,435358,239549,4990677,4990677
24-06-2019,FII,173527,127154,847431,609329,205400,360283,74522,137216,17487,20128,23753,15963,1624256,987937
24-06-2019,Client,175681,208348,917279,295703,538893,466837,567386,695775,345430,158896,251138,148322,2603016,2166672
24-06-2019,Pro,15973,47223,195308,129699,117691,135638,244473,210252,72441,60525,158619,75264,597576,865530
24-06-2019,DII,40875,23331,20072,945359,24397,80485,0,0,0,0,1848,0,165829,970538
25-06-2019,DII,44079,26233,20438,945499,24397,80485,0,0,0,0,1848,0,169399,973580
25-06-2019,Pro,20238,47119,183408,126394,117828,135043,221818,260351,75844,60792,150138,79768,593153,885588
25-06-2019,Client,183219,205671,903968,291490,467533,601336,523528,775338,318925,160539,237217,144948,2635520,2178192
25-06-2019,TOTAL,415298,415298,1945626,1945626,818840,1172388,818840,1172388,411680,240574,411680,240574,5004406,5004406
25-06-2019,FII,167762,136275,837812,582243,209082,355524,73494,136699,16911,19243,22477,15858,1606334,967046
26-06-2019,Pro,28082,41011,172710,127630,123797,155494,230872,305655,76879,60313,142199,80004,617275,927371
26-06-2019,DII,42546,23569,21130,945032,24399,80487,0,0,0,0,1848,0,168562,970449
26-06-2019,Client,180913,207713,880093,278604,451690,712312,504150,856054,297177,156263,225035,141273,2678448,2212829
26-06-2019,FII,162914,142162,846665,569332,201290,347380,66154,133964,15455,18567,20429,13866,1592271,945907
26-06-2019,TOTAL,414455,414455,1920598,1920598,801176,1295673,801176,1295673,389511,235143,389511,235143,5056556,5056556
27-06-2019,DII,43120,36314,7017,916109,16494,73973,0,0,0,0,0,0,140604,952423
27-06-2019,FII,113394,69449,776512,490840,126404,154835,29824,54052,2080,2177,2588,1492,1175402,648245
27-06-2019,TOTAL,345254,345254,1724353,1724353,452935,611083,452935,611083,107735,79317,107735,79317,3320677,3320677
27-06-2019,Pro,24369,34577,122535,80324,81247,115228,120870,111625,25329,26417,34277,22842,395125,404515
27-06-2019,Client,164371,204914,818289,237080,228790,267047,302241,445406,80326,50723,70870,54983,1609546,1315494
28-06-2019,FII,112590,73453,783481,495352,127110,176087,43422,59744,7126,6251,8014,4720,1212645,684705
28-06-2019,Pro,28956,33891,128031,88169,111067,155295,195724,152058,34160,33878,52535,27907,491387,550284
28-06-2019,DII,42489,32932,6682,922541,16494,75073,0,0,0,0,0,0,140738,955473
28-06-2019,Client,162366,206125,834745,246877,422414,334756,437939,529409,118463,63887,99200,71389,1936631,1590939
28-06-2019,TOTAL,346401,346401,1752939,1752939,677085,741211,677085,741211,159749,104016,159749,104016,3781401,3781401
01-07-2019,FII,116315,71872,786493,501045,126087,186056,40087,60687,8507,7217,9307,5802,1230675,688800
01-07-2019,DII,39667,36958,6720,926381,16494,76116,0,0,0,0,0,0,138997,963339
01-07-2019,Client,162545,207063,837093,246179,451404,458385,466395,630142,138970,75017,116506,80019,2123414,1746304
01-07-2019,TOTAL,350626,350626,1762610,1762610,716495,882748,716495,882748,185980,119074,185980,119074,4017533,4017533
01-07-2019,Pro,32099,34733,132304,89005,122510,162191,210013,191919,38503,36840,60167,33253,524447,619090
02-07-2019,Pro,27899,32844,135634,90433,122983,160191,221835,216991,42418,39404,66660,34971,528529,663734
02-07-2019,DII,39532,35825,6520,927206,16494,76116,0,0,0,0,0,0,138662,963031
02-07-2019,TOTAL,346484,346484,1769442,1769442,778950,935353,778950,935353,207659,129859,207659,129859,4167747,4167747
02-07-2019,Client,160879,201756,837589,247837,509571,504228,517830,652052,155027,82082,129810,88530,2249376,1837815
02-07-2019,FII,118174,76059,789699,503966,129902,194818,39285,66310,10214,8373,11189,6358,1251180,703167
03-07-2019,FII,118513,75986,794804,502333,130415,197671,40858,70899,11622,9310,12750,6789,1262335,709615
03-07-2019,TOTAL,346471,346471,1775064,1775064,855967,1019508,855967,1019508,226006,137834,226006,137834,4360850,4360850
03-07-2019,Client,161894,194073,836245,250152,577480,575589,562962,701521,168162,88096,139836,93745,2407466,1942289
03-07-2019,DII,39512,44000,7056,930143,16518,76116,0,0,0,0,0,0,139202,974143
03-07-2019,Pro,26552,32412,136959,92436,131554,170132,252147,247088,46222,40428,73420,37300,551847,734803
04-07-2019,Pro,26615,34064,136530,93215,101360,127921,160263,129528,47649,43332,78790,40305,483407,536165
04-07-2019,DII,39639,44000,9050,926979,16518,76832,0,0,0,0,0,0,142039,970979
04-07-2019,Client,165102,194093,833686,256287,287798,262214,342484,430815,183415,93612,150734,99442,1825827,1473855
04-07-2019,FII,122159,81358,797464,500249,129452,171935,32381,78559,12443,10360,13983,7557,1243813,714087
04-07-2019,TOTAL,353515,353515,1776730,1776730,535128,638902,535128,638902,243507,147304,243507,147304,3695086,3695086
05-07-2019,DII,39761,36341,8996,929842,20874,77052,0,0,0,0,0,0,146683,966183
05-07-2019,Pro,27896,37971,141472,89987,116373,158667,255258,159120,47498,49234,93125,40737,541140,676198
05-07-2019,Client,171036,197566,846725,270808,537567,363654,513435,537214,221639,97987,173375,108098,2238608,1800496
05-07-2019,TOTAL,360935,360935,1798288,1798288,811884,788663,811884,788663,282344,157105,282344,157105,4199219,4199219
05-07-2019,FII,122242,89057,801095,507651,137070,189290,43191,92329,13207,9884,15844,8270,1272788,756342
08-07-2019,TOTAL,367195,367195,1800692,1800692,1100545,817372,1100545,817372,315072,166704,315072,166704,4567580,4567580
08-07-2019,FII,110917,109536,803165,521803,156626,216060,53760,85987,13271,11012,17515,8529,1311051,797130
08-07-2019,Pro,36175,41537,147362,88034,122661,176487,387773,183686,46008,56592,110542,44020,585285,855592
08-07-2019,DII,39385,25128,8471,933687,20874,79062,0,0,0,0,0,0,147792,958815
08-07-2019,Client,180718,190994,841694,257168,800384,345763,659012,547699,255793,99100,187015,114155,2523452,1956043
09-07-2019,FII,116476,132221,812102,537239,165826,229789,66311,83980,15071,13059,19252,10730,1352323,849733
09-07-2019,TOTAL,374164,374164,1812003,1812003,1158957,900815,1158957,900815,341748,185180,341748,185180,4772867,4772867
09-07-2019,DII,39967,26509,9613,935590,21407,79222,0,0,0,0,0,0,150209,962099
09-07-2019,Pro,36691,39874,152624,84789,125171,171427,394726,198161,50546,59376,120187,51964,595835,889701
09-07-2019,Client,181030,175560,837664,254385,846553,420377,697920,618674,276131,112745,202309,122486,2674500,2071334
10-07-2019,FII,119059,131925,818112,547552,168320,240881,76751,80858,15553,13415,20794,11176,1375340,869056
10-07-2019,Pro,35575,40837,157767,86277,122561,168789,427143,185188,52986,60413,131857,51734,598091,923036
10-07-2019,DII,39967,27151,9752,934494,21940,79442,0,0,0,0,0,0,151101,961645
10-07-2019,Client,182118,176806,836270,253578,925024,419247,733951,642313,299407,115590,215295,126508,2777656,2148451
10-07-2019,TOTAL,376719,376719,1821901,1821901,1237845,908359,1237845,908359,367946,189418,367946,189418,4902188,4902188
11-07-2019,TOTAL,365875,365875,1831465,1831465,626875,741366,626875,741366,374782,197618,374782,197618,4137981,4137981
11-07-2019,FII,118785,125792,824721,543482,153315,231367,48415,70397,16544,14613,21374,11667,1359345,821127
11-07-2019,DII,39967,27151,10400,940749,21940,79442,0,0,0,0,0,0,151749,967900
11-07-2019,Pro,24713,38643,159232,89005,92230,135827,175039,137964,57157,58900,129941,55212,528059,625804
11-07-2019,Client,182410,174289,837112,258229,359390,294730,403421,533005,301081,124105,223467,130739,2098828,1723150
12-07-2019,Client,179765,171963,831632,261757,463121,347050,510513,577300,314050,132547,231826,138372,2268165,1891731
12-07-2019,FII,121106,125649,833885,546210,173032,238639,56135,77231,17501,15452,22353,12069,1399615,839647
12-07-2019,DII,40645,25651,12957,941951,21940,78440,0,0,0,0,0,0,153982,967602
12-07-2019,Pro,22750,41003,164806,93362,111989,138316,203434,147914,59080,61544,136452,59102,558485,681267
12-07-2019,TOTAL,364266,364266,1843280,1843280,770082,802445,770082,802445,390631,209543,390631,209543,4380247,4380247
15-07-2019,Pro,22193,43437,169149,97959,119711,145658,246523,177128,60425,62698,143734,62647,579834,771428
15-07-2019,Client,175546,167517,825795,264355,564536,410936,583399,621912,326024,139992,237190,143292,2442829,2017665
15-07-2019,TOTAL,359752,359752,1850024,1850024,885596,882206,885596,882206,404077,218426,404077,218426,4600081,4600081
15-07-2019,DII,40645,26651,14552,942499,21940,78440,0,0,0,0,0,0,155577,969150
15-07-2019,FII,121368,122147,840528,545211,179409,247172,55674,83166,17628,15736,23153,12487,1421841,841838
16-07-2019,Client,174394,167477,828314,266376,546085,510008,571883,696093,324610,155682,242985,152293,2539093,2097107
16-07-2019,DII,40657,29651,14359,948815,21407,78440,0,0,0,0,0,0,154863,978466
16-07-2019,Pro,25340,41654,172279,107004,122744,139940,244464,199427,63975,63654,142443,69590,587932,804582
16-07-2019,TOTAL,368548,368548,1859341,1859341,870977,977988,870977,977988,407382,237279,407382,237279,4721515,4721515
16-07-2019,FII,128157,129766,844389,537146,180741,249600,54630,82468,18797,17943,21954,15396,1439627,841360
17-07-2019,DII,40667,29400,16502,947353,26799,76642,0,0,0,0,0,0,160610,976753
17-07-2019,Client,172806,159654,830287,271157,514214,591490,562080,749081,349393,164435,256264,161385,2622625,2159621
17-07-2019,FII,126801,133252,841816,542504,203770,257247,52755,84547,18379,18344,22418,14821,1466357,850297
17-07-2019,Pro,21914,39882,180995,108586,117510,141840,247458,233591,66348,67375,155438,73948,595982,858903
17-07-2019,TOTAL,362188,362188,1869600,1869600,862293,1067219,862293,1067219,434120,250154,434120,250154,4845574,4845574
18-07-2019,Pro,22291,41794,192856,120388,88647,124853,187719,147025,64440,70485,174216,71532,563572,742674
18-07-2019,DII,40664,27400,18844,949825,26799,77442,0,0,0,0,0,0,163749,977225
18-07-2019,FII,135255,125169,851507,574172,162508,247409,49373,73199,18231,18049,24292,14393,1432959,860598
18-07-2019,Client,172675,176522,856465,275287,407558,303102,448420,532582,387323,159151,271486,161760,2286274,1866057
18-07-2019,TOTAL,370885,370885,1919672,1919672,685512,752806,685512,752806,469994,247685,469994,247685,4446554,4446554
19-07-2019,DII,42438,21406,21933,953580,26799,78642,0,0,0,0,0,0,169812,974986
19-07-2019,TOTAL,366914,366914,1920962,1920962,959304,839784,959304,839784,483498,238022,483498,238022,4808484,4808484
19-07-2019,Client,170441,171931,845460,256498,663309,341808,609678,588294,403026,147161,269407,156384,2571205,2052192
19-07-2019,FII,128627,127204,856913,580071,159664,268640,71311,82575,18021,17258,26659,13775,1449123,901595
19-07-2019,Pro,25408,46373,196656,130813,109532,150694,278315,168915,62451,73603,187432,67863,618344,879711
22-07-2019,DII,43061,19571,22202,967314,27466,88287,0,0,0,0,0,0,181016,986885
22-07-2019,TOTAL,350605,350605,1929428,1929428,1080412,916321,1080412,916321,465728,236798,465728,236798,4979292,4979292
22-07-2019,FII,112640,123096,880147,583829,170147,272231,77124,84316,17791,16301,25371,13343,1469257,907079
22-07-2019,Client,165348,162078,830854,237062,756451,403980,676225,645150,381331,146758,255563,152029,2684722,2128107
22-07-2019,Pro,29556,45860,196225,141223,126348,151823,327063,186855,66606,73739,184794,71426,644297,957221
23-07-2019,Client,170909,169048,838679,241214,819724,422681,707179,671323,370509,146038,249850,149190,2768540,2187804
23-07-2019,FII,128328,144878,868192,575104,159872,278502,76332,91894,18204,14455,25704,12264,1467553,926176
23-07-2019,TOTAL,381434,381434,1924096,1924096,1135361,944236,1135361,944236,457444,234869,457444,234869,5077440,5077440
23-07-2019,Pro,37672,47961,193984,141990,128299,151907,351850,181019,68731,74376,181890,73415,654969,978125
23-07-2019,DII,44525,19547,23241,965788,27466,91146,0,0,0,0,0,0,186378,985335
24-07-2019,Client,174620,173909,833855,236589,872041,454275,735642,675417,351693,139205,239321,144615,2825689,2205493
24-07-2019,TOTAL,391760,391760,1912824,1912824,1202002,951707,1202002,951707,436415,225353,436415,225353,5120061,5120061
24-07-2019,Pro,39561,43756,180387,130259,130054,155714,380075,182068,68977,74464,175104,71239,649157,982501
24-07-2019,DII,50112,14714,24885,959685,27933,88131,0,0,0,0,0,0,191061,974399
24-07-2019,FII,127467,159381,873697,586291,171974,253587,86285,94222,15745,11684,21990,9499,1454154,957668
25-07-2019,Client,155577,159510,806007,201716,311209,287894,354701,491219,98027,64279,80580,72218,1722993,1359944
25-07-2019,Pro,31832,23784,128896,75675,90429,132425,157280,116305,25829,36425,44396,29473,445836,446913
25-07-2019,FII,76813,111620,815857,553438,122948,166419,36146,67225,5186,4227,4066,3240,1191450,775735
25-07-2019,DII,45291,14599,12537,932468,23541,88011,0,0,0,0,0,0,169380,947067
25-07-2019,TOTAL,309513,309513,1763297,1763297,548127,674749,548127,674749,129042,104931,129042,104931,3529659,3529659
26-07-2019,Client,156027,153662,815406,206435,380622,434525,433180,614000,133879,87891,113739,91325,2008350,1612341
26-07-2019,Pro,31712,21931,133250,85006,117673,155942,187452,164469,35581,42505,58044,40342,516663,557244
26-07-2019,DII,46160,9828,13331,950324,23541,88011,0,0,0,0,230,0,171043,960382
26-07-2019,TOTAL,306792,306792,1793176,1793176,659478,855061,659478,855061,181442,138544,181442,138544,3934493,3934493
26-07-2019,FII,72893,121371,831189,551411,137642,176583,38846,76592,11982,8148,9429,6877,1238437,804526
29-07-2019,FII,64981,133924,837474,558502,155699,199042,46331,81008,13969,10342,13405,7657,1281507,840827
29-07-2019,Client,160781,150360,816347,209592,546986,443391,536074,638783,167371,93157,132261,99580,2228033,1766650
29-07-2019,Pro,39335,21602,134033,79097,138521,192095,282342,202758,36973,48174,72417,44436,589131,702652
29-07-2019,DII,50664,9875,14229,954892,23541,88021,0,0,0,0,230,0,176455,964997
29-07-2019,TOTAL,315761,315761,1802083,1802083,864747,922549,864747,922549,218313,151673,218313,151673,4275126,4275126
30-07-2019,Client,162197,159653,799636,209536,741622,385954,621965,618214,197178,98490,151056,106516,2385077,1866940
30-07-2019,DII,49311,9301,15353,966112,23541,84789,0,0,0,0,263,0,172994,975676
30-07-2019,Pro,36127,24180,139545,76554,144989,193212,394263,177155,41707,54099,87980,48618,609679,808750
30-07-2019,FII,67630,122131,859961,562293,160551,215763,54475,84349,15518,11194,15104,8649,1330617,847001
30-07-2019,TOTAL,315265,315265,1814495,1814495,1070703,879718,1070703,879718,254403,163783,254403,163783,4498367,4498367
31-07-2019,Client,166395,163204,809553,208907,733555,516633,623279,703162,210905,110325,165724,111783,2547366,1976059
31-07-2019,Pro,37441,22413,138657,79857,150031,197043,392602,240588,47468,55339,94167,55938,625979,885565
31-07-2019,DII,56719,8862,16800,990658,23561,81077,0,0,0,0,287,0,178157,999807
31-07-2019,TOTAL,322565,322565,1840485,1840485,1082892,1025514,1082892,1025514,275764,177541,275764,177541,4724761,4724761
31-07-2019,FII,62010,128086,875475,561063,175745,230761,67011,81764,17391,11877,15586,9820,1373259,863330
01-08-2019,TOTAL,354091,354091,1864664,1864664,776868,774975,776868,774975,299439,180642,299439,180642,4250679,4250679
01-08-2019,FII,58850,149566,881701,576591,179857,231492,71591,88247,20026,13315,18180,10039,1385241,914214
01-08-2019,Pro,50026,24449,146728,80236,109919,169676,249029,146234,46069,58508,103639,54393,580926,657980
01-08-2019,Client,180470,171634,817446,203654,463551,295251,456248,540494,233344,108819,177333,116210,2098881,1665573
01-08-2019,DII,64745,8442,18789,1004183,23541,78556,0,0,0,0,287,0,185631,1012912
02-08-2019,TOTAL,360273,360273,1887332,1887332,884038,914517,884038,914517,313865,191593,313865,191593,4551618,4551618
02-08-2019,Client,183400,166890,813960,200485,524434,410808,505885,639125,240330,118471,184610,121922,2291403,1818917
02-08-2019,FII,59744,161778,904141,580131,197694,240395,98480,93329,24858,14395,19309,11503,1441227,964530
02-08-2019,Pro,48920,23595,150077,83807,138304,185168,279673,182063,48677,58727,109421,58168,629873,736727
02-08-2019,DII,68209,8010,19154,1022909,23606,78146,0,0,0,0,525,0,189115,1031444
05-08-2019,TOTAL,381554,381554,1903356,1903356,1091378,931371,1091378,931371,339174,195886,339174,195886,4842719,4842719
05-08-2019,Client,190454,164890,800604,199536,698137,422619,603726,640526,263062,117486,195533,123187,2492362,1927398
05-08-2019,DII,72872,7995,18782,1027597,23606,78126,0,0,0,0,775,0,193386,1036367
05-08-2019,FII,70103,184111,932007,590129,228537,244790,123749,95839,25550,14358,20921,11665,1515345,1026414
05-08-2019,Pro,48125,24558,151963,86094,141098,185836,363903,195006,50562,64042,121945,61034,641626,852540
06-08-2019,Pro,41418,23380,151504,90465,150494,194945,347219,250056,54457,64696,127052,66179,657514,904351
06-08-2019,FII,67451,189342,939427,585164,240411,252897,129150,100489,27167,15381,21221,12461,1542734,1037827
06-08-2019,TOTAL,373059,373059,1910905,1910905,1061477,1074541,1061477,1074541,351914,206802,351914,206802,4978698,4978698
06-08-2019,DII,76090,7600,19603,1029632,23646,78126,0,0,0,0,975,0,197465,1038207
06-08-2019,Client,188100,152737,800371,205644,646926,548573,585108,723996,270290,126725,202666,128162,2580985,1998313
07-08-2019,DII,74826,7165,20049,1021143,23606,87330,0,0,0,0,975,0,205811,1029283
07-08-2019,FII,66021,200885,945792,584376,244227,250731,122136,92801,27564,15852,21824,12581,1550187,1034603
07-08-2019,Pro,42539,23018,156429,86565,143567,196655,444662,236379,52406,68204,139856,67247,659800,997727
07-08-2019,TOTAL,374229,374229,1901843,1901843,1269250,1037015,1269250,1037015,374790,211680,374790,211680,5168807,5168807
07-08-2019,Client,190843,143161,779573,209759,857850,502299,702452,707835,294820,127624,212135,131852,2753009,2107194
08-08-2019,DII,70669,6988,21693,1028015,23568,85330,0,0,0,0,975,0,201260,1035978
08-08-2019,FII,68538,199063,947563,582808,227365,250328,100070,95956,27332,16414,22006,13820,1537540,1013723
08-08-2019,Pro,39101,20406,160672,91416,142354,166221,235388,181526,60412,66253,135640,69979,635013,734355
08-08-2019,TOTAL,369035,369035,1909925,1909925,780069,877967,780069,877967,372472,219269,372472,219269,4528737,4528737
08-08-2019,Client,190727,142578,779997,207686,386782,376088,444611,600485,284728,136602,213851,135470,2154924,1744681
09-08-2019,TOTAL,351621,351621,1895201,1895201,864357,1003272,864357,1003272,387793,231796,387793,231796,4734040,4734040
09-08-2019,Client,179029,123372,760552,203400,447623,477202,508285,687562,298378,146622,219376,142724,2309406,1884719
09-08-2019,FII,68728,204173,951152,601687,241175,253365,96645,103427,27327,17203,22226,14092,1558950,1042250
09-08-2019,DII,65646,6628,23623,1003512,23541,85330,0,0,0,0,975,0,198140,1011115
09-08-2019,Pro,38218,17448,159874,86602,152018,187375,259427,212283,62088,67971,145216,74980,667544,795956
13-08-2019,DII,65266,7756,25918,985024,23541,86650,0,0,0,0,975,0,201375,993755
13-08-2019,FII,68782,204664,948317,626897,246173,267830,105063,99918,34744,18242,28937,14238,1584088,1079717
13-08-2019,Pro,40192,23821,173491,86068,142716,199948,415590,214684,57869,75111,162486,76388,689327,979037
13-08-2019,TOTAL,355422,355422,1908640,1908640,1218675,967284,1218675,967284,429459,238233,429459,238233,5117713,5117713
13-08-2019,Client,181182,119181,760914,210651,806245,412856,698022,652682,336846,144880,237061,147607,2642923,2065204
14-08-2019,DII,67059,7756,25709,983410,23541,85330,0,0,0,0,942,0,201639,992108
14-08-2019,Pro,29847,20938,176914,85510,129580,163062,222407,174444,60165,70461,157733,78573,630029,739605
14-08-2019,Client,176901,120518,753271,211139,394682,344235,454163,586973,334916,157265,243028,151999,2161270,1767820
14-08-2019,TOTAL,354399,354399,1905739,1905739,782448,857401,782448,857401,430703,246636,430703,246636,4577326,4577326
14-08-2019,FII,80592,205187,949845,625680,234645,264774,105878,95984,35622,18910,29000,16064,1584388,1077793
16-08-2019,TOTAL,370349,370349,1926398,1926398,897877,1039666,897877,1039666,431351,252880,431351,252880,4918521,4918521
16-08-2019,FII,82251,211635,945977,629841,249489,275088,113798,105749,36234,18633,29819,16854,1607672,1107696
16-08-2019,Pro,28002,26726,183748,90016,167039,177559,252838,237774,62104,68601,157039,81675,687053,846068
16-08-2019,DII,76947,8367,26393,994201,23541,85330,0,0,0,0,942,0,212211,1003510
16-08-2019,Client,183149,123621,770280,212340,457808,501689,531241,696143,333013,165646,243551,154351,2411585,1961247
19-08-2019,FII,78841,210070,940740,632669,246462,281168,122499,112155,35276,19431,30533,16576,1601918,1124502
19-08-2019,TOTAL,365965,365965,1930110,1930110,1002664,1089370,1002664,1089370,444391,255830,444391,255830,5088330,5088330
19-08-2019,DII,75124,8347,27701,989588,23541,85330,0,0,0,0,942,0,211696,998877
19-08-2019,Pro,31516,20928,190841,94036,148581,192117,288995,238648,62199,69370,163515,83144,694624,889266
19-08-2019,Client,180484,126620,770828,213817,584080,530755,591170,738567,346916,167029,249401,156110,2580092,2075685
20-08-2019,Client,180744,132659,782214,217203,675327,539336,644446,760171,362336,166800,255919,158747,2706757,2169145
20-08-2019,DII,75084,8253,28232,986741,23581,76126,0,0,0,0,942,0,203023,995936
20-08-2019,Pro,31190,23321,208717,108775,155241,195518,326713,229295,64255,72498,174626,84094,727419,946824
20-08-2019,TOTAL,372231,372231,1959135,1959135,1097759,1101393,1097759,1101393,461456,259136,461456,259136,5251110,5251110
20-08-2019,FII,85213,207998,939972,646416,243610,290413,126600,111927,34865,19838,29969,16295,1613911,1139205
21-08-2019,Client,183047,142716,786877,222023,884315,477593,734709,737350,378310,161059,259357,158298,2871201,2254453
21-08-2019,DII,75084,8173,28650,985157,23581,82426,0,0,0,0,942,0,209741,994272
21-08-2019,TOTAL,389623,389623,1971918,1971918,1297819,1062529,1297819,1062529,476818,257750,476818,257750,5456457,5456457
21-08-2019,FII,91033,214157,940659,649819,238799,304823,144357,117844,34354,19814,31707,16265,1629482,1174149
21-08-2019,Pro,40459,24577,215732,114919,151124,197687,418753,207335,64154,76877,184812,83187,746033,1033583
22-08-2019,TOTAL,406600,406600,1994237,1994237,932789,808201,932789,808201,491105,253782,491105,253782,4886714,4886714
22-08-2019,Client,194576,150804,787537,222649,546138,292018,514984,576901,391197,154094,260457,155265,2365560,1881060
22-08-2019,FII,95941,218802,952522,660864,229366,290798,130844,84782,34316,20293,33915,16665,1623236,1145872
22-08-2019,DII,78694,7465,28429,985702,28648,84356,0,0,0,0,942,0,220127,994109
22-08-2019,Pro,37389,29529,225749,125022,128637,141029,286961,146518,65592,79395,195791,81852,677791,865673
23-08-2019,Client,191535,155292,796773,215670,592666,392250,565541,645168,366585,162763,250149,155740,2502572,1987560
23-08-2019,DII,79844,7961,29264,1004780,28910,84252,0,0,0,0,942,0,222270,1013683
23-08-2019,TOTAL,398948,398948,2012260,2012260,1017924,918869,1017924,918869,472141,260724,472141,260724,5080866,5080866
23-08-2019,Pro,33695,23906,225368,132986,150122,147079,281519,174762,70869,77132,186493,86340,704265,886006
23-08-2019,FII,93874,211789,960855,658824,246226,295288,170864,98939,34687,20829,34557,18644,1651759,1193617
26-08-2019,TOTAL,394321,394321,2028654,2028654,978857,1156297,978857,1156297,450185,260992,450185,260992,5269306,5269306
26-08-2019,FII,93467,208896,984466,659269,265367,303585,143706,124027,33522,20249,31501,17533,1700656,1184932
26-08-2019,DII,81037,6955,25608,1007583,23661,82492,0,0,0,0,942,0,212798,1015480
26-08-2019,Pro,33057,23981,223906,140316,158645,172389,288708,267342,75177,76221,177703,90732,739395,988782
26-08-2019,Client,186760,154489,794674,221486,531184,597831,546443,764928,341486,164522,240039,152727,2616457,2080112
27-08-2019,Pro,30556,29656,207855,136015,167345,162053,316182,294710,79015,75777,173246,93219,722601,1043028
27-08-2019,DII,80870,7372,26716,1012497,23661,82492,0,0,0,0,942,0,213739,1020811
27-08-2019,FII,105631,214303,990884,631751,271153,326873,155057,151788,31457,18733,27764,15952,1744731,1196615
27-08-2019,Client,186384,152110,782436,227628,606471,677509,597391,802429,325934,167523,234454,152862,2746257,2166874
27-08-2019,TOTAL,403441,403441,2007891,2007891,1068630,1248927,1068630,1248927,436406,262033,436406,262033,5427328,5427328
28-08-2019,Pro,41280,23420,199832,124387,143928,164815,380759,268842,76595,80785,177904,88389,707235,1063701
28-08-2019,DII,80658,7327,26095,1014005,23661,80292,0,0,0,0,712,0,210706,1022044
28-08-2019,FII,115902,242436,984643,635099,267130,363686,157462,166466,28334,15946,24736,12682,1775641,1238881
28-08-2019,Client,187788,152445,788519,225598,781713,591102,678211,764587,331677,155309,233254,150969,2836108,2205064
28-08-2019,TOTAL,425628,425628,1999089,1999089,1216432,1199895,1216432,1199895,436606,252040,436606,252040,5529690,5529690
29-08-2019,DII,83177,7151,38489,1083382,23661,80292,0,0,0,0,712,0,225619,1091245
29-08-2019,FII,117995,260755,1000602,634809,255243,385110,174468,169914,27643,14256,23965,10546,1800849,1274457
29-08-2019,Pro,64438,24630,184247,103142,159458,163604,365812,197770,79499,85040,168540,82995,736286,942889
29-08-2019,TOTAL,464748,464748,2040543,2040543,1539213,1248812,1539213,1248812,438901,243677,438901,243677,5975894,5975894
29-08-2019,Client,199138,172212,817205,219210,1100851,619806,998933,881128,331759,144381,245684,150136,3213140,2667303
30-08-2019,FII,32551,135435,943656,546777,164504,301851,116497,121044,12735,8149,12530,6519,1463446,938802
30-08-2019,Client,172403,159776,771768,200112,492075,372211,473642,613157,133898,77744,105138,83763,2020099,1635588
30-08-2019,DII,81547,7107,8498,1035458,16482,90292,0,0,0,0,0,0,196819,1042565
30-08-2019,TOTAL,316703,316703,1860832,1860832,793451,899387,793451,899387,186590,136098,186590,136098,4193061,4193061
30-08-2019,Pro,30202,14385,136910,78485,120390,135033,203312,165186,39957,50205,68922,45816,512697,576106
03-09-2019,TOTAL,332999,332999,1873712,1873712,1135542,927368,1135542,927368,227408,149494,227408,149494,4646523,4646523
03-09-2019,Pro,34194,18793,142402,78603,133863,157300,358111,164811,39135,56726,86197,47667,563620,754182
03-09-2019,Client,183800,167010,782541,199787,808328,363896,650835,653686,174402,82433,126233,94720,2395400,1892271
03-09-2019,FII,37362,135961,940596,560860,171751,310826,126596,108871,13871,10335,14838,7107,1484741,954233
03-09-2019,DII,77643,11235,8173,1034462,21600,95346,0,0,0,0,140,0,202762,1045837
04-09-2019,FII,32083,117211,941321,561089,195631,303266,140184,126864,15577,11765,15917,8601,1499643,969866
04-09-2019,DII,78061,11210,8465,1042326,21600,98366,0,0,0,0,140,0,206492,1053676
04-09-2019,TOTAL,323204,323204,1897756,1897756,1183403,1127197,1183403,1127197,250432,161722,250432,161722,4943714,4943714
04-09-2019,Client,181505,171482,798230,206181,802949,552698,667332,751912,190965,91188,143316,100866,2617535,2041089
04-09-2019,Pro,31555,23301,149740,88160,163223,172867,375887,248421,43890,58769,91059,52255,620044,879083
05-09-2019,DII,78061,10088,10429,1042901,21600,98374,0,0,0,0,308,0,208464,1053297
05-09-2019,TOTAL,332370,332370,1905448,1905448,742166,814716,742166,814716,272592,175423,272592,175423,4242715,4242715
05-09-2019,Pro,36018,22450,153805,91809,124969,136150,197723,134815,47741,59863,97640,57043,558546,601480
05-09-2019,Client,190339,172876,793069,212598,431771,311144,436141,571772,208603,102982,157593,108585,2037908,1659565
05-09-2019,FII,27952,126956,948145,558140,163826,269048,108302,108129,16248,12578,17051,9795,1437797,928373
06-09-2019,FII,34633,129197,943945,565317,189185,288785,124564,114518,18440,13442,17083,11515,1488430,962194
06-09-2019,TOTAL,325108,325108,1917602,1917602,829009,977233,829009,977233,283059,188287,283059,188287,4520298,4520298
06-09-2019,Pro,30649,22252,154995,95627,151509,153759,215418,189309,52022,59165,96642,62261,602099,681509
06-09-2019,DII,72303,9158,10830,1044443,21600,98394,0,0,0,0,878,0,203127,1054479
06-09-2019,Client,187523,164501,807832,212215,466715,436295,489027,673406,212597,115680,168456,114511,2226642,1822116
09-09-2019,FII,37533,129977,938964,562411,208284,294012,114677,118810,18922,14102,18117,12446,1511817,956438
09-09-2019,TOTAL,325128,325128,1919617,1919617,875911,1157708,875911,1157708,294148,203778,294148,203778,4776290,4776290
09-09-2019,Client,189777,162586,810626,215238,492526,604152,524200,776273,220113,129834,177997,123384,2447028,1979678
09-09-2019,DII,68163,9148,12343,1044029,20401,98389,0,0,0,0,1152,0,199296,1054329
09-09-2019,Pro,29655,23417,157684,97939,154700,161155,237034,262625,55113,59842,96882,67948,618149,785845
11-09-2019,DII,66218,8248,13746,1047268,20401,98364,0,0,0,0,1152,0,198729,1056668
11-09-2019,TOTAL,334015,334015,1926224,1926224,969289,1313861,969289,1313861,309337,223973,309337,223973,5076699,5076699
11-09-2019,FII,45097,137528,946112,554334,218606,307659,123920,122006,19802,15449,19614,14776,1552725,972178
11-09-2019,Pro,38852,24150,159347,104760,164999,175623,290889,329585,58826,59706,101040,77468,657353,927892
11-09-2019,Client,183848,164089,807019,219862,565283,732215,554480,862270,230709,148818,187531,131729,2667892,2119961
12-09-2019,DII,65131,8429,20893,1038739,20401,98359,0,0,0,0,1152,0,204784,1048320
12-09-2019,Pro,36600,21172,157458,95231,116758,135057,198299,168160,55772,62260,110804,74796,563905,668462
12-09-2019,TOTAL,331926,331926,1901444,1901444,750207,888663,750207,888663,327998,225184,327998,225184,4425422,4425422
12-09-2019,Client,181984,149018,784872,213020,419336,353850,429448,607934,251916,146429,194448,135524,2138387,1729392
12-09-2019,FII,48211,153307,938221,554454,193712,301397,122460,112569,20310,16495,21594,14864,1518346,979248
13-09-2019,Pro,34074,22783,169955,104084,165796,164923,220329,242184,60341,60567,110422,78303,655656,778105
13-09-2019,DII,61088,4996,21106,1047182,27132,97359,0,0,0,0,1152,0,206685,1053330
13-09-2019,TOTAL,336565,336565,1935282,1935282,837902,1108360,837902,1108360,332929,235302,332929,235302,4786340,4786340
13-09-2019,FII,56567,158696,943198,562316,202465,315679,119185,122832,20724,16519,21220,15789,1555152,1000038
13-09-2019,Client,184836,150090,801023,221700,442509,530399,498388,743344,251864,158216,200135,141210,2368847,1954867
16-09-2019,Pro,42062,24995,171135,102644,176377,180980,302903,234089,56092,65105,124611,75449,691751,864691
16-09-2019,TOTAL,345248,345248,1939662,1939662,1020738,1115781,1020738,1115781,359583,235805,359583,235805,5016817,5016817
16-09-2019,FII,52749,176473,944480,571119,203306,341037,130984,124672,21113,17319,22093,15500,1580004,1040841
16-09-2019,DII,63101,5006,21003,1047212,27132,97359,0,0,0,0,1152,0,208595,1053370
16-09-2019,Client,187336,138774,803044,218687,613923,496405,586851,757020,282378,153381,211727,144856,2536467,2057915
17-09-2019,Client,187570,141420,801462,226822,884973,397260,716958,710307,319502,140000,221608,147300,2730767,2164415
17-09-2019,DII,73579,8980,21305,1040886,27132,102159,0,0,0,0,1324,0,224175,1051190
17-09-2019,TOTAL,357235,357235,1953251,1953251,1285262,1072419,1285262,1072419,391507,231601,391507,231601,5291275,5291275
17-09-2019,FII,65309,176227,954850,578271,194524,381409,158821,137272,20085,17933,23519,14842,1634110,1088952
17-09-2019,Pro,30777,30608,175634,107272,178633,191591,409483,224840,51920,73668,145056,69459,702223,986718
18-09-2019,TOTAL,354569,354569,1974515,1974515,1319990,1137371,1319990,1137371,399412,238309,399412,238309,5424166,5424166
18-09-2019,FII,74484,179405,970453,583414,185882,376676,169694,138039,20562,17745,23394,14742,1645802,1108688
18-09-2019,Client,178053,135677,798170,229407,930134,486583,739241,763870,323695,147103,230328,150125,2863738,2248648
18-09-2019,DII,73575,11835,21464,1043551,27132,102159,0,0,0,0,1324,0,224330,1056710
18-09-2019,Pro,28457,27652,184428,118143,176842,171953,411055,235462,55155,73461,144366,73442,690296,1010120
19-09-2019,Client,192613,140757,805560,230991,591453,293771,516709,613782,354720,135360,239020,150673,2373477,1891932
19-09-2019,Pro,33439,28861,200107,125551,144932,139807,258406,150628,54391,82543,165072,71339,655219,799857
19-09-2019,DII,79383,12366,20096,1045045,33132,99979,0,0,0,0,1324,0,232590,1058735
19-09-2019,FII,61712,185163,976750,600926,159781,335351,154183,104498,20974,18671,24669,14562,1573239,1084001
19-09-2019,TOTAL,367147,367147,2002513,2002513,929298,868908,929298,868908,430085,236574,430085,236574,4834525,4834525
20-09-2019,FII,112637,177317,1009803,599507,200424,343167,171605,145442,28376,20454,22842,17858,1714861,1134571
20-09-2019,Client,164263,146122,791032,229399,426415,581202,453384,753375,227133,166419,192351,143253,2356464,1917884
20-09-2019,Pro,28305,62761,193732,152202,215394,168846,233726,286502,81716,71100,121116,96862,759093,953169
20-09-2019,TOTAL,389900,389900,2014659,2014659,858715,1185319,858715,1185319,337329,257973,337329,257973,5043895,5043895
20-09-2019,DII,84695,3700,20092,1033551,16482,92104,0,0,104,0,1020,0,213477,1038271
23-09-2019,FII,125583,167983,1029944,603476,232773,382466,188599,162704,28552,21390,23363,17849,1820708,1163974
23-09-2019,Pro,25814,63684,193238,155238,211943,164449,242512,347409,86323,74626,127032,102180,756393,1038055
23-09-2019,Client,155795,152244,777755,259475,461417,704702,491574,831808,228091,171521,191551,147508,2499281,2074160
23-09-2019,TOTAL,387726,387726,2026290,2026290,922685,1341921,922685,1341921,342966,267537,342966,267537,5289125,5289125
23-09-2019,DII,80534,3815,25353,1008101,16552,90304,0,0,0,0,1020,0,212743,1012936
24-09-2019,TOTAL,376820,376820,2033933,2033933,1021412,1351412,1021412,1351412,353713,273031,353713,273031,5410321,5410321
24-09-2019,Client,144864,147251,807766,248754,571566,707179,551197,840998,240452,175916,196873,151447,2647743,2136520
24-09-2019,DII,78567,6104,23401,1026099,16552,90304,0,0,0,0,1020,0,208824,1033223
24-09-2019,FII,130863,162927,1015142,599632,225975,391388,194545,160601,27783,20681,22770,18595,1811832,1159070
24-09-2019,Pro,22526,60538,187624,159448,207319,162541,275670,349813,85478,76434,133050,102989,741922,1081508
25-09-2019,FII,114440,149915,997268,593052,248146,413461,207803,172880,24121,19875,18191,17227,1817311,1159068
25-09-2019,Pro,20775,55826,173152,136246,203569,179582,337894,317873,82584,81110,141770,94808,740772,1084417
25-09-2019,DII,70965,3606,21396,1038940,16572,90304,0,0,0,0,1113,0,199237,1043659
25-09-2019,Client,149311,146144,815727,239305,703069,616811,625659,809405,256123,162092,201754,151042,2703133,2173309
25-09-2019,TOTAL,355491,355491,2007543,2007543,1171356,1300158,1171356,1300158,362828,263077,362828,263077,5460453,5460453
26-09-2019,FII,52487,101818,947956,554308,123672,199445,76761,62379,2363,3525,3285,2889,1329448,801440
26-09-2019,TOTAL,252700,252700,1857759,1857759,556272,711607,556272,711607,143592,103894,143592,103894,3625824,3625824
26-09-2019,Pro,16331,21735,123176,79190,96599,117765,132946,142341,29097,36305,46637,28397,419273,451246
26-09-2019,Client,124780,124394,775239,191973,319409,319630,346565,506887,112132,64064,93503,72608,1715254,1335930
26-09-2019,DII,59102,4753,11388,1032288,16592,74767,0,0,0,0,167,0,161849,1037208
27-09-2019,DII,59098,4753,11475,1039633,21513,74767,0,0,0,0,167,0,166853,1044553
27-09-2019,TOTAL,254785,254785,1889587,1889587,772481,849783,772481,849783,197111,131557,197111,131557,4095304,4095304
27-09-2019,Client,131115,125628,802709,197708,480001,391302,471684,605282,154303,81607,122636,89895,2041037,1612833
27-09-2019,FII,48202,99452,938545,569111,138083,233528,109828,70024,5850,6949,7186,5654,1371157,861255
27-09-2019,Pro,16370,24952,136858,83135,132884,150186,190969,174477,36958,43001,67122,36008,516257,576663
30-09-2019,Pro,22378,27523,143512,87683,147681,165001,273413,190426,41618,50083,80976,41543,570273,701564
30-09-2019,Client,137675,146849,826197,205621,674467,418120,603689,639680,187597,89776,146185,99186,2333832,1841210
30-09-2019,TOTAL,275840,275840,1925367,1925367,998296,910274,998296,910274,236795,148175,236795,148175,4494747,4494747
30-09-2019,DII,62753,7968,11917,1050757,21513,75615,0,0,0,0,600,0,171798,1059325
30-09-2019,FII,53034,93500,943741,581306,154635,251538,121194,80168,7580,8316,9034,7446,1418844,892648
01-10-2019,Pro,27351,29878,153568,88894,154003,159576,330318,176214,45749,57869,95034,45444,598116,765782
01-10-2019,FII,60625,101216,951043,603223,173052,266963,132888,88411,10335,10115,12937,9215,1472133,947890
01-10-2019,DII,63252,7948,11288,1056002,23262,75615,0,0,0,0,1088,0,173417,1065038
01-10-2019,TOTAL,298046,298046,1947958,1947958,1149416,885885,1149416,885885,272135,163930,272135,163930,4717370,4717370
01-10-2019,Client,146818,159004,832059,199839,799099,383731,686210,621260,216051,95946,163076,109271,2473704,1938660
03-10-2019,FII,56680,110071,954673,610989,154362,241166,100423,77542,13278,11475,15749,10982,1431634,925756
03-10-2019,Pro,27584,28392,153043,92653,95561,135219,159453,143672,49064,59851,100470,50439,520322,575079
03-10-2019,DII,65052,7948,11571,1066802,23262,82720,0,0,0,0,1233,0,182605,1075983
03-10-2019,TOTAL,307243,307243,1968078,1968078,679506,741663,679506,741663,295947,180301,295947,180301,4172738,4172738
03-10-2019,Client,157927,160832,848791,197634,406321,282558,419630,520449,233605,108975,178495,118880,2038177,1595920
04-10-2019,Client,164003,157861,840204,193147,698642,319477,623755,593857,256123,112814,190492,124766,2391263,1883878
04-10-2019,TOTAL,306804,306804,1956126,1956126,1032537,859795,1032537,859795,318053,188192,318053,188192,4661507,4661507
04-10-2019,DII,63164,7893,11374,1066555,26722,92206,0,0,0,0,1361,0,193466,1075809
04-10-2019,FII,54123,114709,948326,610202,177965,284852,137392,95397,14683,12154,18394,11959,1492103,988053
04-10-2019,Pro,25514,26341,156222,86222,129208,163260,271390,170541,47247,63224,107806,51467,584675,713767
07-10-2019,FII,56374,107223,950560,605626,186467,283751,130177,99635,16317,12322,20138,13017,1505791,975816
07-10-2019,Client,157804,155529,840696,204284,752646,392002,675841,647768,272401,122873,203105,131014,2538422,2017541
07-10-2019,TOTAL,297640,297640,1962240,1962240,1097686,937599,1097686,937599,339240,200791,339240,200791,4835196,4835196
07-10-2019,DII,63148,7823,11295,1066479,26722,95266,0,0,0,0,1361,0,196431,1075663
07-10-2019,Pro,20314,27065,159689,85851,131851,166580,291668,190196,50522,65596,114636,56760,594552,766176
09-10-2019,Pro,22792,23811,159233,93361,149867,169894,281752,279576,55213,64762,112687,61108,621761,852295
09-10-2019,DII,54556,7840,11604,1068549,26732,95181,0,0,298,0,1346,0,188371,1077735
09-10-2019,FII,47996,102873,950880,588633,200038,292715,132361,118563,16648,13793,21973,15179,1522070,979582
09-10-2019,Client,155855,146675,836099,207273,632968,628600,595492,788251,271495,134411,207648,136679,2659428,2082018
09-10-2019,TOTAL,281199,281199,1957816,1957816,1009605,1186390,1009605,1186390,343654,212966,343654,212966,4991630,4991630
10-10-2019,Pro,17673,26125,162746,92013,99380,124915,170022,150016,55597,69032,127535,63938,529343,629649
10-10-2019,DII,57581,7840,13557,1057639,26732,95186,0,0,258,0,1436,0,193314,1066915
10-10-2019,FII,53166,115074,950857,598549,177426,262391,113232,86323,17022,14533,24163,16034,1475395,953375
10-10-2019,Client,161742,141123,836494,215453,424978,303742,445262,549895,304513,141706,224256,145299,2173175,1721288
10-10-2019,TOTAL,290162,290162,1963654,1963654,728516,786234,728516,786234,377390,225271,377390,225271,4371227,4371227
11-10-2019,DII,60581,7840,13996,1058840,26732,95186,0,0,258,0,1636,0,196753,1068316
11-10-2019,FII,56055,109728,947394,602868,195080,265397,131832,103732,20771,16436,24885,18235,1501133,991280
11-10-2019,Pro,20133,23504,167669,92818,141123,155272,222873,171622,56403,68031,130706,65073,608631,706596
11-10-2019,TOTAL,295714,295714,1975802,1975802,900531,902731,900531,902731,390593,232724,390593,232724,4698095,4698095
11-10-2019,Client,158945,154642,846743,221276,537596,386876,545826,627377,313161,148257,233366,149416,2391578,1931903
14-10-2019,FII,60256,101661,950024,597111,206959,275930,142177,110060,21689,16844,25594,19189,1531702,995792
14-10-2019,Client,155376,153411,836623,224127,568416,463883,570044,674793,323172,156754,241833,154767,2504224,2018975
14-10-2019,DII,55446,7840,16581,1058467,24962,95186,0,0,250,0,1790,0,192425,1068097
14-10-2019,TOTAL,289524,289524,1969862,1969862,930177,991762,930177,991762,403367,243151,403367,243151,4827843,4827843
14-10-2019,Pro,18446,26612,166634,90157,129840,156763,217956,206909,58256,69553,134150,69195,599492,744979
15-10-2019,TOTAL,296061,296061,1985612,1985612,937074,1163852,937074,1163852,411491,256484,411491,256484,5050574,5050574
15-10-2019,Pro,21220,34467,169303,97993,147999,161505,219176,256776,62604,70160,133717,75153,632791,817282
15-10-2019,Client,152921,158791,840862,232974,546548,630375,573860,786930,325245,168263,249837,160260,2664214,2162652
15-10-2019,FII,63490,95604,957893,596594,219265,276786,144038,120146,23474,18055,26047,21071,1558963,1003500
15-10-2019,DII,58430,7199,17554,1058051,23262,95186,0,0,168,6,1890,0,194606,1067140
16-10-2019,FII,62992,91732,965326,590995,214974,270375,141590,123986,25117,18375,27028,21180,1557159,996511
16-10-2019,DII,53782,7199,19324,1062517,23262,95186,0,0,100,0,2023,0,191654,1071739
16-10-2019,TOTAL,287346,287346,1998326,1998326,1020591,1194741,1020591,1194741,423912,261232,423912,261232,5186148,5186148
16-10-2019,Client,150518,155871,842356,241382,635637,671691,622215,804000,334045,169730,255016,162737,2803977,2241221
16-10-2019,Pro,20054,32544,171320,103432,146718,157489,256786,266755,64650,73127,139845,77315,633358,876677
17-10-2019,DII,55893,11185,21204,1057904,28629,95289,0,0,23,0,2023,0,201038,1071112
17-10-2019,FII,67385,84913,969763,569078,186965,252872,122410,102096,24288,19730,26321,22766,1521003,927584
17-10-2019,Pro,18815,32792,168852,117420,117748,127311,148892,189614,71442,70790,133976,86689,574958,709383
17-10-2019,Client,145891,159094,829720,245137,362892,451089,424932,634851,314285,183172,247718,164237,2287049,1875969
17-10-2019,TOTAL,287984,287984,1989539,1989539,696234,926561,696234,926561,410038,273692,410038,273692,4584048,4584048
18-10-2019,Client,139885,147999,808314,237129,415062,556765,483641,725573,313111,192949,243395,170493,2426086,2008230
18-10-2019,TOTAL,277383,277383,1968556,1968556,795942,1063435,795942,1063435,412140,286822,412140,286822,4804278,4804278
18-10-2019,FII,61199,86049,971071,563166,212527,261946,138010,128498,25320,21995,27725,23712,1554058,967160
18-10-2019,DII,56425,11185,21842,1050929,30955,94441,0,0,0,0,1863,0,203663,1063977
18-10-2019,Pro,19874,32150,167329,117332,137398,150283,174291,209364,73709,71878,139157,92617,620471,764911
22-10-2019,DII,56416,16966,25213,1062730,34016,94441,0,0,0,0,1863,0,210086,1081559
22-10-2019,TOTAL,296234,296234,1988702,1988702,924526,1130434,924526,1130434,440277,301797,440277,301797,5081970,5081970
22-10-2019,FII,75539,87290,971446,560068,206496,271852,141547,126690,25705,25937,31274,28236,1576975,975105
22-10-2019,Client,144604,156636,816787,241693,541360,607504,552437,775665,337570,204159,258450,174990,2651984,2159871
22-10-2019,Pro,19675,35342,175256,124211,142654,156637,230542,228079,77002,71701,148690,98571,642925,865435
23-10-2019,DII,55678,17441,25570,1064488,34016,94441,0,0,0,0,1863,0,209705,1083792
23-10-2019,FII,74386,90972,976894,559936,206287,286081,148369,125906,28394,27077,34455,28686,1599119,988324
23-10-2019,Client,140245,150319,817447,242236,611221,645110,591922,802691,347383,210674,267996,179910,2772080,2235074
23-10-2019,TOTAL,291358,291358,1996858,1996858,999057,1188249,999057,1188249,454578,309698,454578,309698,5239798,5239798
23-10-2019,Pro,21049,32626,176947,130198,147533,162617,258766,259652,78801,71947,150264,101102,658894,932608
24-10-2019,Client,143183,152119,826552,250456,428274,371273,434767,573333,357134,207821,275713,177791,2334237,1864179
24-10-2019,FII,76269,97856,975946,568216,151776,244126,115232,89908,28801,26771,33587,28498,1503689,933297
24-10-2019,TOTAL,300797,300797,2020130,2020130,718943,810141,718943,810141,464452,306606,464452,306606,4621069,4621069
24-10-2019,DII,55164,17441,28037,1063137,34016,77055,0,0,0,0,1863,0,194272,1082441
24-10-2019,Pro,26181,33381,189595,138321,104877,117687,168944,146900,78517,72014,153289,100317,588871,741152
25-10-2019,TOTAL,285089,285089,2022244,2022244,797616,921299,797616,921299,458905,304380,458905,304380,4789533,4789533
25-10-2019,Pro,20948,27044,187274,146298,122961,121489,196511,172225,79705,73911,151630,96786,606288,790494
25-10-2019,FII,71717,106280,982213,571802,171891,269257,125968,104880,27946,26451,30673,29311,1549475,968914
25-10-2019,Client,138084,134324,821304,243841,486172,453498,475137,644194,351254,204018,274847,178283,2454330,1950626
25-10-2019,DII,54340,17441,31453,1060303,16592,77055,0,0,0,0,1755,0,179440,1079499
27-10-2019,FII,71623,106245,982742,571328,171955,269042,126103,104689,27998,26441,30724,29345,1549801,968434
27-10-2019,DII,54340,17441,31442,1060303,16592,77055,0,0,0,0,1755,0,179429,1079499
27-10-2019,TOTAL,285996,285996,2029043,2029043,824585,955960,824585,955960,458747,311049,458747,311049,4865380,4865380
27-10-2019,Client,139473,134107,822896,247981,506477,487309,492820,670463,347712,211275,273753,179481,2515142,1998605
27-10-2019,Pro,20560,28203,191963,149431,129561,122554,205662,180808,83037,73333,152515,102223,621008,818842
29-10-2019,FII,85267,105999,965789,540631,199246,283565,118463,123803,26938,26064,27355,29878,1586869,946129
29-10-2019,TOTAL,295386,295386,1985682,1985682,828735,1209833,828735,1209833,411063,316699,411063,316699,5047398,5047398
29-10-2019,Client,134556,135667,805677,246862,447630,697619,496100,806589,295090,215225,240184,178452,2595797,2103854
29-10-2019,Pro,21418,36279,182906,148379,165267,151594,214172,279441,89035,75410,142368,108369,685630,929008
29-10-2019,DII,54145,17441,31310,1049810,16592,77055,0,0,0,0,1156,0,179102,1068407
30-10-2019,DII,54065,18541,32981,1034355,16592,77055,0,0,0,0,809,0,180693,1053705
30-10-2019,Client,128111,122286,773644,233061,504595,745623,554122,841966,265105,202497,221236,176459,2619575,2149130
30-10-2019,FII,82898,115675,950186,530951,226309,327927,126935,165869,23283,23407,20423,26471,1634010,986324
30-10-2019,TOTAL,290357,290357,1929510,1929510,929114,1306762,929114,1306762,376390,306750,376390,306750,5138883,5138883
30-10-2019,Pro,25283,33855,172699,131143,181618,156157,248057,298927,88002,80846,133922,103820,704605,949724
31-10-2019,DII,52236,19325,17058,979215,16482,74203,0,0,0,0,0,0,159979,998540
31-10-2019,Pro,13259,23378,120851,69874,111861,108080,129870,140428,33870,33417,53620,36040,421338,453210
31-10-2019,Client,107075,107460,711594,206140,262711,320401,363036,499453,129264,83772,108537,81149,1614817,1365775
31-10-2019,TOTAL,239866,239866,1759285,1759285,543025,726059,543025,726059,167695,124072,167695,124072,3560002,3560002
31-10-2019,FII,67296,89703,909782,504056,151971,223375,50119,86178,4561,6883,5538,6883,1363868,742477
01-11-2019,FII,71279,87995,987966,510596,187431,236251,59238,109264,10316,13853,13525,12502,1507096,793120
01-11-2019,DII,52032,25525,18956,1058586,16482,74203,0,0,0,0,0,0,161673,1084111
01-11-2019,Client,111741,114228,734008,219613,332961,483395,451442,630546,174091,106531,142374,101675,1942727,1659878
01-11-2019,TOTAL,251978,251978,1867019,1867019,673853,929937,673853,929937,227221,160448,227221,160448,4110456,4110456
01-11-2019,Pro,16926,24230,126089,78224,136979,136088,163173,190127,42814,40064,71322,46271,498960,573347
04-11-2019,DII,51733,25525,21511,1056858,16482,76870,0,0,0,0,164,0,166596,1082547
04-11-2019,FII,72823,90953,986591,519922,196848,254604,64554,120051,11948,15768,15282,13521,1538582,824283
04-11-2019,TOTAL,259460,259460,1881495,1881495,796811,1037206,796811,1037206,266423,180323,266423,180323,4421718,4421718
04-11-2019,Pro,21055,26253,129590,82300,145320,150172,207571,230381,47104,46166,84356,50294,539407,681155
04-11-2019,Client,113849,116729,743803,222415,438161,555560,524686,686774,207371,118389,166621,116508,2177133,1833733
05-11-2019,Client,118409,121434,751743,234857,520153,566162,582519,707603,235046,128827,185990,127190,2320340,1959593
05-11-2019,TOTAL,268788,268788,1893771,1893771,885573,1063955,885573,1063955,297441,194790,297441,194790,4604318,4604318
05-11-2019,Pro,20950,26484,134926,86372,147705,158293,230230,227363,49153,49035,93679,53935,560062,718063
05-11-2019,FII,74519,94945,984660,520396,201233,262630,72824,128989,13242,16928,17518,13665,1553212,848337
05-11-2019,DII,54910,25925,22442,1052146,16482,76870,0,0,0,0,254,0,170704,1078325
06-11-2019,FII,81526,99769,979127,528181,209282,273139,72004,138647,14036,17494,18639,14567,1574604,871807
06-11-2019,Client,131212,129193,771656,241700,462553,735282,560577,804635,258947,138859,203385,134868,2498509,2074358
06-11-2019,TOTAL,288824,288824,1915500,1915500,854428,1243116,854428,1243116,326051,207022,326051,207022,4834941,4834941
06-11-2019,Pro,21176,33602,141003,86750,166111,157825,221847,299834,53068,50669,103646,57587,589852,803266
06-11-2019,DII,54910,26260,23714,1058869,16482,76870,0,0,0,0,381,0,171976,1085510
07-11-2019,Client,134029,134896,775965,254969,297311,411353,422254,560761,278005,144575,215640,140622,2041238,1729142
07-11-2019,FII,87610,103285,984296,532646,175255,221375,58521,109640,14485,18504,19638,14847,1501525,838577
07-11-2019,TOTAL,299249,299249,1933028,1933028,618250,835525,618250,835525,346501,216372,346501,216372,4248925,4248925
07-11-2019,DII,54910,28260,24013,1056499,16482,76870,0,0,0,0,381,0,172275,1085140
07-11-2019,Pro,22700,32808,148754,88914,129202,125927,137475,165124,54011,53293,110842,60903,533887,596066
08-11-2019,Pro,23447,35815,149919,92339,148147,143574,178804,195889,56458,57998,121789,62266,579543,686902
08-11-2019,TOTAL,307763,307763,1957460,1957460,757278,959951,757278,959951,375585,228009,375585,228009,4586046,4586046
08-11-2019,DII,52974,26110,24635,1054688,16482,76870,0,0,0,0,381,0,170961,1081179
08-11-2019,FII,85756,105031,986236,545218,185217,242586,61276,119522,16387,20243,22213,14909,1536425,868169
08-11-2019,Client,145586,140807,796670,265215,407432,496921,517198,644540,302740,149768,231202,150834,2299117,1949796
11-11-2019,FII,84225,109404,990394,549427,197012,255543,63452,127735,17550,21012,24650,15781,1565736,890449
11-11-2019,DII,52948,25162,24999,1059317,16482,78470,0,0,0,0,381,0,172899,1084860
11-11-2019,Client,151328,136908,808116,272215,425190,623401,543534,741587,319899,160400,243736,158674,2488334,2096654
11-11-2019,Pro,23860,40887,156159,98709,164362,146661,196060,234753,58764,58476,127446,65433,608282,763288
11-11-2019,TOTAL,312361,312361,1979668,1979668,803046,1104075,803046,1104075,396213,239888,396213,239888,4835251,4835251
13-11-2019,DII,52958,24612,25035,1055097,16482,80342,0,0,240,0,420,0,175057,1080129
13-11-2019,Client,148046,129889,805442,267538,699178,536727,688729,700385,348104,159449,258232,162343,2696946,2207116
13-11-2019,FII,85884,113869,994111,566039,188657,261666,66460,118255,19495,22046,28528,15855,1571859,909006
13-11-2019,Pro,20252,38770,161108,97022,168123,151336,317251,211431,58023,62105,138682,65402,620947,868558
13-11-2019,TOTAL,307140,307140,1985696,1985696,1072440,1030071,1072440,1030071,425862,243600,425862,243600,5064809,5064809
14-11-2019,TOTAL,306327,306327,2002033,2002033,653431,843604,653431,843604,440054,250488,440054,250488,4495937,4495937
14-11-2019,Pro,20196,39174,165668,100889,137192,119369,149173,162914,59340,62191,142750,67998,563956,662898
14-11-2019,FII,85817,118420,999304,569414,179039,239354,56882,105089,20005,22580,30065,16501,1546099,896371
14-11-2019,DII,52934,20562,25675,1064807,16482,80342,0,0,290,0,420,0,175723,1085789
14-11-2019,Client,147380,128171,811386,266923,320718,404539,447376,575601,360419,165717,266819,165989,2210159,1850879
15-11-2019,Client,153581,135989,831840,269254,398784,529371,516569,689007,369212,175907,273987,174104,2458695,2058910
15-11-2019,FII,84555,126713,1001521,574662,205115,256705,71055,123621,21091,22312,30619,17031,1591299,943701
15-11-2019,Pro,25650,33045,170761,109651,132277,149541,165034,202707,61525,62854,146952,69938,602608,727327
15-11-2019,DII,52423,20462,26548,1077103,16482,79718,0,0,150,0,420,0,175321,1097985
15-11-2019,TOTAL,316209,316209,2030670,2030670,752658,1015335,752658,1015335,451978,261073,451978,261073,4827923,4827923
18-11-2019,DII,52423,22129,26674,1081500,16482,79718,0,0,150,0,420,0,175447,1104049
18-11-2019,Pro,26690,30521,177748,116322,152144,160381,217776,228370,63203,63900,153340,71865,644066,818194
18-11-2019,TOTAL,316480,316480,2039837,2039837,882632,1082824,882632,1082824,467893,269509,467893,269509,5059175,5059175
18-11-2019,Client,153422,132902,836341,271529,507865,586259,594300,734253,383388,182478,282387,180290,2649753,2195661
18-11-2019,FII,83945,130928,999074,570486,206141,256466,70556,120201,21152,23131,31746,17354,1589909,941271
19-11-2019,FII,87635,135047,997170,571669,210851,270311,69741,126561,22030,23424,30378,18080,1611421,951476
19-11-2019,Pro,26515,32839,181887,122558,163697,164058,206767,276235,65104,65332,157613,73997,666593,870009
19-11-2019,DII,52329,25129,27369,1084352,16482,79347,0,0,150,0,420,0,175677,1109901
19-11-2019,TOTAL,326834,326834,2049360,2049360,852488,1219170,852488,1219170,476310,280185,476310,280185,5204347,5204347
19-11-2019,Client,160355,133819,842934,270781,461458,705454,575980,816374,389026,191429,287899,188108,2750656,2272961
20-11-2019,FII,83152,139783,1004572,575275,212940,280452,67447,140052,23084,24337,32801,18942,1628537,974300
20-11-2019,DII,50729,27879,26856,1081073,16482,79347,0,0,150,0,420,0,173564,1109372
20-11-2019,Pro,27357,30232,186216,125539,147137,167971,212454,302462,68884,68465,164230,79357,666030,914274
20-11-2019,Client,156954,120298,834779,270536,486336,763698,582994,848954,398360,200666,293027,195169,2840793,2310978
20-11-2019,TOTAL,318192,318192,2052423,2052423,862895,1291468,862895,1291468,490478,293468,490478,293468,5308924,5308924
21-11-2019,Client,153860,117634,845029,271052,327179,437846,442062,609784,414002,201598,299479,196046,2379514,1936057
21-11-2019,TOTAL,318080,318080,2072263,2072263,636308,904831,636308,904831,506169,297777,506169,297777,4735428,4735428
21-11-2019,Pro,31097,30312,199978,128615,113397,121836,137032,180646,69391,72584,174236,83299,608283,734140
21-11-2019,DII,50670,29372,23924,1071814,16482,79347,0,0,150,0,420,0,170573,1101606
21-11-2019,FII,82453,140762,1003332,600782,179250,265802,57214,114401,22626,23595,32034,18432,1577058,963625
22-11-2019,DII,48044,25517,24754,1069261,16482,81611,0,0,150,0,420,0,171041,1095198
22-11-2019,FII,73862,140994,1008725,605234,189849,287944,72946,122283,21519,22314,31150,16543,1604213,989150
22-11-2019,Client,145097,107341,836652,267784,485336,456647,540467,667563,409733,196312,297282,195251,2529777,2075688
22-11-2019,Pro,34717,27868,210093,137945,120274,140569,198528,176925,69975,74081,172525,80913,649709,794704
22-11-2019,TOTAL,301720,301720,2080224,2080224,811941,966771,811941,966771,501377,292707,501377,292707,4954740,4954740
25-11-2019,DII,47962,28232,24901,1081084,16482,87931,0,0,150,0,420,0,177426,1109736
25-11-2019,Pro,32860,33177,219646,154252,149379,144103,185618,258364,76334,72797,162851,84366,695119,878628
25-11-2019,FII,85663,128990,1038535,640320,199273,286430,58441,137665,20260,21223,27744,16572,1651384,1009732
25-11-2019,TOTAL,315332,315332,2140549,2140549,740216,1203192,740216,1203192,471687,294106,471687,294106,5165082,5165082
25-11-2019,Client,148847,124933,857467,264893,375082,684728,496157,807163,374943,200086,280672,193168,2641153,2166986
26-11-2019,FII,120116,121053,1060024,670230,198836,301733,60056,147900,16910,19214,25766,14927,1716833,1039932
26-11-2019,Pro,37444,42956,209321,154618,147308,147611,198791,267544,80345,74727,160048,82760,696756,906717
26-11-2019,DII,49154,32750,31413,1091283,16482,89264,0,0,150,0,420,0,186463,1124453
26-11-2019,Client,157018,166973,900389,285016,434799,696178,538578,819342,362944,190236,274115,186490,2741564,2270514
26-11-2019,TOTAL,363732,363732,2201147,2201147,797425,1234786,797425,1234786,460349,284177,460349,284177,5341616,5341616
27-11-2019,Pro,35323,34657,190441,132988,143402,160160,216031,306570,81253,75241,143326,81426,685820,914998
27-11-2019,Client,156970,162245,875228,271582,455553,799900,541798,892016,317040,178693,247094,176178,2783384,2290913
27-11-2019,TOTAL,359610,359610,2137835,2137835,820052,1349692,820052,1349692,411534,270390,411534,270390,5349113,5349113
27-11-2019,DII,47832,38364,33133,1096443,16482,87944,0,0,0,0,420,0,185391,1135227
27-11-2019,FII,119485,124344,1039033,636822,204615,301688,62223,151106,13241,16456,20694,12786,1694518,1007975
28-11-2019,Pro,18672,39516,136049,78544,105157,121703,99637,179901,32187,34024,49267,27475,447792,474340
28-11-2019,Client,139879,153854,815837,231559,242798,388183,354256,561556,128453,71472,110117,77997,1786622,1489339
28-11-2019,FII,89422,57773,1013975,593917,121600,216538,32144,72616,2149,4590,3405,4614,1448274,764469
28-11-2019,TOTAL,290872,290872,1973611,1973611,486037,814073,486037,814073,162789,110086,162789,110086,3837468,3837468
28-11-2019,DII,42899,39729,7750,1069591,16482,87649,0,0,0,0,0,0,154780,1109320
29-11-2019,Client,138066,136136,815190,240869,378843,425773,458362,631186,184365,92118,148511,102181,2034355,1717245
29-11-2019,DII,45015,40193,9934,1078140,16482,87649,0,0,0,0,0,0,159080,1118333
29-11-2019,FII,76293,68382,1023743,604265,132248,252883,47240,86017,7893,10231,9936,7910,1503291,823750
29-11-2019,Pro,16390,31053,149354,74947,121819,136804,143790,185906,38955,43074,72766,35332,506396,543794
29-11-2019,TOTAL,275764,275764,1998221,1998221,649392,903109,649392,903109,231213,145423,231213,145423,4203122,4203122
02-12-2019,FII,75642,71489,1021171,574402,135569,257669,52593,94021,10105,12743,11469,9303,1512899,813277
02-12-2019,TOTAL,272729,272729,2003867,2003867,779948,1019504,779948,1019504,275648,169699,275648,169699,4521395,4521395
02-12-2019,Pro,15913,31558,154394,88517,141321,172113,203253,223584,43686,50719,86098,43767,578146,676777
02-12-2019,Client,136096,131238,817117,250688,486576,499407,524102,701899,221857,106237,178081,116629,2267290,1902637
02-12-2019,DII,45078,38444,11185,1090260,16482,90315,0,0,0,0,0,0,163060,1128704
03-12-2019,FII,75390,74757,1009105,583955,134700,261154,54686,92591,10784,13593,13570,9819,1504726,829378
03-12-2019,Pro,14969,32976,162398,89842,154334,167357,245948,214662,44965,56853,99463,48757,600876,731648
03-12-2019,DII,45156,33494,11318,1096200,16482,95881,0,0,0,0,0,0,168837,1129694
03-12-2019,Client,135948,130236,834917,247741,590273,478332,595155,695471,255533,116139,198249,128009,2411142,1994861
03-12-2019,TOTAL,271463,271463,2017738,2017738,895789,1002724,895789,1002724,311282,186585,311282,186585,4685581,4685581
04-12-2019,FII,72820,80813,1011180,577115,141000,254437,55548,98265,11637,14290,13999,10320,1505364,836060
04-12-2019,TOTAL,276347,276347,2027216,2027216,828933,1149119,828933,1149119,324444,196510,324444,196510,4802569,4802569
04-12-2019,DII,45515,33672,12172,1112126,16482,95860,0,0,0,0,274,0,170029,1146072
04-12-2019,Pro,15841,37054,165310,94719,161600,174947,221288,276068,47862,57000,102172,50967,622560,782268
04-12-2019,Client,142171,124808,838554,243256,509851,623875,552097,774786,264945,125220,207999,135223,2504616,2038169
05-12-2019,FII,67580,83139,1008823,579494,126970,230933,49923,87464,11971,15051,15374,10485,1461328,825879
05-12-2019,TOTAL,265997,265997,2028071,2028071,597802,810003,597802,810003,349152,201943,349152,201943,4252968,4252968
05-12-2019,Pro,16286,31650,169019,93422,100108,126876,137678,152593,47288,61457,111348,51249,521034,577940
05-12-2019,Client,137527,121741,837235,245401,354242,356334,410201,569946,289893,125435,222146,140209,2100666,1709644
05-12-2019,DII,44604,29467,12994,1109754,16482,95860,0,0,0,0,284,0,169940,1139505
06-12-2019,TOTAL,263075,263075,2025925,2025925,906599,938826,906599,938826,373989,212074,373989,212074,4720488,4720488
06-12-2019,FII,72354,84117,1006982,584545,140575,272871,65885,95663,12552,16253,17421,11067,1521587,858698
06-12-2019,Pro,13329,29718,166570,89567,127325,159042,230912,189938,47199,62495,117344,54489,575960,711968
06-12-2019,DII,44609,31878,14325,1113037,16482,97240,0,0,0,0,303,0,172656,1145218
06-12-2019,Client,132783,117362,838048,238776,622217,409673,609802,653225,314238,133326,238921,146518,2450285,2004604
09-12-2019,FII,72660,83264,1010195,575266,142659,268937,58184,92795,13065,16463,17515,11628,1523979,838652
09-12-2019,TOTAL,255673,255673,2017791,2017791,950854,1046363,950854,1046363,386549,219702,386549,219702,4876932,4876932
09-12-2019,Client,126607,107058,825681,237107,642104,509643,627361,736919,324283,139706,248478,151572,2568024,2108495
09-12-2019,Pro,11797,29298,167376,89698,149609,170543,265309,216649,49201,63533,120253,56502,612059,777709
09-12-2019,DII,44609,36053,14539,1115720,16482,97240,0,0,0,0,303,0,172870,1152076
10-12-2019,DII,44609,30903,16190,1120753,16482,91374,0,0,0,0,303,0,168655,1151959
10-12-2019,Client,128177,113537,833993,239012,733702,495194,684520,738941,344497,143996,261674,156286,2679559,2193970
10-12-2019,FII,75367,86185,1003549,577754,148736,278472,69890,93443,14081,16795,19337,11746,1537000,858355
10-12-2019,TOTAL,261606,261606,2027521,2027521,1032391,1036267,1032391,1036267,409422,225742,409422,225742,4992949,4992949
10-12-2019,Pro,13453,30981,173789,90002,133471,171227,277981,203883,50844,64951,128108,57710,607735,788665
11-12-2019,DII,44358,29503,17308,1128316,16482,88576,0,0,120,0,503,0,166844,1158322
11-12-2019,Pro,12880,34032,189089,91838,154133,176044,299156,221110,57062,70428,141890,63550,659636,851576
11-12-2019,Client,125916,108348,841811,236221,705223,549737,656358,775007,366545,154012,278432,165699,2743244,2220065
11-12-2019,TOTAL,260112,260112,2053733,2053733,1035696,1087100,1035696,1087100,441266,241450,441266,241450,5119357,5119357
11-12-2019,FII,76958,88229,1005525,597358,159858,272743,80182,90983,17539,17010,20441,12201,1549633,889394
12-12-2019,FII,"80,776.00","85,065.00","10,02,064.00","5,92,359.00","1,60,130.00","2,59,324.00","56,814.00","92,463.00","17,905.00","16,627.00","19,575.00","12,823.00",1536826,859099
12-12-2019,DII,44358,32061,19010,1136150,16482,88576,0,0,120,0,503,0,168546,1168714
12-12-2019,Client,132884,121478,852086,235874,331931,442166,430741,645938,352477,161407,276243,167258,2272951,1877532
12-12-2019,TOTAL,272781,272781,2064777,2064777,620177,924528,620177,924528,430824,246379,430824,246379,4559466,4559466
12-12-2019,Pro,14763,34177,191617,100394,111634,134462,132622,186127,60322,68345,134503,66298,581143,654121
13-12-2019,Client,128236,128556,850197,228269,387057,580000,479189,763783,333481,167935,265081,167829,2446906,2032707
13-12-2019,Pro,16699,32968,189380,105579,136025,149955,160507,224750,62810,64373,130203,66795,619242,720802
13-12-2019,FII,84087,76749,1003971,586549,168564,278547,68432,106805,18198,16409,18721,14093,1569776,871349
13-12-2019,TOTAL,272334,272334,2062934,2062934,708128,1095338,708128,1095338,414489,248717,414489,248717,4801940,4801940
13-12-2019,DII,43312,34061,19386,1142537,16482,86836,0,0,0,0,484,0,166016,1177082
16-12-2019,Client,127814,117510,848983,230599,537940,621481,574323,806244,362344,174232,278638,173265,2672794,2180579
16-12-2019,TOTAL,267874,267874,2059056,2059056,851787,1159066,851787,1159066,441110,259601,441110,259601,5038494,5038494
16-12-2019,Pro,19789,34365,191715,105323,140046,172202,210319,259231,61335,69147,142406,71859,654234,823503
16-12-2019,FII,77513,77613,998800,585441,157319,278547,67145,93591,17431,16222,19582,14477,1545832,857849
16-12-2019,DII,42758,38386,19558,1137693,16482,86836,0,0,0,0,484,0,165634,1176563
17-12-2019,TOTAL,276167,276167,2064094,2064094,832744,1287467,832744,1287467,446474,268608,446474,268608,5175554,5175554
17-12-2019,FII,86607,87755,1010483,583925,165817,274690,66824,106117,16580,16002,18862,14990,1570179,878473
17-12-2019,Pro,18905,35334,192621,113616,160306,158941,202744,291714,64771,69080,144954,76924,664624,865286
17-12-2019,DII,42110,37172,20774,1129208,16482,86836,0,0,0,0,502,0,166202,1166882
17-12-2019,Client,128545,115906,840216,237345,490139,767000,563176,889636,365123,183526,282156,176694,2774549,2264913
18-12-2019,FII,90248,84385,1018178,589352,169590,264156,66019,110353,16331,15918,19477,14803,1574421,884389
18-12-2019,TOTAL,282652,282652,2072836,2072836,829337,1386839,829337,1386839,454139,270174,454139,270174,5295977,5295977
18-12-2019,Pro,18326,39097,200971,116602,170295,164088,202163,321965,66550,70147,147880,78903,690377,906610
18-12-2019,Client,132019,119998,832039,244582,472970,871759,561155,954521,371258,184109,286300,176447,2864154,2343003
18-12-2019,DII,42059,39172,21648,1122300,16482,86836,0,0,0,0,482,21,167025,1161975
19-12-2019,DII,41993,39772,22259,1116058,16482,86836,0,0,0,0,482,0,167570,1156312
19-12-2019,TOTAL,291795,291795,2061095,2061095,607341,1001954,607341,1001954,445778,271808,445778,271808,4679771,4679771
19-12-2019,Client,132431,124789,823002,250823,302480,541305,428102,690995,362805,185700,281396,177766,2347723,1953871
19-12-2019,FII,99732,85373,1021452,573243,164950,263402,56334,93738,15997,15269,17885,14397,1580802,840970
19-12-2019,Pro,17639,41861,194382,120971,123429,110411,122905,217221,66976,70839,146015,79645,583676,728618
20-12-2019,Pro,18983,46448,187103,132246,146649,125719,143504,240530,70289,71627,145618,78774,620370,787120
20-12-2019,DII,41993,40206,23716,1120721,16482,86836,0,0,0,0,474,0,169027,1161401
20-12-2019,TOTAL,301939,301939,2061931,2061931,695591,1139725,695591,1139725,433842,269752,433842,269752,4902780,4902780
20-12-2019,Client,136693,132900,810948,252076,348268,651306,492036,789720,349607,182213,270868,177207,2479035,2114807
20-12-2019,FII,104270,82385,1040164,556888,184192,275864,60051,109475,13946,15912,16882,13771,1634348,839452
23-12-2019,FII,111342,83170,1031389,515476,180293,296537,58810,114024,11131,14412,13449,12324,1645104,797253
23-12-2019,Pro,24094,50296,185058,143189,149495,140159,183218,260112,71992,75906,147717,78507,646704,863039
23-12-2019,DII,41748,40491,26099,1119331,16482,86836,0,0,0,0,480,0,171165,1160302
23-12-2019,Client,129751,132978,786525,251075,436778,674227,541020,823623,338436,173261,259913,172748,2538978,2181357
23-12-2019,TOTAL,306935,306935,2029071,2029071,783048,1197759,783048,1197759,421559,263579,421559,263579,5001951,5001951
24-12-2019,Pro,26727,45586,165428,132368,145960,155577,213528,256647,71310,76150,134661,71941,641152,854731
24-12-2019,FII,109502,86004,1014549,489179,174972,316146,59257,113382,9009,12202,9440,10214,1636380,767476
24-12-2019,DII,41748,38943,27229,1108990,16482,86836,0,0,0,0,484,0,172295,1148417
24-12-2019,Client,126223,133667,754136,230805,522007,635339,586636,823869,291506,149975,227240,156172,2479186,2158389
24-12-2019,TOTAL,304200,304200,1961342,1961342,859421,1193898,859421,1193898,371825,238327,371825,238327,4929013,4929013
26-12-2019,Client,103085,110706,697395,188742,292561,310049,367693,486300,90474,42112,72613,65204,1535676,1291258
26-12-2019,TOTAL,226554,226554,1794656,1794656,522751,665237,522751,665237,117614,88201,117614,88201,3415013,3415013
26-12-2019,DII,37627,36252,15387,1064574,4317,65231,0,0,0,0,10,0,122562,1100836
26-12-2019,Pro,13227,30373,120817,83471,92747,110627,113565,116251,25445,41097,42639,18562,403960,404861
26-12-2019,FII,72615,49223,961057,457869,133126,179330,41493,62686,1695,4992,2352,4435,1352815,618058
27-12-2019,FII,74667,50965,972161,457664,168542,199164,51600,89167,5454,8171,5661,7124,1428159,662181
27-12-2019,TOTAL,253948,253948,1825205,1825205,633854,940476,633854,940476,150910,107398,150910,107398,3911791,3911791
27-12-2019,Client,125039,132594,712848,205074,330923,525550,441188,669412,112038,55607,95370,77682,1862005,1621320
27-12-2019,DII,38107,33755,15541,1073687,4317,65231,0,0,0,0,10,0,123196,1107452
27-12-2019,Pro,16135,36634,124655,88780,130072,150531,141066,181897,33418,43620,49869,22592,498431,520838
30-12-2019,Pro,15986,32114,126554,86959,142659,163987,195559,205462,37023,47096,58688,25410,533305,604192
30-12-2019,DII,39818,34525,15604,1080087,4317,65231,0,0,0,0,413,0,124970,1115025
30-12-2019,FII,69839,51362,968168,453921,170315,209683,54677,88090,6690,9574,7159,7721,1434269,662930
30-12-2019,Client,120736,128378,716850,206209,485393,575159,552448,720508,132032,61510,109485,85049,2091680,1802077
30-12-2019,TOTAL,246379,246379,1827176,1827176,802684,1014060,802684,1014060,175745,118180,175745,118180,4184224,4184224
31-12-2019,TOTAL,244548,244548,1846372,1846372,957119,979806,957119,979806,198615,131588,198615,131588,4358048,4358048
31-12-2019,FII,64933,53874,959877,463463,162517,222521,58487,80985,7578,10716,7994,8072,1428142,672875
31-12-2019,Client,119955,124078,737050,203002,636591,513644,639858,701739,151928,66481,121330,96176,2225649,1886183
31-12-2019,Pro,17315,29412,133450,84181,153694,177800,258774,197082,39109,54391,68878,27340,575759,665667
31-12-2019,DII,42345,37184,15995,1095726,4317,65841,0,0,0,0,413,0,128498,1133323
01-01-2020,Client,115250,125282,733122,202664,730997,564667,697604,736946,165422,71679,131212,102785,2381137,1996493
01-01-2020,TOTAL,241093,241093,1843725,1843725,1043811,1036605,1043811,1036605,215240,141028,215240,141028,4521502,4521502
01-01-2020,Pro,17200,31755,134303,80316,146371,179624,286765,219681,41268,58046,74858,29907,576812,723282
01-01-2020,FII,65820,50978,959994,463652,162126,226473,59442,79978,8550,11303,8636,8336,1434266,671022
01-01-2020,DII,42823,33078,16306,1097093,4317,65841,0,0,0,0,534,0,129287,1130705
02-01-2020,Pro,14571,29594,134294,85142,135550,144663,143297,179819,47418,54613,70978,35841,531109,544671
02-01-2020,TOTAL,246871,246871,1859829,1859829,629796,882213,629796,882213,220735,153225,220735,153225,3992669,3992669
02-01-2020,FII,64503,53261,972264,464745,169106,228210,48060,81411,8794,14076,9318,9084,1456953,665879
02-01-2020,Client,123136,128358,735606,210830,320823,443499,438439,620983,164523,84536,139785,108300,1872123,1646695
02-01-2020,DII,44661,35658,17665,1099112,4317,65841,0,0,0,0,654,0,132484,1135424
03-01-2020,TOTAL,237581,237581,1854187,1854187,817241,975083,817241,975083,242770,163710,242770,163710,4290572,4290572
03-01-2020,Pro,13649,30119,135417,76760,151330,163829,183362,190529,46692,60018,79526,37865,570935,598161
03-01-2020,Client,117793,113091,717492,208157,482248,475339,560356,689297,186188,88027,151599,116209,2067087,1838709
03-01-2020,FII,61479,58713,982020,475101,179346,270074,73523,95257,9890,15665,10972,9636,1518474,723202
03-01-2020,DII,44660,35658,19258,1094169,4317,65841,0,0,0,0,673,0,134076,1130500
06-01-2020,Client,122336,110810,703857,193571,717380,485608,694355,705701,207385,90728,159807,123279,2327294,1987523
06-01-2020,Pro,9871,35706,139036,72765,162275,185758,278587,217927,43992,65991,88456,40084,606923,733525
06-01-2020,DII,44660,26337,20100,1095310,4317,67921,0,0,0,0,673,0,136998,1122320
06-01-2020,FII,70074,74088,982209,483556,176063,281109,87093,96768,10770,16185,13211,9541,1536410,764257
06-01-2020,TOTAL,246941,246941,1845202,1845202,1060035,1020396,1060035,1020396,262147,172904,262147,172904,4607625,4607625
07-01-2020,TOTAL,250397,250397,1860158,1860158,1129918,1144771,1129918,1144771,275229,179231,275229,179231,4839704,4839704
07-01-2020,Pro,12189,42241,140291,78742,183331,198656,308265,252408,45188,65532,92049,41704,645187,815409
07-01-2020,Client,118273,117818,712579,199302,753008,563783,730388,765360,218413,96630,168742,127823,2462686,2109433
07-01-2020,DII,44660,24784,21008,1101266,4317,67921,0,0,0,0,679,0,137906,1126729
07-01-2020,FII,75275,65554,986280,480848,189262,314411,91265,127003,11628,17069,13759,9704,1593925,788133
08-01-2020,Client,129078,111852,711352,205241,715575,701608,709668,852355,226115,103817,175467,133594,2587545,2188177
08-01-2020,TOTAL,262696,262696,1868045,1868045,1107264,1292823,1107264,1292823,286768,190173,286768,190173,5007769,5007769
08-01-2020,FII,71168,75338,989858,476740,193216,305666,89892,144203,13070,18012,14741,10517,1590990,811431
08-01-2020,DII,46455,25795,20789,1102009,4317,67921,0,0,0,0,671,0,139482,1128475
08-01-2020,Pro,15995,49711,146046,84055,194156,217628,307704,296265,47583,68344,95889,46062,689752,879686
09-01-2020,Client,129739,131567,716521,210461,333172,512667,447458,676815,219902,111884,178635,137429,2023885,1782365
09-01-2020,Pro,19728,38623,147572,87739,128509,151714,138709,224274,54613,65954,94376,49671,568090,633392
09-01-2020,TOTAL,274798,274798,1877089,1877089,652899,1011946,652899,1011946,288786,198885,288786,198885,4304403,4304403
09-01-2020,DII,46339,33643,19689,1103263,4317,67921,0,0,0,0,663,0,138266,1137569
09-01-2020,FII,78992,70965,993307,475626,186901,279644,66732,110857,14271,21047,15112,11785,1574162,751077
10-01-2020,Pro,18791,36320,146478,89465,141515,174654,169781,240021,57182,66959,96972,51016,605579,683575
10-01-2020,Client,120808,127207,715287,210877,442686,577257,540706,755653,227888,116044,186446,141018,2199970,1961907
10-01-2020,TOTAL,269385,269385,1881652,1881652,788110,1118419,788110,1118419,300081,204978,300081,204978,4562625,4562625
10-01-2020,DII,46339,33643,21291,1096291,4317,67921,0,0,50,0,663,0,139918,1130597
10-01-2020,FII,83447,72215,998596,485019,199592,298587,77623,122745,14961,21975,16000,12944,1617158,786546
13-01-2020,DII,45339,36643,21773,1095900,4317,67921,0,0,0,0,854,0,139350,1133397
13-01-2020,Pro,17988,37157,146981,89976,161990,188991,199625,285153,60718,68306,102288,55657,644974,769856
13-01-2020,TOTAL,266104,266104,1883518,1883518,887436,1271377,887436,1271377,315293,215598,315293,215598,4839326,4839326
13-01-2020,FII,84971,70733,1002062,489182,200816,314236,81021,131378,15021,23271,17037,14372,1640377,803723
13-01-2020,Client,117806,121571,712702,208460,520313,700229,606790,854846,239554,124021,195114,145569,2414625,2132350
14-01-2020,Pro,16939,35938,150430,96656,170366,197290,227425,314386,64999,71943,113729,59939,671967,848073
14-01-2020,TOTAL,267657,267657,1907892,1907892,959031,1367656,959031,1367656,340651,227693,340651,227693,5070580,5070580
14-01-2020,FII,85845,72390,1016848,499531,205805,334968,82581,137386,15632,24678,19175,15015,1683776,826078
14-01-2020,Client,119648,120436,717150,215829,578543,769557,649025,915884,260020,131072,206893,152739,2575990,2260806
14-01-2020,DII,45225,38893,23464,1095876,4317,65841,0,0,0,0,854,0,138847,1135623
15-01-2020,DII,44999,38918,24017,1098421,4317,65841,0,0,0,0,854,0,139174,1138193
15-01-2020,FII,81917,77228,1016725,511902,197591,343072,88889,131645,17369,26504,22272,16077,1683178,848013
15-01-2020,Client,119033,111731,734563,219916,697610,712580,692439,897660,281952,135905,220489,158061,2681643,2300296
15-01-2020,Pro,15514,33586,158310,103376,161975,182816,280165,275004,70126,75827,125832,64098,664568,882061
15-01-2020,TOTAL,261463,261463,1933615,1933615,1061493,1304309,1061493,1304309,369447,238236,369447,238236,5168563,5168563
16-01-2020,DII,44978,41418,23898,1097016,4317,65841,0,0,0,0,854,0,139034,1139288
16-01-2020,Client,122174,109290,745230,224504,406639,468857,476679,681039,305422,137987,231568,162472,2186309,1885552
16-01-2020,Pro,16586,31091,161003,108928,118145,150435,156835,196105,70569,80169,137014,66331,596907,696304
16-01-2020,TOTAL,263855,263855,1947381,1947381,711106,981848,711106,981848,393426,245438,393426,245438,4543054,4543054
16-01-2020,FII,80117,82056,1017250,516933,182005,296715,77592,104704,17435,27282,23990,16635,1620804,821910
17-01-2020,DII,44871,41378,25488,1098684,4317,65841,0,0,0,0,854,0,140517,1140916
17-01-2020,Client,125224,114511,756642,226489,529979,528627,573012,765067,325951,150377,243736,169444,2416800,2092259
17-01-2020,FII,80919,79939,1017874,525550,194531,318181,95521,111956,18664,28061,25357,17001,1658230,855324
17-01-2020,TOTAL,267863,267863,1964653,1964653,861572,1088549,861572,1088549,418374,260669,418374,260669,4861680,4861680
17-01-2020,Pro,16849,32035,164649,113930,132745,175900,193039,211526,73759,82231,148427,74224,646133,773181
20-01-2020,Client,122312,115786,757574,215162,841655,484974,752020,766499,362467,142865,259729,169055,2711847,2278251
20-01-2020,DII,44849,39438,25563,1103007,4317,65841,0,0,0,0,854,0,140570,1143299
20-01-2020,Pro,15018,32656,172885,113710,158028,195770,329393,212958,71048,85274,162322,71047,698023,922086
20-01-2020,FII,92735,87034,1012380,536523,204456,349319,127043,116447,18661,28420,29271,16457,1705971,912775
20-01-2020,TOTAL,274914,274914,1968402,1968402,1208456,1095904,1208456,1095904,452176,256559,452176,256559,5256411,5256411
21-01-2020,Client,121107,112021,764409,214244,922227,551269,792969,817063,373242,143527,264970,173165,2875781,2374432
21-01-2020,TOTAL,276346,276346,1978913,1978913,1287351,1158690,1287351,1158690,463496,259593,463496,259593,5424389,5424389
21-01-2020,Pro,12264,32923,180268,116065,162682,186461,361340,216525,71979,87114,167263,70787,700768,964903
21-01-2020,DII,44838,34119,25884,1100589,4317,70196,0,0,0,0,885,0,145235,1135593
21-01-2020,FII,98137,97283,1008352,548015,198125,350764,133042,125102,18275,28952,30378,15641,1702605,949461
22-01-2020,Pro,15776,34058,192065,121984,170388,181288,413954,210498,73932,91192,173696,74245,724641,1028435
22-01-2020,DII,41176,26901,26594,1106014,4317,72250,0,0,0,0,885,0,144337,1133800
22-01-2020,FII,102438,110551,1004676,574201,194171,369701,149339,123649,18803,29515,29843,15821,1719304,1003404
22-01-2020,TOTAL,286255,286255,2009155,2009155,1402770,1147096,1402770,1147096,475347,265875,475347,265875,5586498,5586498
22-01-2020,Client,126865,114745,785820,206956,1033894,523857,839477,812949,382612,145168,270923,175809,2998216,2420859
23-01-2020,Client,121981,104535,794106,205719,482294,396307,491933,656243,368559,149938,267081,178360,2313185,1903871
23-01-2020,DII,41203,25419,26732,1108642,4317,78750,0,0,0,0,869,0,151002,1134930
23-01-2020,Pro,12694,31386,190404,130443,120216,128211,187750,167083,75439,88393,166604,74908,615357,758174
23-01-2020,TOTAL,276805,276805,2020051,2020051,783989,934906,783989,934906,463141,268832,463141,268832,4747724,4747724
23-01-2020,FII,100927,115465,1008809,575247,177162,331638,104306,111580,19143,30501,28587,15564,1668180,950749
24-01-2020,FII,98622,120301,1013150,578399,182665,345541,120380,126913,18614,30185,28134,15197,1688777,989324
24-01-2020,Client,122565,101620,790004,202694,499479,527471,516088,783998,346872,153557,256214,177278,2439948,2037892
24-01-2020,Pro,15520,30531,192880,130604,146088,173958,196081,216809,78640,86727,158896,77994,693813,810915
24-01-2020,TOTAL,277871,277871,2023295,2023295,832549,1127720,832549,1127720,444126,270469,444126,270469,4976030,4976030
24-01-2020,DII,41164,25419,27261,1111598,4317,80750,0,0,0,0,882,0,153492,1137899
27-01-2020,Client,129125,102439,794780,205707,773055,467442,692555,755899,362516,145385,253211,174928,2672303,2184739
27-01-2020,FII,90859,136708,1016400,590875,192674,355212,128234,134012,17137,27704,27617,14960,1699986,1032406
27-01-2020,Pro,31150,27279,197237,127819,146895,186304,296152,188154,79305,93724,177265,76925,734615,893594
27-01-2020,DII,40997,25705,27701,1111717,4317,69107,0,0,0,0,865,0,142122,1138287
27-01-2020,TOTAL,292131,292131,2036118,2036118,1116941,1078065,1116941,1078065,458958,266813,458958,266813,5249026,5249026
28-01-2020,Client,134147,102501,802593,199216,889708,461338,755082,758682,358696,138071,246989,169513,2784553,2231983
28-01-2020,FII,91778,145443,1000564,592231,188846,364736,142680,132563,16165,26417,26239,13303,1688506,1052459
28-01-2020,DII,38123,23236,32215,1116187,4317,68895,0,0,0,0,687,0,143550,1140110
28-01-2020,Pro,31943,24811,198111,125849,152240,189065,337349,192789,79756,92771,180702,74443,743886,935943
28-01-2020,TOTAL,295991,295991,2033483,2033483,1235111,1084034,1235111,1084034,454617,257259,454617,257259,5360495,5360495
29-01-2020,Client,129399,101316,789100,190124,827103,556102,711239,817054,311018,129572,223267,157661,2742294,2200661
29-01-2020,FII,96569,145131,1016093,596924,197210,367176,149269,143948,13491,22530,21877,10784,1713069,1067933
29-01-2020,DII,38125,21537,34840,1119792,4317,68895,0,0,0,0,452,0,146177,1141781
29-01-2020,Pro,28502,24611,186278,119471,150668,189029,318790,220200,83174,91622,162087,75279,729273,920438
29-01-2020,TOTAL,292595,292595,2026311,2026311,1179298,1181202,1179298,1181202,407683,243724,407683,243724,5330813,5330813
30-01-2020,Client,132047,73608,758265,166742,339517,256440,345887,473660,127791,52715,92557,82025,1666775,1234479
30-01-2020,DII,34239,18515,18574,1033226,4317,70375,0,0,0,0,0,0,127505,1051741
30-01-2020,TOTAL,205111,205111,1782405,1782405,543511,652704,543511,652704,155993,108446,155993,108446,3448170,3448170
30-01-2020,FII,20298,95740,867760,518085,115839,222172,72737,78418,2037,5376,3309,4612,1233482,772901
30-01-2020,Pro,18527,17248,137806,64352,83838,103717,124887,100626,26165,50355,60127,21809,420408,389049
31-01-2020,Client,130469,65217,775632,153138,563386,363533,515012,581067,169819,65833,121296,98410,2068672,1534140
31-01-2020,TOTAL,214867,214867,1845265,1845265,820564,819623,820564,819623,209033,134803,209033,134803,4044155,4044155
31-01-2020,DII,40449,13456,24356,1054686,4317,72059,0,0,0,0,35,0,141181,1068177
31-01-2020,FII,22566,123929,896066,572115,136987,246651,88006,92108,8003,11040,10462,8313,1321313,894933
31-01-2020,Pro,21383,12265,149211,65326,115874,137380,217546,146448,31211,57930,77240,28080,512989,546905
01-02-2020,FII,34105,147945,910320,590286,148285,270945,129919,104842,9394,12228,12895,8585,1385277,994472
01-02-2020,Pro,26883,15497,158324,64468,130608,171599,358843,166529,31687,66730,104636,31045,585831,741018
01-02-2020,TOTAL,268618,268618,1869723,1869723,1211490,897783,1211490,897783,263944,150790,263944,150790,4662348,4662348
01-02-2020,Client,158067,89539,773419,164228,928280,383180,722728,626412,219498,71832,146373,111160,2534276,1860440
01-02-2020,DII,49563,15637,27660,1050741,4317,72059,0,0,3365,0,40,0,156964,1066418
03-02-2020,FII,38761,146203,931422,604310,167034,290206,129786,105645,11143,13085,14750,9832,1451651,1010526
03-02-2020,DII,45112,14793,30118,1044525,4317,72059,0,0,3365,0,49,0,154971,1059367
03-02-2020,Pro,19805,14991,170341,71935,144970,168787,361918,206617,37730,72417,119541,39525,614050,814527
03-02-2020,TOTAL,265062,265062,1907773,1907773,1212332,1046565,1212332,1046565,303695,171479,303695,171479,4906906,4906906
03-02-2020,Client,161384,89075,775892,187003,896011,515513,720628,734303,251457,85977,169355,122122,2686234,2022486
04-02-2020,TOTAL,248831,248831,1920765,1920765,1052245,1247184,1052245,1247184,315633,186614,315633,186614,4971272,4971272
04-02-2020,Client,161371,78953,766386,207573,708327,712369,651818,851326,255145,97283,182808,129462,2700881,2101940
04-02-2020,Pro,17002,17451,168480,76233,149698,166547,282056,276803,43987,74662,117910,45910,620376,816363
04-02-2020,DII,34352,12313,33682,1035478,4317,78059,0,0,3365,0,54,0,153775,1047845
04-02-2020,FII,36106,140114,952217,601481,189903,290209,118371,119055,13136,14669,14861,11242,1496240,1005124
05-02-2020,Pro,17532,16076,174233,86424,190714,181367,283175,334542,50972,74302,121938,49715,689120,891870
05-02-2020,DII,31735,15733,34693,1031985,4317,84059,0,0,3365,0,339,0,158169,1048057
05-02-2020,FII,32645,142137,965321,609309,193546,299932,113814,129038,13260,16188,13828,12256,1520892,1020382
05-02-2020,Client,170183,78149,773631,220160,655487,812347,647075,914125,257727,106731,189219,135250,2776106,2183978
05-02-2020,TOTAL,252095,252095,1947878,1947878,1044064,1377705,1044064,1377705,325324,197221,325324,197221,5144287,5144287
06-02-2020,Client,174719,81535,781586,225747,341781,431232,401116,622152,266131,116905,198833,141392,2112354,1670775
06-02-2020,TOTAL,255739,255739,1961900,1961900,635985,902483,635985,902483,337879,209647,337879,209647,4303633,4303633
06-02-2020,Pro,19508,15782,172257,92727,123439,133318,150345,177612,53948,75725,123797,55257,578195,615520
06-02-2020,FII,31671,139947,970974,605264,166448,257156,84524,102719,14435,17017,14920,12998,1457701,960372
06-02-2020,DII,29841,18475,37083,1038162,4317,80777,0,0,3365,0,329,0,155383,1056966
07-02-2020,Pro,17319,16644,172525,93573,136445,163216,180346,199275,55261,79628,137876,57405,624394,685119
07-02-2020,TOTAL,258707,258707,1978491,1978491,781022,1056587,781022,1056587,367724,220318,367724,220318,4662849,4662849
07-02-2020,DII,29224,18451,37225,1043075,4317,83777,0,0,3365,0,706,0,157908,1062232
07-02-2020,Client,182190,81128,792088,235916,455933,532963,509941,737081,293923,122563,212412,149757,2379660,1926235
07-02-2020,FII,29974,142484,976653,605927,184327,276631,90735,120231,15175,18127,16730,13156,1500887,989263
10-02-2020,TOTAL,259642,259642,1988965,1988965,919219,1135378,919219,1135378,397889,227740,397889,227740,4928833,4928833
10-02-2020,Pro,15479,17964,173416,96086,142581,163806,223481,221338,55945,83048,152940,59833,634275,771642
10-02-2020,Client,186539,77939,799172,248673,587137,594413,608484,789448,322148,126907,226390,155129,2616316,2106063
10-02-2020,FII,28400,145288,979154,600844,185184,293382,87254,124592,16431,17785,17703,12778,1520336,988459
10-02-2020,DII,29224,18451,37223,1043362,4317,83777,0,0,3365,0,856,0,157906,1062669
11-02-2020,Client,178918,81772,791059,237842,586211,685377,608984,867484,322967,135719,231463,158917,2700251,2186462
11-02-2020,Pro,15505,20095,172562,97358,152323,170407,232854,251350,58124,80993,150920,62723,649914,815300
11-02-2020,DII,29283,20516,36440,1054830,4317,83777,0,0,3365,0,1237,38,157182,1076621
11-02-2020,FII,36610,137933,983152,593183,187114,300354,88127,121081,17656,18808,18492,13842,1543694,972658
11-02-2020,TOTAL,260316,260316,1983213,1983213,929965,1239915,929965,1239915,402112,235520,402112,235520,5051041,5051041
12-02-2020,Client,169772,88017,794266,235163,564455,838823,605568,964338,331420,145587,239093,165453,2844323,2297632
12-02-2020,Pro,20648,19155,177538,104670,175345,168282,245063,304716,61010,82299,153894,67551,685122,895049
12-02-2020,TOTAL,257412,257412,1992445,1992445,937306,1399803,937306,1399803,413591,246773,413591,246773,5247330,5247330
12-02-2020,DII,28952,23796,35979,1064432,4317,83777,0,0,3112,0,2142,0,156137,1090370
12-02-2020,FII,38040,126444,984662,588180,193189,308921,86675,130749,18049,18887,18462,13769,1561748,964279
13-02-2020,Client,184975,83936,800560,254320,412365,427104,457840,650579,351076,145924,247133,171394,2322004,1865202
13-02-2020,TOTAL,259917,259917,2007862,2007862,714231,918190,714231,918190,433430,251924,433430,251924,4585554,4585554
13-02-2020,FII,26508,132030,984544,581381,170898,277877,82231,105889,18810,19652,19606,13503,1498289,934640
13-02-2020,DII,26253,25999,35484,1061040,4317,83777,0,0,3112,21,2251,0,152964,1089290
13-02-2020,Pro,22181,17952,187274,111121,126651,129432,174160,161722,60432,86327,164440,67027,612297,696422
14-02-2020,Client,183550,86104,805011,250659,642504,473323,629593,726428,373600,144900,257256,173787,2622888,2123827
14-02-2020,Pro,21633,17740,191129,110858,141731,149684,239492,169391,60882,90059,175208,67567,655118,780256
14-02-2020,TOTAL,256614,256614,2004353,2004353,965087,1006816,965087,1006816,455626,255233,455626,255233,4943729,4943729
14-02-2020,DII,26253,24076,35307,1064797,4317,83777,0,0,3112,0,2703,14,152766,1091590
14-02-2020,FII,25178,128694,972906,578039,176535,300032,96002,110997,18032,20274,20459,13865,1512957,948056
17-02-2020,TOTAL,248729,248729,2010415,2010415,1151494,1050655,1151494,1050655,480577,259699,480577,259699,5201569,5201569
17-02-2020,Client,176470,84717,808904,245603,811741,506672,732066,758518,395331,147411,269623,177106,2846529,2267633
17-02-2020,Pro,19182,18850,199815,111408,156309,155638,326727,183269,63171,92469,185814,69071,686584,895139
17-02-2020,DII,26311,22076,34623,1070398,4317,83777,0,0,3112,0,3065,14,152140,1095553
17-02-2020,FII,26766,123086,967073,583006,179127,304568,92701,108868,18963,19819,22075,13508,1516316,943244
18-02-2020,DII,26311,17717,35748,1078633,4317,71777,0,0,3112,0,3059,14,141265,1099423
18-02-2020,Pro,21100,18859,213329,120761,160905,156818,356610,195549,63784,95273,191220,65988,711209,948987
18-02-2020,TOTAL,251697,251697,2026995,2026995,1185869,1075484,1185869,1075484,490049,256055,490049,256055,5286149,5286149
18-02-2020,FII,34212,133218,962885,596513,176246,322828,97219,106430,18587,22006,21861,15268,1536764,970509
18-02-2020,Client,170074,81903,815033,231088,844401,524061,732040,773505,404566,138776,273909,174785,2896911,2267230
19-02-2020,DII,26156,21686,36798,1086108,4317,71777,0,0,3112,0,3050,14,142160,1110858
19-02-2020,Client,168998,84582,816053,230440,723240,692740,687322,888635,391114,151443,272989,178164,2943588,2342132
19-02-2020,FII,36755,125575,972984,593773,185141,327791,89863,109270,21274,22766,23134,16648,1566711,958263
19-02-2020,TOTAL,250615,250615,2047216,2047216,1080671,1259579,1080671,1259579,485895,266659,485895,266659,5390635,5390635
19-02-2020,Pro,18706,18772,221381,136895,167973,167271,303486,261674,70395,92450,186722,71833,738176,979382
20-02-2020,Client,179456,86913,823878,243968,432797,433882,470598,665887,380590,149952,265118,178325,2400555,1910809
20-02-2020,Pro,18588,19648,225292,144829,107199,112137,150759,154755,71616,93613,185397,71241,628445,726629
20-02-2020,DII,26176,21786,40191,1083539,4317,70550,0,0,3112,0,3056,0,144346,1108381
20-02-2020,FII,30081,125954,975623,592648,156628,308322,79584,104249,21482,22621,23229,16620,1514757,942284
20-02-2020,TOTAL,254301,254301,2064984,2064984,700941,924891,700941,924891,476800,266186,476800,266186,4688103,4688103
24-02-2020,Pro,30965,21432,238675,141428,143279,168668,291281,193467,69542,104946,208074,66330,756075,922012
24-02-2020,Client,190324,102105,822224,250797,731757,458826,661713,729405,406091,128686,263945,172809,2737908,2180774
24-02-2020,DII,27138,17117,41510,1078087,4317,71750,0,0,3112,0,3031,0,147827,1098235
24-02-2020,FII,42979,150752,991570,623667,168918,343741,95277,120113,19797,21143,23492,15636,1588148,1028937
24-02-2020,TOTAL,291406,291406,2093979,2093979,1048271,1042985,1048271,1042985,498542,254775,498542,254775,5229958,5229958
25-02-2020,DII,29137,14018,43608,1087906,4317,74960,0,0,3112,0,3091,0,155134,1105015
25-02-2020,Client,162855,98625,818772,212350,827444,526495,733907,778079,391408,127869,258055,168501,2854843,2249517
25-02-2020,FII,58661,148351,981581,638484,171901,326362,95102,118675,17071,18842,19495,14189,1574418,1034296
25-02-2020,TOTAL,283046,283046,2075077,2075077,1154303,1106531,1154303,1106531,483161,250555,483161,250555,5352673,5352673
25-02-2020,Pro,32393,22052,231116,136337,150641,178714,325294,209777,71570,103844,202520,67865,768278,963845
26-02-2020,TOTAL,306038,306038,2075779,2075779,1217045,1134518,1217045,1134518,443418,234568,443418,234568,5411366,5411366
26-02-2020,FII,70795,174334,991817,669325,188366,344496,103286,123858,16153,16923,15981,12063,1628550,1098847
26-02-2020,Pro,33599,23791,222081,119526,146955,184648,371521,217092,71727,103890,188602,64454,762900,984986
26-02-2020,DII,35562,13875,45032,1094824,6317,74975,0,0,3112,0,3288,0,164998,1111987
26-02-2020,Client,166082,94038,816849,192104,875407,530399,742238,793568,352426,113755,235547,158051,2854918,2215546
27-02-2020,DII,29404,11512,25703,1002810,11983,74975,0,0,121,0,265,0,142186,1014587
27-02-2020,Pro,24698,13380,154954,54525,93410,126055,148318,142509,22090,58140,69907,22958,479347,451597
27-02-2020,FII,26071,162106,811471,548630,118206,249788,52870,75141,4495,4129,3894,3598,1214160,846239
27-02-2020,Client,174523,67698,786396,172559,395448,333894,417859,567062,137745,54810,90385,90523,1882816,1406086
27-02-2020,TOTAL,254696,254696,1778524,1778524,619047,784712,619047,784712,164451,117079,164451,117079,3718509,3718509
28-02-2020,Pro,29710,13589,162730,49563,129163,149013,244010,158323,24284,67973,88344,32242,562873,586071
28-02-2020,TOTAL,288805,288805,1817387,1817387,914982,876046,914982,876046,212169,142778,212169,142778,4252167,4252167
28-02-2020,DII,35677,11143,35827,1055260,18651,74975,0,0,0,0,277,0,165130,1066680
28-02-2020,FII,25870,182131,857083,560200,136274,285197,88096,94024,10036,8851,9627,7172,1323311,941250
28-02-2020,Client,197548,81942,761747,152364,630894,366861,582876,623699,177849,65954,113921,103364,2200853,1658166
02-03-2020,Client,177359,89985,735657,152217,659950,407279,624046,664390,194889,75424,132405,109972,2250558,1773015
02-03-2020,TOTAL,266876,266876,1801427,1801427,988310,971785,988310,971785,238974,157550,238974,157550,4424922,4424922
02-03-2020,FII,35795,150826,867624,555876,170344,329945,92212,115873,12129,10918,11572,8915,1426755,935274
02-03-2020,DII,34118,10256,37519,1037052,18651,74975,0,0,0,0,904,0,165263,1048212
02-03-2020,Pro,19604,15809,160627,56282,139365,159586,272052,191522,31956,71208,94093,38663,582346,668421
03-03-2020,DII,31638,9266,38710,1027374,18651,74975,0,0,0,0,1328,0,163974,1037968
03-03-2020,Client,191248,94318,724120,176056,658463,536279,649297,766933,199376,83761,142614,115061,2393247,1944279
03-03-2020,Pro,17643,25945,158118,62858,171671,171009,284303,238488,37861,73139,94452,44275,629441,750321
03-03-2020,FII,40315,151315,888852,543512,193114,354588,108299,131430,13651,12750,12494,10314,1503270,957364
03-03-2020,TOTAL,280844,280844,1809800,1809800,1041899,1136851,1041899,1136851,250888,169650,250888,169650,4689932,4689932
04-03-2020,DII,33259,10355,35491,1027824,18651,78752,0,0,0,0,1582,0,166153,1039761
04-03-2020,Client,200844,92741,730312,188576,762549,527194,700373,769235,214934,83200,154878,117476,2519033,2023279
04-03-2020,TOTAL,293089,293089,1830747,1830747,1167328,1125998,1167328,1125998,273641,175178,273641,175178,4865981,4865981
04-03-2020,FII,36996,168508,900639,545346,214827,357342,114898,136173,15573,13637,13676,10863,1539014,989464
04-03-2020,Pro,21990,21485,164305,69001,171301,162710,352057,220590,43134,78341,103505,46839,641781,813477
05-03-2020,DII,33709,10192,37726,1028340,18651,78752,0,0,0,0,1736,0,168838,1040268
05-03-2020,TOTAL,300840,300840,1843616,1843616,686560,905194,686560,905194,289868,184458,289868,184458,4210536,4210536
05-03-2020,Client,208041,97219,731905,204828,403011,375275,439241,621602,226807,90241,163851,124218,2035280,1650959
05-03-2020,FII,37241,174004,910086,537530,140121,315488,83497,116581,17246,14730,14850,11044,1434912,937506
05-03-2020,Pro,21849,19425,163899,72918,124777,135679,163822,167011,45815,79487,109431,49196,571506,581803
06-03-2020,DII,37508,8743,40026,1021934,18651,78752,0,0,121,0,1923,0,175058,1032600
06-03-2020,TOTAL,331779,331779,1858532,1858532,897255,993187,897255,993187,310304,181305,310304,181305,4572362,4572362
06-03-2020,Client,235173,91107,722656,225716,577292,399779,567865,669527,248861,83852,171786,121725,2267613,1847726
06-03-2020,FII,35652,208785,924498,540643,162219,356140,110622,134131,18072,15419,17144,11686,1512000,1023011
06-03-2020,Pro,23446,23144,171352,70239,139093,158516,218768,189529,43250,82034,119451,47894,617691,669025
09-03-2020,Client,231606,94987,690611,207619,737424,386952,660963,663569,269673,78532,180666,118476,2394798,1926280
09-03-2020,TOTAL,337383,337383,1842993,1842993,1127790,1009660,1127790,1009660,334121,178185,334121,178185,4830132,4830132
09-03-2020,FII,38422,208170,936239,532102,219437,385093,151051,150563,20688,14220,19483,11985,1614099,1073354
09-03-2020,DII,41297,9003,42108,1031600,18651,75961,0,0,0,0,1920,0,178017,1042523
09-03-2020,Pro,26058,25223,174035,71672,152278,161654,315776,195528,43760,85433,132052,47724,643218,787975
11-03-2020,DII,47009,8037,41551,1024224,18651,75622,0,0,0,0,1982,0,182833,1034243
11-03-2020,TOTAL,345784,345784,1845663,1845663,1249373,1160627,1249373,1160627,348052,188830,348052,188830,5138329,5138329
11-03-2020,Pro,24339,28644,172743,74511,165191,171147,363897,235473,47438,84596,135482,54699,665454,892706
11-03-2020,FII,49315,200114,953951,535006,227487,397352,154195,170454,22084,14976,21010,13007,1665165,1093786
11-03-2020,Client,225121,108989,677418,211922,838044,516506,731281,754700,278530,89258,189578,121124,2624877,2117594
12-03-2020,Pro,27468,22444,161955,66671,110974,122694,220124,141653,51771,84720,135201,49916,559582,636009
12-03-2020,FII,48244,200962,990873,539659,184345,375190,145214,173320,24770,14949,24251,14206,1638371,1097612
12-03-2020,DII,51591,8259,45713,990549,21811,69946,0,0,0,0,1982,0,189061,1000790
12-03-2020,TOTAL,334754,334754,1778374,1778374,798830,827219,798830,827219,345378,169865,345378,169865,4254420,4254420
12-03-2020,Client,207451,103089,579833,181495,481700,259389,433492,512246,268837,70196,183944,105743,1867406,1520009
13-03-2020,FII,46067,164886,999630,501479,220997,359703,162425,170654,23887,15775,19355,13710,1666059,1032509
13-03-2020,Pro,21482,43263,147800,66029,154805,128241,228818,187036,62986,82475,126814,56929,597789,708889
13-03-2020,TOTAL,304099,304099,1718271,1718271,882923,888466,882923,888466,328612,173798,328612,173798,4296169,4296169
13-03-2020,DII,51486,3312,54296,958047,23177,67683,0,0,0,0,1985,0,196642,963344
13-03-2020,Client,185064,92638,516545,192716,483944,332839,491680,530776,241739,75548,180458,103159,1835679,1591427
16-03-2020,TOTAL,338863,338863,1704904,1704904,1055323,869398,1055323,869398,343042,172332,343042,172332,4483862,4483862
16-03-2020,Client,178352,102959,495715,190586,632118,296905,583111,502517,254099,70488,187687,102560,1927677,1669420
16-03-2020,FII,76458,183264,988630,507247,229450,360893,187530,171748,23055,16081,18054,12831,1694567,1080674
16-03-2020,DII,61165,6674,60445,938472,19064,66533,0,0,0,0,2023,0,207207,947169
16-03-2020,Pro,22888,45966,160114,68599,174691,145067,284682,195133,65888,85763,135278,56941,654411,786599
17-03-2020,Pro,21158,44287,160123,78378,179639,174562,319228,225071,73021,85575,138123,62280,694078,867367
17-03-2020,DII,61713,4760,67433,938969,19064,66102,0,0,0,0,2023,0,214312,945752
17-03-2020,FII,80634,175092,995126,484823,231895,370549,182554,190975,22891,15993,17755,13910,1717088,1065109
17-03-2020,Client,168276,107642,471838,192350,694228,327962,623044,523129,253004,74257,191015,99635,1989565,1736815
17-03-2020,TOTAL,331781,331781,1694520,1694520,1124826,939175,1124826,939175,348916,175825,348916,175825,4615043,4615043
18-03-2020,Client,160671,116092,450041,178132,801842,337488,688851,533593,251654,72738,192845,93594,2074434,1803107
18-03-2020,TOTAL,345443,345443,1692660,1692660,1240476,950304,1240476,950304,351215,173000,351215,173000,4753098,4753098
18-03-2020,Pro,27777,40648,153449,90088,177819,175589,360783,222143,75287,84069,137782,64968,693990,916412
18-03-2020,FII,93160,183024,1016791,478466,241751,370839,190842,194568,24274,16193,18272,14438,1763008,1079610
18-03-2020,DII,63835,5679,72379,945974,19064,66388,0,0,0,0,2316,0,221666,953969
19-03-2020,Pro,20529,34645,153327,87590,119150,127084,190705,160964,78728,85391,138705,67188,584209,679797
19-03-2020,TOTAL,330682,330682,1688728,1688728,766658,798155,766658,798155,353376,173690,353376,173690,4111289,4111289
19-03-2020,Client,153182,108851,434214,180626,450272,259669,405127,458164,248525,72191,193204,90963,1618053,1436935
19-03-2020,FII,92277,181366,1025164,461879,178172,345156,170826,179027,26123,16108,19005,15539,1683000,1027642
19-03-2020,DII,64694,5820,76023,958633,19064,66246,0,0,0,0,2462,0,226027,966915
20-03-2020,TOTAL,344371,344371,1695745,1695745,881449,912035,881449,912035,344329,186892,344329,186892,4364821,4364821
20-03-2020,Pro,16841,52047,155802,98535,144763,130755,204424,196618,85580,83815,132403,76837,617556,760864
20-03-2020,Client,148226,118620,438035,168672,506931,358196,497788,518620,231450,86716,188997,93470,1769554,1586167
20-03-2020,FII,118564,170599,1018818,473515,210691,356833,179237,196797,27299,16361,19835,16585,1748566,1056568
20-03-2020,DII,60740,3105,83090,955023,19064,66251,0,0,0,0,3094,0,229145,961222
23-03-2020,Client,118826,110406,380244,127585,561886,246151,511205,436709,211973,61614,170430,78282,1580694,1434617
23-03-2020,Pro,15915,42412,129411,67410,132197,114351,220675,157597,75656,78362,120892,62436,545892,671422
23-03-2020,DII,61660,3105,81909,931225,19064,65051,0,0,0,0,3097,0,227684,937427
23-03-2020,FII,104841,145319,1008970,474314,207133,350542,188400,181789,26427,16036,19637,15294,1713949,1024753
23-03-2020,TOTAL,301242,301242,1600534,1600534,920280,776095,920280,776095,314056,156012,314056,156012,4068219,4068219
24-03-2020,Client,82506,122539,360415,92458,560261,317476,519179,481244,199066,63004,163481,74698,1582728,1453599
24-03-2020,Pro,18758,56075,112874,61468,133026,118157,220098,185984,79538,76363,117213,65010,538716,705848
24-03-2020,TOTAL,285406,285406,1522580,1522580,927450,857713,927450,857713,303196,154759,303196,154759,4051104,4051104
24-03-2020,DII,65781,1921,77694,908264,19064,63354,0,0,0,0,3097,0,225893,913282
24-03-2020,FII,118361,104871,971597,460390,215099,358726,188173,190485,24592,15392,19405,15051,1703767,978375
25-03-2020,Client,89914,124617,353274,105650,512246,442190,485057,574090,172774,56293,148047,65723,1626691,1503184
25-03-2020,TOTAL,299615,299615,1489776,1489776,900570,1001555,900570,1001555,276916,141646,276916,141646,4110078,4110078
25-03-2020,FII,122755,109005,956805,433157,226205,369228,183330,208220,23861,15002,18495,13524,1713856,965731
25-03-2020,DII,67902,1849,69733,882597,19064,62271,0,0,0,0,3094,0,218970,887540
25-03-2020,Pro,19044,64144,109964,68372,143055,127866,232183,219245,80281,70351,107280,62399,550561,753623
26-03-2020,Client,86213,93073,310809,110680,206448,236818,220389,330061,34263,18418,31538,22711,892969,808452
26-03-2020,Pro,10320,15330,67610,41294,43892,51949,60398,73655,14929,15439,17733,11460,204139,219870
26-03-2020,TOTAL,195944,195944,1303616,1303616,358453,489054,358453,489054,49980,37054,49980,37054,2434101,2434101
26-03-2020,DII,63411,2049,32167,751500,4317,60671,0,0,0,0,0,0,160566,753549
26-03-2020,FII,36000,85492,893030,400142,103796,139616,77666,85338,788,3197,709,2883,1176427,652230
27-03-2020,TOTAL,199434,199434,1321842,1321842,517873,580214,517873,580214,73876,53707,73876,53707,2746946,2746946
27-03-2020,Client,98381,95661,315523,128341,335317,312231,336446,391050,47644,30227,47289,29447,1139323,1028234
27-03-2020,Pro,14864,17126,69377,55183,60301,59251,94631,93028,23809,19634,24453,20580,247236,305001
27-03-2020,DII,54635,3102,34191,737182,4317,60004,0,0,0,0,200,0,153147,740484
27-03-2020,FII,31554,83545,902751,401136,117938,148728,86796,96136,2423,3846,1934,3680,1207240,673227
30-03-2020,DII,53902,2902,42429,786153,4317,62481,0,0,0,0,522,0,163129,789577
30-03-2020,Pro,18227,17608,68517,57759,80098,64518,141742,107792,25597,23752,30878,24275,280709,380054
30-03-2020,TOTAL,211935,211935,1364488,1364488,645745,632418,645745,632418,90441,63714,90441,63714,3008741,3008741
30-03-2020,FII,34073,99754,936295,392512,123135,158671,93154,98475,2820,4336,2020,3987,1259330,689902
30-03-2020,Client,105733,91671,317247,128064,438195,346748,410849,426151,62024,35626,57021,35452,1305573,1149208
31-03-2020,DII,60061,4781,47863,831673,4317,62561,0,0,0,0,661,0,174802,837115
31-03-2020,Client,91697,101370,319583,124882,456723,422824,413995,484590,68915,44139,65322,40117,1403881,1230276
31-03-2020,FII,40754,82993,955025,388505,130108,154160,90169,99086,3261,4278,2173,4092,1287586,667018
31-03-2020,TOTAL,207764,207764,1393680,1393680,669572,715744,669572,715744,102733,73465,102733,73465,3162958,3162958
31-03-2020,Pro,15252,18620,71209,48620,78424,76199,165408,132068,30557,25048,34577,29256,296689,428549
01-04-2020,Client,83227,72942,317301,125763,271300,265681,288379,366625,81403,46727,71828,44137,1065639,969674
01-04-2020,Pro,18378,16281,72110,51090,68574,69959,86885,97034,30869,27684,40628,30674,287574,322592
01-04-2020,DII,54486,3854,48392,828714,4317,62015,0,0,0,0,694,0,169210,833262
01-04-2020,FII,37805,100819,965511,397747,116202,150831,85129,84827,3501,4657,2623,4257,1278507,675402
01-04-2020,TOTAL,193896,193896,1403314,1403314,460393,548486,460393,548486,115773,79068,115773,79068,2800930,2800930
03-04-2020,Pro,20912,21474,78449,56599,95686,99480,132622,132404,33000,30444,49545,34462,357971,427106
03-04-2020,Client,87037,76006,328992,135128,395898,334016,400500,429628,97941,53519,81412,49977,1297403,1172651
03-04-2020,DII,51868,3854,49357,820900,4530,62007,0,0,0,0,1293,0,167762,826047
03-04-2020,FII,38518,97001,976016,420187,128626,160559,91618,94030,4186,4988,2877,4512,1312893,710225
03-04-2020,TOTAL,198335,198335,1432814,1432814,624740,656062,624740,656062,135127,88951,135127,88951,3136029,3136029
07-04-2020,DII,48307,4594,51505,814459,4530,62007,0,0,0,0,1893,0,166349,820946
07-04-2020,Client,80175,92253,326251,150618,352536,506090,355440,546145,97778,69556,87744,54465,1432386,1286665
07-04-2020,FII,57972,77870,994550,421867,133862,161883,91162,114333,4753,5015,5184,4994,1358035,715410
07-04-2020,TOTAL,199959,199959,1452831,1452831,591485,851245,591485,851245,146270,102876,146270,102876,3344666,3344666
07-04-2020,Pro,13505,25242,80525,65887,100557,121265,144883,190767,43739,28305,51449,43417,387896,521645
08-04-2020,TOTAL,197669,197669,1444067,1444067,709038,874586,709038,874586,156175,109825,156175,109825,3491360,3491360
08-04-2020,FII,52931,80538,985961,434629,133128,170603,98498,121823,4969,5386,5393,5012,1352978,745893
08-04-2020,Pro,20083,24344,80655,70526,111932,123345,191283,193611,46514,30674,56532,47575,413203,583871
08-04-2020,DII,43225,4561,56545,787732,4530,62007,0,0,0,0,1893,0,166307,794186
08-04-2020,Client,81430,88226,320906,151180,459448,518631,419257,559152,104692,73765,92357,57238,1558872,1367410
09-04-2020,DII,38238,6140,64410,770057,4530,61741,0,0,0,0,1893,0,168919,778090
09-04-2020,Pro,23319,20618,85696,82182,65372,84130,89774,114052,51686,31376,59106,55626,341579,421358
09-04-2020,FII,63410,80698,996629,430006,115383,151578,81560,98780,5165,5743,5417,5503,1337908,701964
09-04-2020,Client,93256,110767,310034,174524,259561,348552,273512,433169,107141,87236,97576,63226,1205780,1152774
09-04-2020,TOTAL,218223,218223,1456769,1456769,444846,646001,444846,646001,163992,124355,163992,124355,3054186,3054186
13-04-2020,Pro,21093,24799,87220,88343,87044,108062,130334,149590,53214,33476,66604,56387,390109,516057
13-04-2020,TOTAL,212112,212112,1471429,1471429,580741,772270,580741,772270,186052,132045,186052,132045,3354649,3354649
13-04-2020,DII,36335,6181,67268,777070,4530,61741,0,0,0,0,2193,0,169874,785444
13-04-2020,FII,55921,81677,999636,424280,122701,160143,87570,104246,7547,7497,7256,6551,1353445,711580
13-04-2020,Client,98763,99455,317305,181736,366466,442324,362837,518434,125291,91072,109999,69107,1441221,1341568
15-04-2020,Client,95979,107632,309293,191070,491756,482870,443514,546485,138665,99481,118772,73959,1618044,1481432
15-04-2020,TOTAL,215132,215132,1477628,1477628,732520,830575,732520,830575,203429,143894,203429,143894,3603178,3603178
15-04-2020,FII,64287,70808,1004990,431022,133126,170643,99212,114747,7695,8391,8609,7238,1389132,731636
15-04-2020,DII,32710,7485,69746,763222,4530,61741,0,0,0,0,2193,0,168727,772900
15-04-2020,Pro,22156,29207,93599,92314,103108,115321,189794,169343,57069,36022,73855,62697,427275,617210
16-04-2020,Pro,20524,22431,94474,100255,75589,92572,103584,113781,61093,38104,77027,70329,382356,487407
16-04-2020,DII,36730,4159,66556,779013,4530,61741,0,0,0,0,2193,0,169557,785365
16-04-2020,TOTAL,222785,222785,1504328,1504328,473518,652311,473518,652311,216353,159533,216353,159533,3228828,3228828
16-04-2020,Client,96529,127257,327915,192619,279448,337394,281935,446952,147012,112668,127659,81248,1300966,1257670
16-04-2020,FII,69002,68938,1015383,432441,113951,160604,87999,91578,8248,8761,9474,7956,1375949,698386
17-04-2020,Pro,17083,24664,96739,100215,95628,101034,128471,140282,66565,39420,82311,74772,416469,550715
17-04-2020,DII,39413,4039,66652,780998,4530,62556,0,0,0,0,2193,0,173151,787230
17-04-2020,TOTAL,216287,216287,1510599,1510599,579931,784832,579931,784832,228912,170553,228912,170553,3491114,3491114
17-04-2020,Client,91971,119738,335696,186944,353382,444806,355876,535763,152614,119828,132696,86177,1498297,1417194
17-04-2020,FII,67820,67846,1011512,442442,126391,176436,95584,108787,9733,11305,11712,9604,1403197,735975
20-04-2020,Pro,19872,25216,105733,103473,112482,124487,172566,169765,67468,42923,92598,75255,472965,638873
20-04-2020,TOTAL,219122,219122,1514814,1514814,686789,865839,686789,865839,250940,178358,250940,178358,3715862,3715862
20-04-2020,DII,40876,5285,67491,768257,4530,62593,0,0,0,0,2193,0,175490,775735
20-04-2020,FII,71053,67150,1005948,451119,126939,177342,98595,107992,9730,12339,13393,9826,1403351,748075
20-04-2020,Client,87321,121471,335642,191965,442838,501417,415628,588082,173742,123096,142756,93277,1664056,1553179
21-04-2020,Pro,23399,22261,116655,106101,116727,131966,216871,166714,65129,49208,103722,72472,503084,688141
21-04-2020,TOTAL,231969,231969,1528005,1528005,804427,841609,804427,841609,270968,176567,270968,176567,3853545,3853545
21-04-2020,DII,40948,4758,71677,767033,4584,63093,0,0,0,0,2193,0,180302,773984
21-04-2020,FII,71249,85068,999892,462337,132751,180777,105726,112860,9588,13012,14457,9323,1407269,789771
21-04-2020,Client,96373,119882,339781,192534,550365,465773,481830,562035,196251,114347,150596,94772,1762890,1601649
22-04-2020,Pro,21231,24482,124792,121987,128220,127866,210293,189474,69855,49983,105474,79897,521947,731607
22-04-2020,FII,74055,81601,1012392,465778,136683,177799,103771,120759,9317,14116,14822,10501,1424362,797232
22-04-2020,TOTAL,233292,233292,1558313,1558313,791648,932614,791648,932614,278917,191763,278917,191763,3986547,3986547
22-04-2020,DII,39625,4171,72003,771195,4584,63168,0,0,0,0,2193,0,179380,777559
22-04-2020,Client,98381,123038,349126,199353,522161,563781,477584,622381,199745,127664,156428,101365,1860858,1680149
23-04-2020,DII,39286,4237,66891,762514,4584,62970,0,0,0,0,2193,0,173731,768944
23-04-2020,Client,101821,125984,356169,206562,294171,398994,302047,481128,207051,134815,161670,105507,1493021,1382898
23-04-2020,FII,70530,78431,1016091,473707,117319,160748,88112,101881,10371,14690,16595,10710,1389749,769436
23-04-2020,Pro,20954,23939,136240,132608,86377,96470,112292,136173,72807,51632,109771,84920,464480,599703
23-04-2020,TOTAL,232591,232591,1575391,1575391,502451,719182,502451,719182,290229,201137,290229,201137,3520981,3520981
24-04-2020,TOTAL,228838,228838,1603249,1603249,620352,779666,620352,779666,303744,199066,303744,199066,3734915,3734915
24-04-2020,DII,32698,4062,67986,766402,4584,62691,0,0,0,0,2680,0,167959,773144
24-04-2020,Pro,21503,22637,155746,139877,100718,113931,148514,140927,72340,55119,120063,82607,519357,654625
24-04-2020,Client,106382,119942,360922,216130,388869,428285,376859,530698,220888,129104,163877,106263,1634450,1513769
24-04-2020,FII,68255,82197,1018595,480840,126181,174759,94979,108041,10516,14843,17124,10196,1413149,793377
27-04-2020,Client,88207,119960,370965,196665,431253,500982,414972,585451,223286,137881,169144,110298,1752574,1596490
27-04-2020,FII,80156,66429,1028555,498873,135300,184101,95665,117317,10632,14339,15877,9837,1453083,803998
27-04-2020,Pro,28664,21514,165938,152653,118847,134922,179347,179635,77429,55548,123646,87633,581348,744428
27-04-2020,DII,14986,4110,67499,784766,4584,62398,0,0,0,0,2680,0,149467,791556
27-04-2020,TOTAL,212013,212013,1632957,1632957,689984,882403,689984,882403,311347,207768,311347,207768,3936472,3936472
28-04-2020,TOTAL,219992,219992,1597394,1597394,688558,994718,688558,994718,298058,206299,298058,206299,4005019,4005019
28-04-2020,DII,17097,4805,50847,796484,4584,59139,0,0,0,0,2680,0,131667,803969
28-04-2020,Client,88124,126399,374116,188752,414780,604620,415771,649609,211811,136129,161025,109100,1829580,1650656
28-04-2020,FII,88171,63627,1020546,477697,142992,190233,93793,131359,7490,13114,12772,8899,1462546,788147
28-04-2020,Pro,26600,25161,151885,134461,126202,140726,178994,213750,78757,57056,121581,88300,581226,762247
29-04-2020,Client,75036,125227,354333,177033,452916,666071,424233,703363,186874,125367,146582,98962,1860597,1675400
29-04-2020,TOTAL,214205,214205,1550576,1550576,731379,1098081,731379,1098081,274902,196095,274902,196095,4065238,4065238
29-04-2020,DII,21177,4515,50961,798912,4584,59809,0,0,53,0,2680,0,136584,806107
29-04-2020,Pro,32662,21890,125804,110886,125533,172590,211478,256935,81460,59328,115365,89109,597377,805663
29-04-2020,FII,85330,62573,1019478,463745,148346,199611,95668,137783,6515,11400,10275,8024,1470680,778068
30-04-2020,FII,69523,38385,1005085,426941,92875,147237,66315,92848,2128,4304,3404,4565,1321152,632458
30-04-2020,Pro,9706,23360,80288,55416,62145,95902,78173,129542,37958,31102,47586,38338,317101,372415
30-04-2020,DII,23731,4512,36833,787518,4584,59407,0,0,0,0,0,0,124555,792030
30-04-2020,Client,75444,112147,315997,168328,222524,351095,237640,431251,88675,57721,77771,50224,1111456,1077361
30-04-2020,TOTAL,178404,178404,1438203,1438203,382128,653641,382128,653641,128761,93127,128761,93127,2874264,2874264
04-05-2020,Client,89497,114216,339364,179411,441259,403271,410984,492259,138644,67784,105400,67273,1479819,1369543
04-05-2020,Pro,16741,24326,94050,56761,104602,120138,159159,162463,41965,44897,72709,45567,422393,520985
04-05-2020,TOTAL,192260,192260,1467645,1467645,653306,748644,653306,748644,185457,119958,185457,119958,3367270,3367270
04-05-2020,FII,59288,47692,998309,450479,102861,165828,83163,93922,4848,7277,6848,7118,1338411,689222
04-05-2020,DII,26734,6026,35922,780994,4584,59407,0,0,0,0,500,0,126647,787520
05-05-2020,Client,91777,112247,346635,187908,575445,434083,500294,527593,162170,81597,125364,77204,1691707,1530610
05-05-2020,TOTAL,189884,189884,1481822,1481822,804783,798106,804783,798106,218127,139273,218127,139273,3631995,3631995
05-05-2020,DII,22448,7134,34753,772389,4584,61465,0,0,0,0,691,0,123250,780214
05-05-2020,Pro,14322,22686,97731,61866,122540,131748,215229,168088,48874,48553,83235,53250,463768,604354
05-05-2020,FII,61337,47817,1002703,459659,102214,170810,89260,102425,7083,9123,8837,8819,1353270,716817
06-05-2020,Pro,12752,26729,101511,67699,117157,133065,214236,205359,55484,50757,88089,56884,470726,658996
06-05-2020,DII,22503,7094,36467,790491,4584,61465,0,0,0,0,891,0,125019,798476
06-05-2020,Client,87020,111719,359028,187270,579770,550963,511624,603306,174305,90001,139126,84209,1841087,1637254
06-05-2020,TOTAL,188829,188829,1515135,1515135,817665,920762,817665,920762,237984,150844,237984,150844,3831219,3831219
06-05-2020,FII,66554,43287,1018129,469675,116154,175269,91805,112097,8195,10086,9878,9751,1394387,736493
07-05-2020,Pro,19433,18341,112694,66263,76468,108558,105646,120845,57486,60128,105981,60359,434767,477435
07-05-2020,FII,52783,53226,992466,501542,99869,162538,74599,89219,9213,12853,12920,9643,1329722,741149
07-05-2020,DII,22483,7122,42257,792476,4584,61465,0,0,0,0,891,0,130789,800489
07-05-2020,TOTAL,182444,182444,1534219,1534219,486252,650676,486252,650676,274163,166932,274163,166932,3294686,3294686
07-05-2020,Client,87745,103755,386802,173938,305331,318115,306007,440612,207464,93951,154371,96930,1399408,1275613
08-05-2020,DII,21522,7122,50778,773448,4584,61465,0,0,0,0,891,0,138349,781461
08-05-2020,TOTAL,187672,187672,1554775,1554775,668594,762163,668594,762163,293969,178783,293969,178783,3645956,3645956
08-05-2020,FII,52958,50102,993356,529890,109622,175463,80275,98384,9856,13998,13946,10053,1355253,782650
08-05-2020,Client,92734,107516,392037,182977,437957,389548,424411,509218,224227,102512,165848,103210,1639015,1493180
08-05-2020,Pro,20458,22932,118604,68460,116431,135687,163908,154561,59886,62273,113284,65520,513339,588665
11-05-2020,Client,84649,109697,397138,177302,544177,442827,501485,559573,238903,109878,176504,110227,1817572,1634788
11-05-2020,DII,21988,7121,51509,781487,4584,61450,0,0,0,0,891,0,139531,789499
11-05-2020,FII,56272,41659,1005006,545572,113610,185056,88117,104473,10127,14793,14408,9728,1384864,803957
11-05-2020,Pro,18532,22964,122622,71914,136678,141312,209447,166599,62390,64540,119617,69256,546074,659797
11-05-2020,TOTAL,181441,181441,1576275,1576275,799049,830645,799049,830645,311420,189211,311420,189211,3888041,3888041
12-05-2020,Client,89042,108030,418885,170683,561190,465514,498731,584539,255096,103563,181457,112747,1893290,1656187
12-05-2020,DII,20723,6638,42147,804917,4584,61450,0,0,0,0,891,0,128904,812446
12-05-2020,TOTAL,184964,184964,1591676,1591676,824434,871419,824434,871419,325234,189473,325234,189473,3987200,3987200
12-05-2020,FII,51577,51206,999340,542278,123651,191837,96933,111058,11014,15784,14700,10627,1393203,826802
12-05-2020,Pro,23622,19090,131304,73798,135009,152618,228770,175822,59124,70126,128186,66099,571803,691765
13-05-2020,Client,88911,111349,419748,163754,653272,513619,569816,620646,249982,109739,179783,115593,2035271,1760941
13-05-2020,DII,23548,5975,40144,825873,4584,66491,0,0,0,0,891,0,134767,832739
13-05-2020,TOTAL,175089,175089,1598424,1598424,953978,928184,953978,928184,325443,196239,325443,196239,4177357,4177357
13-05-2020,FII,40104,38107,1009993,532368,121597,185051,114733,114639,11366,16813,15642,10789,1384924,826278
13-05-2020,Pro,22526,19658,128539,76429,174525,163023,269429,192899,64095,69687,129127,69857,622395,757399
14-05-2020,Pro,23864,18406,139365,72572,113015,125060,168737,122563,62574,80148,149642,70057,544026,601977
14-05-2020,Client,95159,101608,435165,163202,434201,329280,388551,479260,290439,109309,196079,125604,1693553,1454304
14-05-2020,DII,23622,5103,38553,833881,4584,66391,0,0,23,0,941,0,133173,839925
14-05-2020,TOTAL,175544,175544,1612228,1612228,650916,698962,650916,698962,364654,206844,364654,206844,3709148,3709148
14-05-2020,FII,32899,50427,999145,542573,99116,178231,93628,97139,11618,17387,17992,11183,1338396,812942
15-05-2020,DII,27543,5003,36947,851283,6015,65232,0,0,0,0,941,0,135737,857227
15-05-2020,Client,96462,103582,447396,153031,546725,385176,487437,544749,313827,110223,206610,131806,1899809,1627215
15-05-2020,Pro,32334,19280,146226,72580,147051,143876,223135,137148,64531,84630,161823,69346,618648,683312
15-05-2020,FII,29909,58383,991262,544937,113410,189013,102629,101400,13040,18463,22024,12164,1355097,841537
15-05-2020,TOTAL,186248,186248,1621831,1621831,813201,783297,813201,783297,391398,213316,391398,213316,4009291,4009291
18-05-2020,DII,28570,7069,38011,847432,4584,66334,0,0,0,0,941,0,137499,855442
18-05-2020,Client,105542,99708,448806,155493,793068,408926,641906,567445,353186,110414,221448,136449,2219942,1822449
18-05-2020,Pro,40418,22283,164891,71765,155052,152981,311044,148763,62576,91445,182135,70127,667363,806117
18-05-2020,FII,28856,74326,989455,566473,123808,201607,123562,113640,12515,17566,23753,12849,1373807,914603
18-05-2020,TOTAL,203386,203386,1641163,1641163,1076512,829848,1076512,829848,428277,219425,428277,219425,4398611,4398611
19-05-2020,DII,28441,12135,40067,861056,4584,69109,0,0,0,0,941,0,142201,874132
19-05-2020,Pro,30799,27816,165328,80383,153694,150306,290129,174113,65552,86281,176523,76945,651960,825909
19-05-2020,Client,100521,114821,446746,172188,746795,492525,639857,614287,348783,125114,226227,139181,2260484,1906561
19-05-2020,FII,44661,49650,1013602,552116,149648,194625,124735,118165,13198,18885,23842,14154,1434619,882662
19-05-2020,TOTAL,204422,204422,1665743,1665743,1054721,906565,1054721,906565,427533,230280,427533,230280,4489264,4489264
20-05-2020,DII,26441,11893,40730,886630,4584,68128,0,0,0,0,1900,0,139883,900423
20-05-2020,Client,98867,120578,462965,168655,713608,609862,605955,686712,337391,129399,223655,139084,2352092,1944639
20-05-2020,FII,47933,49754,1028345,559809,146782,188752,120488,119096,13032,17666,21766,13261,1442510,884174
20-05-2020,TOTAL,202932,202932,1701389,1701389,1015127,1014913,1015127,1014913,420167,231139,420167,231139,4585667,4585667
20-05-2020,Pro,29691,20707,169349,86295,150153,148171,288684,209105,69744,84074,172846,78794,651182,856431
21-05-2020,TOTAL,209209,209209,1728146,1728146,659791,743946,659791,743946,424182,234515,424182,234515,3999789,3999789
21-05-2020,FII,49685,60613,1048786,565993,119332,173675,101938,107716,12327,16882,21775,12781,1420687,870816
21-05-2020,Pro,27976,21595,178435,97428,105328,100841,171948,123659,72524,85662,178841,81599,570766,675070
21-05-2020,DII,26441,12681,43038,879608,4584,67204,0,0,0,0,1900,0,141267,894189
21-05-2020,Client,105107,114320,457887,185117,430547,402226,385905,512571,339331,131971,221666,140135,1867069,1559714
22-05-2020,DII,26652,12731,49695,887809,4584,67003,0,0,0,0,1900,0,147934,902440
22-05-2020,Pro,33294,23255,204092,108237,142495,128570,225052,148420,74045,91324,192117,78609,673820,775690
22-05-2020,FII,52799,81181,1058656,586238,142801,210152,121590,121343,11422,17233,20485,11837,1493063,942674
22-05-2020,Client,123171,118749,474682,204841,560439,448073,503677,584035,353043,123781,224008,141892,2083189,1777202
22-05-2020,TOTAL,235916,235916,1787125,1787125,850319,853798,850319,853798,438510,232338,438510,232338,4398006,4398006
26-05-2020,TOTAL,234934,234934,1785974,1785974,961013,916171,961013,916171,438651,229087,438651,229087,4565830,4565830
26-05-2020,FII,51946,73537,1045169,580583,139766,226505,122507,126337,9232,14881,19468,11362,1487499,933794
26-05-2020,Client,116118,126200,486290,188539,671782,487416,570368,638122,353440,119549,219117,139095,2234595,1881441
26-05-2020,Pro,39308,22591,204542,104770,144881,135247,268138,151712,75979,94657,198166,78630,694614,824007
26-05-2020,DII,27562,12606,49973,912082,4584,67003,0,0,0,0,1900,0,149122,926588
27-05-2020,Client,106664,146847,478349,181878,524782,746875,505830,793697,276159,111535,189269,124147,2244364,1941668
27-05-2020,TOTAL,260415,260415,1766898,1766898,841043,1233731,841043,1233731,368548,212910,368548,212910,4683545,4683545
27-05-2020,FII,87496,78155,1051892,547257,163601,239200,112127,148247,8010,12467,17609,9975,1562666,913370
27-05-2020,DII,30966,8982,60934,948757,4584,69033,0,0,0,0,1900,0,165517,959639
27-05-2020,Pro,35289,26431,175723,89006,148076,178623,223086,291787,84379,88908,159770,78788,710998,868868
28-05-2020,FII,76558,44561,1035381,489277,125231,159482,78479,89255,1831,4137,5662,7459,1402620,714693
28-05-2020,TOTAL,205685,205685,1616154,1616154,462575,682453,462575,682453,145834,101569,145834,101569,3214270,3214270
28-05-2020,Client,82633,116109,419908,166675,239360,380953,286420,464737,103697,54075,81999,60742,1280626,1176682
28-05-2020,Pro,14346,37629,121778,44427,93400,79888,97676,128461,40306,43357,58173,33368,393075,399734
28-05-2020,DII,32148,7386,39087,915775,4584,62130,0,0,0,0,0,0,137949,923161
29-05-2020,DII,38098,10206,55837,952801,4584,66963,0,0,0,0,104,0,165482,963111
29-05-2020,Pro,15289,44855,131467,55796,126802,123171,127361,194529,55190,55500,75174,46184,507419,543899
29-05-2020,Client,97773,117801,429366,176203,312113,532930,369548,596904,130881,70771,105978,78023,1573834,1444457
29-05-2020,TOTAL,216509,216509,1671650,1671650,589447,903106,589447,903106,191084,135698,191084,135698,3707494,3707494
29-05-2020,FII,65349,43647,1054980,486850,145948,180042,92538,111673,5013,9427,9828,11491,1460759,756027
01-06-2020,DII,38182,10206,58062,929457,4584,67558,0,0,13,0,226,0,168399,939889
01-06-2020,Client,98037,119547,419128,175623,463939,679043,468290,717778,148741,95500,124419,90452,1904388,1696109
01-06-2020,Pro,16627,42397,129668,64387,164289,162691,212622,264109,72166,61562,91258,62979,607003,737752
01-06-2020,TOTAL,220409,220409,1662933,1662933,798015,1102748,798015,1102748,229315,168518,229315,168518,4181938,4181938
01-06-2020,FII,67563,48259,1056075,493466,165203,193456,117103,120861,8395,11456,13412,15087,1502148,808188
02-06-2020,Pro,23605,46414,131858,80243,180301,165910,228269,309233,83685,65244,102028,77000,650603,843187
02-06-2020,TOTAL,239352,239352,1677220,1677220,857530,1263472,857530,1263472,259639,197502,259639,197502,4494715,4494715
02-06-2020,DII,36215,10609,62290,907893,4584,67825,0,0,13,0,426,0,170927,918928
02-06-2020,FII,74019,49124,1055160,503443,183060,195654,121160,127992,10797,12587,15394,16702,1531277,833815
02-06-2020,Client,105513,133205,427912,185641,489585,834083,508101,826247,165144,119671,141791,103800,2141908,1898785
03-06-2020,Pro,24020,35663,129603,89786,193930,201257,293092,359537,92441,68986,110190,91378,710237,979646
03-06-2020,DII,33434,11380,63223,902271,4584,68105,0,0,13,0,426,0,169359,914077
03-06-2020,FII,80182,47587,1053551,474462,192513,221436,131467,154182,12571,14372,17309,18758,1574625,843765
03-06-2020,Client,94929,137935,414048,193906,594633,881306,561101,858385,176983,138735,154083,111957,2300634,2017367
03-06-2020,TOTAL,232565,232565,1660425,1660425,985660,1372104,985660,1372104,282008,222093,282008,222093,4754855,4754855
04-06-2020,Client,95433,128289,429846,205555,342793,469531,366724,558613,202138,147641,167887,123262,1687382,1550330
04-06-2020,Pro,25013,31089,129090,94179,116866,115196,153658,164443,94381,75623,122736,96341,556169,662446
04-06-2020,DII,36374,13238,59792,901644,4584,67605,0,0,13,0,925,0,168368,915807
04-06-2020,TOTAL,221805,221805,1667420,1667420,625383,839736,625383,839736,310455,238883,310455,238883,3903682,3903682
04-06-2020,FII,64985,49189,1048692,466042,161140,187404,105001,116680,13923,15619,18907,19280,1491763,775099
05-06-2020,Pro,27741,27997,125643,102778,161424,159048,200538,233493,101956,76172,132202,107087,651984,804095
05-06-2020,TOTAL,232823,232823,1678475,1678475,821041,1098922,821041,1098922,337800,263377,337800,263377,4432438,4432438
05-06-2020,DII,36228,13038,56396,912125,4584,67275,0,0,13,0,1672,0,164496,926835
05-06-2020,Client,100513,133740,439835,207508,449427,667873,483566,729368,219597,169929,183076,135156,2047174,1872414
05-06-2020,FII,68341,58048,1056601,456064,205606,204726,136937,136061,16234,17276,20850,21134,1568784,829094
08-06-2020,Pro,27124,28191,125405,103090,205019,182307,291135,275961,104867,82084,147360,112578,726806,958315
08-06-2020,TOTAL,238110,238110,1678036,1678036,1051698,1230310,1051698,1230310,367360,278534,367360,278534,4844048,4844048
08-06-2020,FII,63469,59088,1063446,450362,216704,226696,148409,158822,17890,18418,22610,21713,1606623,861004
08-06-2020,DII,33449,14390,59170,901575,4584,70808,0,0,13,0,1672,0,168024,917637
08-06-2020,Client,114068,136441,430015,223009,625391,750499,612154,795527,244590,178032,195718,144243,2342595,2107092
09-06-2020,Client,120041,140464,416014,234107,754904,758677,698475,813803,262647,178257,206227,150549,2490540,2243625
09-06-2020,TOTAL,245039,245039,1671303,1671303,1197931,1256194,1197931,1256194,386109,285516,386109,285516,5042092,5042092
09-06-2020,DII,32169,16804,57239,895236,4584,70808,0,0,13,0,2302,0,164813,914342
09-06-2020,FII,66043,56570,1075669,442566,220735,232520,158611,165912,19528,19798,24324,22422,1634293,870405
09-06-2020,Pro,26786,31201,122381,99394,217708,194189,340845,276479,103921,87461,153256,112545,752446,1013720
10-06-2020,FII,72461,56682,1070297,440346,228213,233876,157339,180112,20036,20684,24810,23771,1645567,883060
10-06-2020,Client,120270,137391,436926,233928,701354,874968,684999,891971,274173,195413,218690,158642,2603104,2325621
10-06-2020,Pro,23441,35541,124899,107497,226134,212018,317947,319737,108116,85482,156298,119166,780090,1056186
10-06-2020,DII,30916,17474,57198,907549,4584,70958,0,0,25,0,2552,0,163681,927575
10-06-2020,TOTAL,247088,247088,1689320,1689320,1160285,1391820,1160285,1391820,402350,301579,402350,301579,5192442,5192442
11-06-2020,TOTAL,248609,248609,1677955,1677955,766289,957970,766289,957970,439223,304183,439223,304183,4394229,4394229
11-06-2020,FII,63993,62078,1063117,448685,192431,227880,139561,145319,21840,24217,27071,25969,1593478,848683
11-06-2020,DII,32223,18104,56430,899903,4584,71099,0,0,76,65,2860,0,164477,920867
11-06-2020,Pro,24558,34447,126454,94919,146454,145591,181895,182917,103040,97029,175128,115888,643126,785194
11-06-2020,Client,127835,133980,431954,234448,422820,513400,444833,629734,314267,182872,234164,162326,1993148,1839485
12-06-2020,TOTAL,259546,259546,1707234,1707234,911013,1198548,911013,1198548,451401,308538,451401,308538,4836280,4836280
12-06-2020,Pro,25152,30033,133818,92047,179853,196493,216927,261388,102717,99196,179933,115054,737229,895382
12-06-2020,FII,63778,66137,1063764,466318,209646,237425,153736,170857,22605,24706,26422,27281,1621924,910751
12-06-2020,DII,31274,18481,56370,913869,4584,70845,0,0,117,65,2931,0,163255,935281
12-06-2020,Client,139342,144895,453282,235000,516930,693785,540350,766303,325962,184571,242115,166203,2313872,2094866
15-06-2020,DII,32221,19900,56978,907251,4584,69399,0,0,123,0,2931,0,163305,930082
15-06-2020,Pro,24688,34153,143147,87096,189525,202451,268937,282890,101897,107263,197596,113022,768971,983694
15-06-2020,Client,136022,131104,461668,223048,682801,758441,657360,824857,365981,181630,261599,174311,2586543,2272279
15-06-2020,TOTAL,250834,250834,1709673,1709673,1088308,1285084,1088308,1285084,491381,314867,491381,314867,5140147,5140147
15-06-2020,FII,57903,65677,1047880,492278,211398,254793,162011,177337,23380,25974,29255,27534,1621328,954092
16-06-2020,DII,28157,20371,57615,911182,4584,70199,0,0,163,4,4138,0,160722,935691
16-06-2020,Pro,23189,34140,142065,90474,204726,210760,282400,286729,102341,106761,195190,116548,789842,1005481
16-06-2020,FII,59176,64643,1054230,495149,219609,257625,170476,180889,23599,25505,29314,28133,1639744,968604
16-06-2020,Client,127857,119225,458672,215777,704466,755062,680509,826028,366547,186232,264008,173821,2598836,2279368
16-06-2020,TOTAL,238379,238379,1712582,1712582,1133385,1293646,1133385,1293646,492650,318502,492650,318502,5189144,5189144
17-06-2020,DII,26861,20698,56706,911512,4584,70121,0,0,163,199,4646,0,158634,936856
17-06-2020,FII,59533,60043,1067357,502209,214559,259255,179153,190471,24596,25052,29282,27945,1650352,989103
17-06-2020,Pro,25862,42070,150069,100277,224634,220668,348238,324318,104797,105517,199117,120763,831547,1134783
17-06-2020,TOTAL,247536,247536,1740601,1740601,1252030,1419978,1252030,1419978,505416,328046,505416,328046,5493607,5493607
17-06-2020,Client,135280,124725,466469,226603,808253,869934,724639,905189,375860,197278,272371,179338,2853074,2432865
18-06-2020,Client,144090,142596,472111,240347,402542,618911,422680,681630,354197,213435,265957,179110,2205286,1932320
18-06-2020,Pro,27981,37011,157016,115888,141700,143316,173241,213654,111676,102119,191954,132934,683808,864682
18-06-2020,FII,60064,55955,1072277,491198,194189,229784,147094,173514,24773,24737,27802,28446,1605824,924009
18-06-2020,TOTAL,255996,255996,1761508,1761508,743015,1068798,743015,1068798,490809,340490,490809,340490,4660616,4660616
18-06-2020,DII,23861,20434,60104,914075,4584,76787,0,0,163,199,5096,0,165698,939605
19-06-2020,Pro,26689,33837,160005,135290,184710,182256,217890,264316,118209,100968,182349,145658,772837,979340
19-06-2020,FII,70540,55465,1081723,490772,218373,244948,169127,185418,24327,25967,27605,28509,1665878,956896
19-06-2020,TOTAL,253217,253217,1773932,1773932,900012,1273150,900012,1273150,467194,352984,467194,352984,5020489,5020489
19-06-2020,Client,132132,143892,470365,233161,492345,766293,512995,823416,324541,225905,252273,178817,2411581,2144554
19-06-2020,DII,23856,20023,61839,914709,4584,79653,0,0,117,144,4967,0,170193,939699
22-06-2020,FII,74527,56892,1061774,491247,225966,254358,179934,195258,22112,24709,25603,24545,1663446,973479
22-06-2020,Client,124620,132103,461434,217661,578726,867277,567071,898336,323123,224056,246749,180866,2579236,2242786
22-06-2020,DII,21158,20495,61366,893601,4584,79339,0,0,132,130,5182,0,166709,919278
22-06-2020,TOTAL,250150,250150,1751444,1751444,993968,1407137,993968,1407137,463674,349932,463674,349932,5216305,5216305
22-06-2020,Pro,29845,40660,166870,148935,184692,206163,246963,313543,118307,101037,186140,144521,806914,1080762
23-06-2020,Client,134064,134888,457242,222885,556370,966771,562295,950546,306992,220499,237116,179263,2641938,2286993
23-06-2020,Pro,26940,39846,161093,152817,201679,204182,254175,346361,124620,102675,186785,145739,821189,1125723
23-06-2020,TOTAL,257113,257113,1702418,1702418,991658,1505603,991658,1505603,452181,345689,452181,345689,5254662,5254662
23-06-2020,FII,76547,62026,1020756,451792,229025,255311,175188,208696,20546,22515,23329,20687,1624700,941718
23-06-2020,DII,19562,20353,63327,874924,4584,79339,0,0,23,0,4951,0,166835,900228
24-06-2020,TOTAL,254115,254115,1597230,1597230,1332307,1397145,1332307,1397145,403507,310734,403507,310734,5295038,5295038
24-06-2020,Client,134030,126704,430234,214463,870116,835227,739456,882851,271397,180248,207163,163210,2721252,2333847
24-06-2020,DII,16611,22558,54634,849589,4584,82339,0,0,81,0,4951,0,158249,877098
24-06-2020,Pro,35894,35906,139830,122213,229399,205208,404441,297817,117343,111987,174995,131744,839661,1167116
24-06-2020,FII,67580,68947,972532,410965,228208,274371,188410,216477,14686,18499,16398,15780,1575876,916977
25-06-2020,Pro,16308,25316,95619,60457,103805,113358,111365,139698,41045,51678,67631,32462,421813,436929
25-06-2020,FII,39022,52938,895514,370837,104061,148003,86824,85224,2298,3464,7467,5671,1192362,608961
25-06-2020,Client,133440,107803,404595,199043,325964,384561,335908,454670,121977,51171,90066,68180,1421708,1255670
25-06-2020,TOTAL,204450,204450,1419778,1419778,534097,679592,534097,679592,165320,106313,165320,106313,3109550,3109550
25-06-2020,DII,15680,18393,24050,789441,267,33670,0,0,0,0,156,0,73667,807990
26-06-2020,Client,137705,104549,415714,223584,490533,535592,505945,581572,170128,69879,121697,90236,1819551,1627583
26-06-2020,FII,45645,63370,903006,373252,140020,173400,108290,110168,8039,10869,17488,12702,1280979,685270
26-06-2020,DII,16005,19445,29367,793787,267,33670,0,0,0,0,1656,0,79309,814888
26-06-2020,Pro,16470,28461,107658,65122,162622,156890,179207,207812,54944,67018,92270,44828,565602,617700
26-06-2020,TOTAL,215825,215825,1455745,1455745,793442,899552,793442,899552,233111,147766,233111,147766,3745441,3745441
29-06-2020,TOTAL,212978,212978,1480643,1480643,950347,1055849,950347,1055849,275853,168732,275853,168732,4144402,4144402
29-06-2020,Client,140975,100307,432127,222274,616146,625119,587376,675864,206114,78384,140871,103703,2098865,1830395
29-06-2020,Pro,24599,25848,117267,61584,180424,205232,228845,259939,58493,77153,110140,49746,663168,736102
29-06-2020,DII,15830,19345,31350,808484,267,33670,0,0,0,0,2942,0,81117,830771
29-06-2020,FII,31574,67478,899899,388301,153510,191828,134126,120046,11246,13195,21900,15283,1301252,747134
30-06-2020,Pro,23164,31651,122337,58210,208419,204752,276560,259561,60714,80756,117749,53355,700142,797086
30-06-2020,DII,19680,16002,33008,824232,267,37011,0,0,0,0,2942,0,89966,843176
30-06-2020,FII,34855,65206,914987,397297,163173,211135,140150,126098,12396,14221,24528,15346,1350767,768625
30-06-2020,Client,141661,106501,435258,225851,701021,638008,656170,705247,225449,84631,153340,110907,2226028,1958016
30-06-2020,TOTAL,219360,219360,1505590,1505590,1072880,1090906,1072880,1090906,298559,179608,298559,179608,4366903,4366903
01-07-2020,Client,137543,115057,438783,223445,679747,899488,651521,862899,236479,96509,166012,117759,2488549,2136693
01-07-2020,TOTAL,214429,214429,1510750,1510750,1073978,1390438,1073978,1390438,321386,194372,321386,194372,4705353,4705353
01-07-2020,Pro,17942,29448,122064,64958,235688,238350,277430,388170,67846,82638,124333,60144,764528,944483
01-07-2020,FII,39264,53672,915405,392855,158276,213247,145027,139369,17061,15225,27292,16469,1358478,774684
01-07-2020,DII,19680,16252,34498,829492,267,39353,0,0,0,0,3749,0,93798,849493
02-07-2020,TOTAL,215426,215426,1513099,1513099,670082,910966,670082,910966,336293,209168,336293,209168,3855034,3855034
02-07-2020,FII,45179,48255,925976,396534,142498,182469,113297,119920,19305,16829,27802,17218,1332256,723026
02-07-2020,Client,131430,121716,429468,222634,371747,526375,395172,579809,238811,109640,175388,123523,1807471,1618242
02-07-2020,DII,19577,16412,35859,822107,287,39353,0,0,0,0,4190,0,95076,842709
02-07-2020,Pro,19240,29043,121796,71824,155550,162769,161613,211237,78177,82699,128913,68427,620231,671057
03-07-2020,FII,50589,46889,925699,399500,153304,195218,119381,130171,20041,17565,29108,18082,1362416,743131
03-07-2020,DII,19577,20524,35984,812738,287,41463,0,0,0,0,5288,0,97311,838550
03-07-2020,TOTAL,219921,219921,1508136,1508136,913768,1126215,913768,1126215,356887,224107,356887,224107,4349034,4349034
03-07-2020,Client,129469,123380,423813,223298,543542,672609,557377,727668,252984,121122,185861,131944,2143539,1949528
03-07-2020,Pro,20286,29128,122640,72600,216635,216925,237010,268376,83862,85420,136630,74081,745768,817825
06-07-2020,FII,56993,45142,934776,399710,186013,214488,136307,155738,21154,18423,30261,18902,1431847,786060
06-07-2020,Pro,21208,27703,122067,82357,247285,235702,274123,327938,92857,85922,139936,85642,805041,937699
06-07-2020,DII,19674,24524,36826,812592,287,43532,0,0,0,0,5288,0,100319,842404
06-07-2020,TOTAL,222054,222054,1516879,1516879,1006540,1317050,1006540,1317050,372037,244271,372037,244271,4678831,4678831
06-07-2020,Client,124179,124685,423210,222220,572955,823328,596110,833374,258026,139926,196552,139727,2341624,2112668
07-07-2020,FII,52178,45138,932829,407388,192213,227342,139620,168648,22263,19573,31559,19615,1446398,811968
07-07-2020,DII,19674,26456,37122,803380,287,41972,0,0,0,0,5470,0,99055,835306
07-07-2020,Pro,22819,36022,129112,85855,228380,256613,272146,388671,96991,92619,154795,91912,826534,1029401
07-07-2020,Client,140401,127456,440454,242894,602171,941067,611285,909675,276139,147230,203569,147895,2547462,2242774
07-07-2020,TOTAL,235072,235072,1539517,1539517,1023051,1466994,1023051,1466994,395393,259422,395393,259422,4919449,4919449
08-07-2020,Pro,20048,34297,130937,87785,235975,242180,344782,361764,97654,99629,166987,92723,826423,1088338
08-07-2020,TOTAL,232896,232896,1536611,1536611,1184009,1440768,1184009,1440768,421224,268146,421224,268146,5083654,5083654
08-07-2020,FII,63696,42331,929382,417804,196710,249298,136590,182888,24422,20893,34582,20303,1484401,834498
08-07-2020,Client,132377,131203,437911,226929,751057,907318,702637,896116,299148,147624,212391,155120,2675435,2324396
08-07-2020,DII,16775,25065,38381,804093,267,41972,0,0,0,0,7264,0,97395,836422
09-07-2020,Pro,21227,37494,132039,92975,166969,168100,174109,234158,104574,102470,176801,104311,695379,819848
09-07-2020,FII,78735,41242,918215,420945,157718,207011,104228,147852,25828,21842,35923,21187,1409349,771377
09-07-2020,TOTAL,243087,243087,1539041,1539041,690373,1012603,690373,1012603,448798,289742,448798,289742,4223644,4223644
09-07-2020,Client,126279,138938,451125,222266,365419,595520,412036,630593,318396,165430,228444,164244,2022169,1796521
09-07-2020,DII,16846,25413,37662,802855,267,41972,0,0,0,0,7630,0,96747,835898
10-07-2020,DII,16084,25738,32930,798237,267,41997,0,0,0,0,7930,0,91278,831905
10-07-2020,Client,141745,136660,470477,234247,610389,678815,601688,754907,357229,161728,242771,172120,2420383,2142393
10-07-2020,TOTAL,249824,249824,1553749,1553749,983006,1198863,983006,1198863,485364,296779,485364,296779,4767585,4767585
10-07-2020,Pro,27166,38909,140114,88462,205047,225521,256694,280059,101249,111870,196836,102873,810967,963833
10-07-2020,FII,64829,48517,910228,432803,167303,252530,124624,163897,26886,23181,37827,21786,1444957,829454
13-07-2020,DII,16084,26046,30835,794528,267,42743,0,0,0,0,8230,0,89929,828804
13-07-2020,Client,142950,139448,479666,234787,797945,759331,721240,851026,374613,165793,251860,177458,2720298,2375819
13-07-2020,FII,56938,48188,898090,432292,183696,259762,146389,164970,26757,22993,39123,21790,1448236,852752
13-07-2020,TOTAL,251567,251567,1550211,1550211,1214485,1322363,1214485,1322363,505201,304176,505201,304176,5148003,5148003
13-07-2020,Pro,35595,37885,141620,88604,232577,260527,346856,306367,103831,115390,205988,104928,889540,1090628
14-07-2020,Pro,31884,27936,145922,84206,249122,239760,442213,293387,100620,128664,228769,99946,895972,1176457
14-07-2020,DII,16086,20110,26481,795116,267,45377,0,0,36,0,8530,0,88247,823756
14-07-2020,FII,55711,68274,878702,434125,196539,268156,167946,166032,28326,23295,43044,21333,1450729,900754
14-07-2020,TOTAL,239421,239421,1538075,1538075,1426901,1264298,1426901,1264298,545303,305108,545303,305108,5319106,5319106
14-07-2020,Client,135740,123101,486970,224628,980973,711005,816742,804879,416321,153149,264960,183829,2884158,2418139
15-07-2020,Client,120264,117587,477516,214055,980358,760429,820428,822244,427723,167836,273924,191452,2934126,2439690
15-07-2020,TOTAL,220133,220133,1526747,1526747,1434937,1310298,1434937,1310298,559486,321164,559486,321164,5372765,5372765
15-07-2020,FII,59955,52687,880064,432927,211058,271079,176208,179243,29199,23934,44779,22266,1475289,908110
15-07-2020,Pro,23846,25674,142280,88806,243254,232420,438301,308811,102430,129394,232253,107446,873624,1201291
15-07-2020,DII,16068,24185,26887,790959,267,46370,0,0,134,0,8530,0,89726,823674
16-07-2020,DII,16068,22546,25611,792188,267,46370,0,0,56,0,8530,0,88372,823264
16-07-2020,Pro,24127,27667,144369,89628,152799,171929,180538,226693,103407,129014,236748,113256,725645,874530
16-07-2020,FII,56262,58292,879236,421523,160373,226881,108519,141626,26276,23797,43147,22115,1372825,795222
16-07-2020,TOTAL,229953,229953,1535306,1535306,739368,1008371,739368,1008371,567048,331303,567048,331303,4411349,4411349
16-07-2020,Client,133496,121448,486090,231967,425929,563191,450311,640052,437309,178492,278623,195932,2224507,1918333
17-07-2020,DII,16068,24265,27007,796029,267,46370,0,0,98,0,8530,0,89810,828824
17-07-2020,TOTAL,232394,232394,1543261,1543261,901408,1319963,901408,1319963,568026,340370,568026,340370,4905422,4905422
17-07-2020,Client,134581,122615,487858,230106,496286,790964,550347,827155,431861,193470,282274,200239,2535020,2212736
17-07-2020,Pro,21360,32267,147590,95309,216726,231769,223611,324122,111002,122801,234140,118215,851248,1027664
17-07-2020,FII,60385,53247,880806,421817,188129,250860,127450,168686,25065,24099,43082,21916,1429344,836198
20-07-2020,FII,61749,56220,881158,427575,205511,255723,148924,172150,25046,23449,43271,21679,1452636,869819
20-07-2020,TOTAL,240077,240077,1561948,1561948,1030450,1481486,1030450,1481486,579749,350302,579749,350302,5244012,5244012
20-07-2020,DII,15997,26434,31068,792152,267,46903,0,0,98,0,8680,0,94333,827266
20-07-2020,Pro,26786,32551,151398,100992,231548,258129,273533,379863,115248,122362,237453,123425,905471,1147817
20-07-2020,Client,135545,124872,498324,241229,593124,920731,607993,929473,439357,204491,290345,205198,2791572,2399110
21-07-2020,DII,16089,29776,32349,793121,267,46503,0,0,49,0,8680,0,95257,831577
21-07-2020,Client,131715,127634,499386,231340,611576,1081188,637573,1038913,435365,215963,295436,208116,2975193,2539012
21-07-2020,Pro,26550,32451,152864,108441,247332,277325,295037,442825,121137,117825,235086,126906,943033,1240746
21-07-2020,TOTAL,246806,246806,1567102,1567102,1076035,1676328,1076035,1676328,581873,356895,581873,356895,5505039,5505039
21-07-2020,FII,72452,56945,882503,434200,216860,271312,143425,194590,25322,23107,42671,21873,1491556,893704
22-07-2020,Client,140065,130833,498292,242924,697978,1130453,692768,1096413,453680,215180,303024,210456,3135648,2676418
22-07-2020,Pro,23726,32845,157624,104689,248807,272476,325623,439845,119889,120726,245766,127345,943248,1276113
22-07-2020,TOTAL,250512,250512,1568806,1568806,1170052,1739203,1170052,1739203,596149,358039,596149,358039,5682761,5682761
22-07-2020,DII,10618,29897,31489,784281,267,47051,0,0,49,0,8680,0,89474,822858
22-07-2020,FII,76103,56937,881401,436912,223000,289223,151661,202945,22531,22133,38679,20238,1514391,907372
23-07-2020,DII,10572,32386,33911,784954,267,47503,0,0,0,0,8680,0,92253,826020
23-07-2020,Pro,25379,32193,161101,108122,143377,178122,164118,264612,126480,120913,248880,130941,755372,948866
23-07-2020,TOTAL,255569,255569,1570967,1570967,690543,1171304,690543,1171304,598088,363426,598088,363426,4649897,4649897
23-07-2020,FII,82570,61138,869316,442121,177237,248387,115450,163876,20610,20090,35204,17417,1418210,835206
23-07-2020,Client,137048,129852,506639,235770,369662,697292,410975,742816,450998,222423,305324,215068,2384062,2039805
24-07-2020,DII,10508,32386,35572,781027,267,52682,0,0,0,0,8680,0,99029,822093
24-07-2020,TOTAL,251156,251156,1593052,1593052,889064,1309887,889064,1309887,629345,365819,629345,365819,5038323,5038323
24-07-2020,Client,142682,122184,512891,240179,532712,775904,545422,850997,481328,211656,317365,219158,2657173,2295305
24-07-2020,FII,69728,67079,862193,457236,184634,264006,132912,179809,19644,20096,33648,16455,1420301,887139
24-07-2020,Pro,28238,29507,182396,114610,171451,217295,210730,279081,128373,134067,269652,130206,861820,1033786
27-07-2020,TOTAL,247385,247385,1594332,1594332,1157422,1339002,1157422,1339002,624082,358425,624082,358425,5320648,5320648
27-07-2020,DII,10508,35386,32719,785414,267,52682,0,0,0,0,7630,0,96176,828430
27-07-2020,FII,68761,59010,875562,473894,187718,270020,136215,182903,17963,18940,31004,14992,1438964,898018
27-07-2020,Pro,37602,28296,179902,116564,198887,251487,328618,284877,125919,131487,269221,129212,925284,1156788
27-07-2020,Client,130514,124693,506149,218460,770550,764813,692589,871222,480200,207998,316227,214221,2860224,2437412
28-07-2020,TOTAL,245386,245386,1561929,1561929,1078527,1481592,1078527,1481592,570127,345996,570127,345996,5283557,5283557
28-07-2020,FII,83085,61713,858353,449750,203001,274159,147497,199262,15726,17154,29020,13624,1451478,900866
28-07-2020,DII,10480,36394,33122,794036,267,53682,0,0,30,0,7630,0,97581,838060
28-07-2020,Client,110211,122568,498531,188569,686029,891837,644481,957322,424744,203002,290091,201885,2814354,2404916
28-07-2020,Pro,41610,24711,171923,129574,189230,261914,286549,325008,129627,125840,243386,130487,920144,1139715
29-07-2020,FII,95107,83542,846107,441228,209683,283050,165962,187746,12885,15573,25894,12849,1462405,917221
29-07-2020,TOTAL,261398,261398,1509823,1509823,1327459,1481631,1327459,1481631,502604,320263,502604,320263,5403178,5403178
29-07-2020,Client,97607,119495,478952,156399,899920,857574,770312,976818,361596,175473,249936,185148,2871122,2458108
29-07-2020,Pro,58204,21743,151629,116122,217589,283815,391185,317067,128090,129217,219144,122266,968544,1187527
29-07-2020,DII,10480,36618,33135,796074,267,57192,0,0,33,0,7630,0,101107,840322
30-07-2020,DII,10683,34619,21765,763022,267,40770,0,0,0,0,38,0,73485,797679
30-07-2020,Client,94251,108883,462816,150996,419643,464137,414314,556815,177762,70257,116961,97216,1688866,1445185
30-07-2020,FII,76691,38966,793061,415942,122527,178470,80656,116355,3136,6034,7272,5670,1179919,664861
30-07-2020,TOTAL,203253,203253,1393543,1393543,669820,838256,669820,838256,224428,143005,224428,143005,3472305,3472305
30-07-2020,Pro,21628,20785,115901,63583,127383,154879,174850,165086,43530,66714,100157,40119,530035,564580
31-07-2020,TOTAL,203834,203834,1427389,1427389,934443,1043373,934443,1043373,294380,183046,294380,183046,4086465,4086465
31-07-2020,FII,78777,40058,798455,429309,148391,200439,108719,131276,9851,14139,13951,9644,1250052,732957
31-07-2020,Client,91959,107578,480276,150508,605494,606497,591813,699322,230288,89396,152605,120506,2103910,1822332
31-07-2020,DII,13183,32369,28424,777058,267,41516,0,0,0,0,1118,0,83390,810545
31-07-2020,Pro,19915,23829,120234,70514,180291,194921,233911,212775,54241,79511,126706,52896,649113,720631
03-08-2020,TOTAL,211024,211024,1453929,1453929,1202562,1126408,1202562,1126408,357967,209684,357967,209684,4561574,4561574
03-08-2020,FII,60556,57186,795915,452546,146315,222830,122596,131667,12417,15710,16254,10481,1253743,790730
03-08-2020,DII,13164,30159,23172,776805,267,38539,0,0,0,0,2264,0,75142,809228
03-08-2020,Client,105523,102121,505128,152888,850412,634901,739899,763045,287414,98871,180620,140867,2482249,2079440
03-08-2020,Pro,31781,21558,129714,71690,205568,230138,340067,231696,58136,95103,158829,58336,750440,882176
04-08-2020,DII,12755,36293,21424,773184,267,40539,0,0,0,0,3191,0,74985,812668
04-08-2020,TOTAL,211761,211761,1473913,1473913,1106850,1317116,1106850,1317116,380228,225993,380228,225993,4715861,4715861
04-08-2020,Pro,22662,30934,133657,76331,224159,235491,296172,303795,63962,97093,164139,65653,777024,937024
04-08-2020,FII,63283,40723,801253,455328,163787,213864,115777,137347,13630,16109,17585,10670,1271926,777430
04-08-2020,Client,113061,103811,517579,169070,718637,827222,694901,875974,302636,112791,195313,149670,2591926,2188739
05-08-2020,Client,104118,101497,526186,170858,863793,854559,766809,900245,322465,120801,206320,157452,2791922,2303181
05-08-2020,FII,55327,39605,807042,464599,171864,225057,130765,150074,15066,17404,18885,11531,1291760,815459
05-08-2020,Pro,27670,21555,138036,81411,234755,241985,373105,311821,70104,103589,178465,72811,816139,1039168
05-08-2020,DII,11635,36093,20226,774622,267,40539,0,0,0,0,3965,0,72667,814680
05-08-2020,TOTAL,198750,198750,1491490,1491490,1270679,1362140,1270679,1362140,407635,241794,407635,241794,4972488,4972488
06-08-2020,Client,106907,105788,528554,172674,409763,576267,429132,659506,340666,133677,219451,165901,2095834,1752452
06-08-2020,TOTAL,203070,203070,1496430,1496430,688676,974630,688676,974630,431108,257567,431108,257567,4051481,4051481
06-08-2020,Pro,23529,19168,141777,82349,139521,174753,178271,199616,74379,105688,186615,79454,659647,745473
06-08-2020,DII,11635,36366,20298,769671,267,40539,0,0,0,0,4719,0,72739,810756
06-08-2020,FII,60999,41748,805801,471736,139125,183071,81273,115508,16063,18202,20323,12212,1223261,742800
07-08-2020,DII,11635,37920,20399,769032,267,39104,0,0,0,0,4783,0,71405,811735
07-08-2020,FII,64541,45978,797735,479146,148586,209418,97213,142121,16453,19176,21035,13019,1255909,798512
07-08-2020,Client,108910,102021,543050,175613,535142,739889,548036,808755,368894,149440,236530,179404,2445325,2050359
07-08-2020,Pro,22905,22072,149724,87117,189007,234719,227753,272254,80805,112058,203804,88251,789218,901251
07-08-2020,TOTAL,207991,207991,1510908,1510908,873002,1223130,873002,1223130,466152,280674,466152,280674,4561857,4561857
10-08-2020,Pro,30231,19952,154091,91533,182292,239879,254213,283164,87189,114721,209558,95289,808403,953709
10-08-2020,FII,64189,45071,802478,494197,148379,215135,99422,140376,17435,20174,22746,14139,1267790,815951
10-08-2020,TOTAL,207164,207164,1520524,1520524,932490,1279794,932490,1279794,485926,297033,485926,297033,4722931,4722931
10-08-2020,Client,101109,104152,543703,171212,601552,789059,578855,856254,381302,162138,247929,187605,2578863,2146007
10-08-2020,DII,11635,37989,20252,763582,267,35721,0,0,0,0,5693,0,67875,807264
11-08-2020,FII,65030,44374,785257,503268,162826,222111,115095,144941,18624,21402,24816,14878,1275250,847372
11-08-2020,Pro,36028,22942,156342,90937,218479,239103,300340,297498,89994,120945,222160,99645,860891,1033522
11-08-2020,DII,10512,38379,20188,758083,922,36721,0,0,0,0,5861,0,68343,802323
11-08-2020,Client,103229,109104,557572,167071,682618,857114,649410,912610,405348,168252,261129,196076,2774133,2295400
11-08-2020,TOTAL,214799,214799,1519359,1519359,1064845,1355049,1064845,1355049,513966,310599,513966,310599,4978617,4978617
12-08-2020,Client,112755,106444,569786,176655,777153,953962,717708,998348,430810,175358,273103,204131,3019824,2476389
12-08-2020,DII,10673,39879,20303,755936,1577,36721,0,0,0,0,6111,0,69274,801926
12-08-2020,FII,59996,55279,782295,509818,169356,231698,118709,147193,19173,22246,28490,15099,1284764,874588
12-08-2020,Pro,38907,20729,160672,90647,229959,273495,341628,350335,93205,124764,235484,103138,921002,1141961
12-08-2020,TOTAL,222331,222331,1533056,1533056,1178045,1495876,1178045,1495876,543188,322368,543188,322368,5294864,5294864
13-08-2020,Pro,30374,18378,164440,91799,154549,188895,202973,202507,97692,127546,244276,109154,763496,869087
13-08-2020,FII,64872,52249,780807,511622,134299,199907,78597,120975,19734,23482,30540,15840,1223101,809823
13-08-2020,TOTAL,213965,213965,1532525,1532525,761313,1008705,761313,1008705,566913,337317,566913,337317,4420738,4420738
13-08-2020,DII,10673,39879,20587,751497,1577,36721,0,0,0,0,7125,0,69558,798501
13-08-2020,Client,108046,103459,566691,177607,470888,583182,479743,685223,449487,186289,284972,212323,2364583,1943327
14-08-2020,Pro,27721,22349,165920,84567,200339,220139,293298,233574,94489,135263,259638,106831,843871,1000257
14-08-2020,FII,66887,47624,777992,515185,150098,222812,95150,139734,20565,23989,32170,15659,1262343,845522
14-08-2020,TOTAL,215594,215594,1524259,1524259,1031841,1158091,1031841,1158091,597784,338429,597784,338429,4865998,4865998
14-08-2020,DII,10533,38079,21493,746614,1577,36732,0,0,0,0,7425,0,70335,792118
14-08-2020,Client,110453,107542,558854,177893,679827,678408,643393,784783,482730,179177,298551,215939,2689449,2228101
17-08-2020,DII,10348,37824,22697,752379,1577,36264,0,0,0,0,7425,0,70886,797628
17-08-2020,FII,80409,41954,774080,512332,166381,239218,102520,159615,21250,25954,31289,18097,1307292,865807
17-08-2020,Client,95013,105458,557523,163103,676440,801756,662609,871825,489657,196725,312565,221024,2817114,2336584
17-08-2020,Pro,25853,26387,162255,88741,207453,257412,286722,303210,98956,130417,258584,113975,882346,1077619
17-08-2020,TOTAL,211623,211623,1516555,1516555,1051851,1334650,1051851,1334650,609863,353096,609863,353096,5077638,5077638
18-08-2020,FII,80010,43493,772300,511700,166863,243891,95647,157146,22364,25680,31637,18189,1311108,857812
18-08-2020,TOTAL,216570,216570,1520529,1520529,1035960,1503226,1035960,1503226,607842,359805,607842,359805,5243932,5243932
18-08-2020,Pro,24793,27411,166173,95093,239606,264763,291183,360838,102724,128072,254525,119254,926131,1148304
18-08-2020,Client,101285,107842,558874,163069,627914,958308,649130,985242,482754,206053,314255,222362,2935188,2441900
18-08-2020,DII,10482,37824,23182,750667,1577,36264,0,0,0,0,7425,0,71505,795916
19-08-2020,FII,77795,43272,771168,515164,168085,247855,102202,158765,22839,25228,32893,18089,1312970,870385
19-08-2020,TOTAL,209703,209703,1521837,1521837,1125426,1579451,1125426,1579451,617582,361124,617582,361124,5415123,5415123
19-08-2020,Pro,26102,20510,167742,98831,222548,276017,314235,366352,105327,127087,255468,121157,924823,1176553
19-08-2020,Client,94817,108404,558798,161255,733216,1015556,708989,1054334,489416,208809,321796,221878,3100612,2576656
19-08-2020,DII,10989,37517,24129,746587,1577,40023,0,0,0,0,7425,0,76718,791529
20-08-2020,TOTAL,217567,217567,1543748,1543748,754617,1020061,754617,1020061,645299,367206,645299,367206,4548498,4548498
20-08-2020,Client,106478,102163,572245,174819,469022,581686,479186,699240,517666,203453,331532,229678,2450550,2016618
20-08-2020,DII,10399,37517,22992,743907,1577,40023,0,0,0,0,7425,0,74991,788849
20-08-2020,Pro,32176,20030,182120,101820,143659,170437,197296,195452,104876,138081,272611,119819,771349,907028
20-08-2020,FII,68514,57857,766391,523202,140359,227915,78135,125369,22757,25672,33731,17709,1251608,836003
21-08-2020,Client,97747,106896,568193,172366,550442,721804,577087,824047,488150,206439,317669,225292,2632775,2223357
21-08-2020,TOTAL,218818,218818,1542798,1542798,894641,1213964,894641,1213964,618219,364362,618219,364362,4852802,4852802
21-08-2020,FII,78123,51586,768592,519174,172261,246615,95250,149027,21513,24921,32452,17433,1312025,864922
21-08-2020,Pro,33166,22819,180907,108577,170361,199789,222304,240890,108556,133002,260673,121637,825781,976900
21-08-2020,DII,9782,37517,25106,742681,1577,45756,0,0,0,0,7425,0,82221,787623
24-08-2020,TOTAL,219131,219131,1558279,1558279,968259,1455124,968259,1455124,578598,362154,578598,362154,5141545,5141545
24-08-2020,Client,96093,112921,576614,171408,579728,902646,608300,966049,442252,208927,299276,216641,2806260,2374595
24-08-2020,FII,83273,46414,775653,519778,185815,259281,99593,165133,19814,22669,28116,16062,1346505,875096
24-08-2020,Pro,29983,22995,179682,121915,201139,246706,260366,323942,116532,130558,243781,129451,904600,1102450
24-08-2020,DII,9782,36801,26330,745178,1577,46491,0,0,0,0,7425,0,84180,789404
25-08-2020,DII,9161,37091,27035,746089,922,50091,0,0,94,0,7425,0,87303,790605
25-08-2020,TOTAL,227682,227682,1548054,1548054,1063817,1552665,1063817,1552665,547621,353359,547621,353359,5293198,5293198
25-08-2020,FII,89802,52917,767221,511791,199159,270766,107806,173296,17541,21252,24120,14784,1365741,884714
25-08-2020,Client,99867,115668,580098,178553,659610,969656,669487,1029012,414503,200789,279836,211924,2924523,2484480
25-08-2020,Pro,28852,22006,173700,111621,204126,262152,286524,350357,115483,131318,236240,126651,915631,1133399
26-08-2020,DII,9161,36560,27002,744145,267,52966,0,0,94,0,7556,0,89490,788261
26-08-2020,TOTAL,254319,254319,1534833,1534833,1112429,1746932,1112429,1746932,487622,334423,487622,334423,5470558,5470558
26-08-2020,FII,112634,72193,763582,515689,218816,286089,120922,196233,14860,18325,19346,13143,1414306,937526
26-08-2020,Pro,26365,25380,166447,101516,244302,271982,309101,414816,117820,131582,212408,121348,958498,1184569
26-08-2020,Client,106159,120186,577802,173483,649044,1135895,682406,1135883,354848,184516,248312,199932,3008264,2560202
27-08-2020,Pro,12555,28634,130922,53183,133576,153836,160356,205632,46557,74619,110291,37200,552065,595296
27-08-2020,DII,8572,36660,24055,720228,267,41812,0,0,0,0,0,0,74706,756888
27-08-2020,Client,88373,114300,529655,146477,369186,552496,409509,629402,188240,65410,121966,104566,1793360,1526220
27-08-2020,TOTAL,215052,215052,1403291,1403291,635135,952696,635135,952696,240539,146767,240539,146767,3593480,3593480
27-08-2020,FII,105552,35458,718659,483403,132106,204552,65270,117662,5742,6738,8282,5001,1173349,715076
28-08-2020,Client,101091,130573,547799,161680,461500,787700,512567,838867,240376,88352,160205,131711,2226818,1935603
28-08-2020,FII,105425,31118,725142,497314,167307,250053,91704,152958,11201,13152,13665,7853,1272280,794612
28-08-2020,TOTAL,232259,232259,1439677,1439677,818762,1287974,818762,1287974,316131,190427,316131,190427,4285230,4285230
28-08-2020,Pro,16581,34947,138700,61098,189688,208409,214491,296149,64554,88923,141841,50863,706855,799389
28-08-2020,DII,9162,35621,28036,719585,267,41812,0,0,0,0,420,0,79277,755626
31-08-2020,TOTAL,218651,218651,1433181,1433181,1171102,1163121,1171102,1163121,389010,214136,389010,214136,4589201,4589201
31-08-2020,Pro,25687,21251,154278,60445,219541,218869,366813,236689,64157,114158,182372,52931,796690,920501
31-08-2020,Client,103015,103179,542679,140878,778461,625394,675583,770710,309821,82841,185591,151713,2442211,2027654
31-08-2020,FII,80807,58440,707500,503058,172833,277257,128706,155722,15032,17137,19372,9492,1270566,874790
31-08-2020,DII,9142,35781,28724,728800,267,41601,0,0,0,0,1675,0,79734,766256
01-09-2020,Pro,21831,22542,153995,60271,232356,232684,388491,273118,66145,115892,187760,60821,822903,993003
01-09-2020,Client,90035,103867,545206,131636,790506,734448,693845,847356,334836,96899,205178,158620,2591930,2140502
01-09-2020,FII,85751,48809,699474,508042,180491,281166,121284,168388,16903,17283,22718,10633,1281068,879874
01-09-2020,TOTAL,205776,205776,1428143,1428143,1203620,1288862,1203620,1288862,417884,230074,417884,230074,4774359,4774359
01-09-2020,DII,8159,30558,29468,728194,267,40564,0,0,0,0,2228,0,78458,760980
02-09-2020,DII,7943,32558,29767,729251,267,40564,0,0,0,0,2228,0,78541,764037
02-09-2020,TOTAL,209540,209540,1453800,1453800,1271627,1415556,1271627,1415556,450576,247178,450576,247178,5048277,5048277
02-09-2020,Client,102848,100811,565080,144492,864188,846079,747859,931914,360327,109235,223061,167159,2847757,2315296
02-09-2020,FII,79213,51982,697581,516718,179004,283530,135105,171885,18979,18977,24727,12001,1277284,912418
02-09-2020,Pro,19536,24189,161372,63339,228168,245383,388663,311757,71270,118966,200560,68018,844695,1056526
03-09-2020,Pro,19227,20467,172651,66031,142234,145872,204417,165302,74589,127667,221131,73444,682240,750792
03-09-2020,Client,117047,109844,581449,159686,485098,509674,473722,645010,395459,118441,239711,179941,2207168,1807914
03-09-2020,FII,71934,54127,692695,526719,144383,251678,93843,137176,19922,19931,26621,12654,1200543,851140
03-09-2020,TOTAL,216157,216157,1478100,1478100,771982,947488,771982,947488,489970,266039,489970,266039,4169736,4169736
03-09-2020,DII,7949,31719,31305,725664,267,40264,0,0,0,0,2507,0,79785,759890
04-09-2020,Client,113275,110018,578838,160040,735596,613554,676233,771085,447318,119972,260635,192388,2608553,2170399
04-09-2020,FII,67495,58390,678474,515846,155421,273406,105488,157728,21241,20567,28549,13165,1216604,879166
04-09-2020,Pro,24855,18103,179513,66392,178896,211576,288459,204889,73722,141530,250590,76516,810092,904949
04-09-2020,DII,9110,28224,31076,725623,267,35166,0,0,0,0,2507,0,75619,756354
04-09-2020,TOTAL,214735,214735,1467901,1467901,1070180,1133702,1070180,1133702,542281,282069,542281,282069,4710868,4710868
07-09-2020,DII,8724,27224,30942,727055,267,34438,0,0,0,0,2507,0,74371,756786
07-09-2020,TOTAL,211763,211763,1473213,1473213,1228611,1283721,1228611,1283721,573173,290231,573173,290231,5060712,5060712
07-09-2020,Client,110993,109887,579790,162581,841689,734113,760430,860411,474153,125446,276326,197517,2866184,2367152
07-09-2020,Pro,18608,20585,180138,64200,211788,225222,339743,245322,76510,143934,263919,79212,856200,1012981
07-09-2020,FII,73438,54067,682343,519377,174867,289948,128438,177988,22510,20851,30421,13502,1263957,923793
08-09-2020,TOTAL,214667,214667,1466872,1466872,1288906,1336294,1288906,1336294,593363,297369,593363,297369,5197471,5197471
08-09-2020,DII,8724,30465,31330,724107,267,34241,0,0,0,0,2937,0,74562,757509
08-09-2020,Client,112025,114394,572935,162209,906353,762708,800867,898048,490706,130608,286915,201241,2975335,2463674
08-09-2020,FII,72709,50729,682980,518492,172299,293897,125503,177055,23963,20542,32742,13769,1266390,918290
08-09-2020,Pro,21209,19079,179627,62064,209987,245448,362536,261191,78694,146219,270769,82359,881184,1057998
09-09-2020,DII,8342,23675,28019,736113,267,34241,0,0,0,0,2937,0,70869,762725
09-09-2020,Client,110768,106860,584549,153048,1060164,814831,885684,958585,510993,132063,298817,203868,3213368,2606862
09-09-2020,FII,67979,56123,687318,523907,192238,319880,151401,181176,24757,21688,34134,14352,1313860,961093
09-09-2020,TOTAL,209488,209488,1482557,1482557,1505503,1442559,1505503,1442559,612283,300610,612283,300610,5553000,5553000
09-09-2020,Pro,22399,22830,182671,69489,252834,273607,468418,302798,76533,146859,276395,82390,954903,1222320
10-09-2020,Pro,21190,22169,183908,70685,158179,197492,218950,215465,80833,146918,283740,90139,788520,901148
10-09-2020,Client,112132,107861,585050,162764,513181,574543,514880,722170,524316,147684,309569,212295,2456906,2029539
10-09-2020,FII,67371,48025,686681,520366,159720,286348,97517,155139,26292,22166,35262,14334,1248578,870643
10-09-2020,TOTAL,207627,207627,1482622,1482622,831347,1092774,831347,1092774,631539,316768,631539,316768,4562677,4562677
10-09-2020,DII,6934,29572,26983,728807,267,34391,0,0,98,0,2968,0,68673,761347
11-09-2020,Client,126518,108057,598064,175806,678005,710248,666935,867727,552564,156136,325095,219566,2821535,2363186
11-09-2020,Pro,21054,25620,189809,74552,189533,234589,258598,249387,83682,149090,298641,94274,867757,1001072
11-09-2020,TOTAL,221524,221524,1502175,1502175,1045216,1304027,1045216,1304027,663477,328739,663477,328739,5065158,5065158
11-09-2020,DII,6726,34757,26872,728988,267,34441,0,0,98,0,3168,0,68404,766913
11-09-2020,FII,67226,53090,687430,522829,177411,324749,119683,186913,27133,23513,36573,14899,1307462,933987
14-09-2020,Pro,30528,25230,193107,81403,251456,282589,403121,279788,89057,155690,309147,100245,1002427,1198934
14-09-2020,TOTAL,240970,240970,1520377,1520377,1346926,1400823,1346926,1400823,690523,341822,690523,341822,5541441,5541441
14-09-2020,FII,67149,63993,693271,524062,197012,346726,149223,192571,27767,24882,39587,15450,1356807,984886
14-09-2020,DII,5966,35953,29699,731172,267,34441,0,0,98,0,2818,0,70471,769943
14-09-2020,Client,137327,115794,604300,183740,898191,737067,794582,928464,573601,161250,338971,226127,3111736,2587678
15-09-2020,Client,139147,106676,609113,184781,862884,896272,812203,1027581,577801,166464,346738,231071,3251681,2709050
15-09-2020,FII,67863,63225,689474,522355,202871,336294,140601,190860,28784,25662,40828,15841,1350948,973710
15-09-2020,DII,5577,37796,32877,733530,267,34441,0,0,98,0,2518,0,73260,773844
15-09-2020,TOTAL,238830,238830,1523165,1523165,1291848,1535171,1291848,1535171,695009,346711,695009,346711,5630734,5630734
15-09-2020,Pro,26243,31133,191701,82499,225826,268164,339044,316730,88326,154585,304925,99799,954845,1174130
16-09-2020,FII,68916,70225,682801,528825,209090,342291,143975,192398,29240,26610,42070,16419,1358948,993912
16-09-2020,Client,146858,110011,621035,191383,874017,1004495,823093,1115854,586742,169831,354299,236269,3402978,2830909
16-09-2020,TOTAL,251062,251062,1538840,1538840,1339769,1666139,1339769,1666139,708642,353318,708642,353318,5857770,5857770
16-09-2020,Pro,29456,31667,201264,84674,256395,284912,372701,357887,92562,156877,309827,100630,1021466,1257386
16-09-2020,DII,5832,39159,33740,733958,267,34441,0,0,98,0,2446,0,74378,775563
17-09-2020,Client,148815,112017,632991,194091,577078,569049,561438,753783,615925,166017,367890,241247,2709875,2230466
17-09-2020,FII,66679,75875,680656,538484,167669,311534,99187,153158,29922,27543,43601,15710,1284003,926015
17-09-2020,TOTAL,253771,253771,1553088,1553088,888369,1075459,888369,1075459,736317,355823,736317,355823,4862827,4862827
17-09-2020,DII,5632,39310,33945,730678,267,34441,0,0,98,0,2446,0,74383,772434
17-09-2020,Pro,32645,26569,205496,89835,143355,160435,227744,168518,90372,162263,322380,98866,794566,933912
18-09-2020,TOTAL,232148,232148,1527472,1527472,1125913,1221517,1125913,1221517,703805,347153,703805,347153,5158008,5158008
18-09-2020,DII,4832,37368,34724,728623,267,34441,0,0,98,0,2464,0,74362,768455
18-09-2020,Pro,32008,22400,201475,85567,187856,199678,291681,205020,92488,160773,312601,97828,874278,1015097
18-09-2020,FII,71132,57600,665587,543162,191907,326607,116886,161694,28400,26683,42368,15441,1310316,937151
18-09-2020,Client,124176,114780,625686,170120,745883,660791,717346,854803,582819,159697,346372,233884,2899052,2437305
21-09-2020,FII,80400,63934,663895,543639,197087,337937,137853,167084,23819,24009,32226,14734,1327147,959470
21-09-2020,TOTAL,235444,235444,1499420,1499420,1402510,1249864,1402510,1249864,689545,317360,689545,317360,5394143,5394143
21-09-2020,Client,111519,122743,608317,144969,995120,657465,869532,865462,575630,136408,338068,216183,3084459,2556957
21-09-2020,Pro,39737,19969,192128,82079,210036,220021,395125,217318,90048,156943,316787,86443,908913,1117721
21-09-2020,DII,3788,28798,35080,728733,267,34441,0,0,48,0,2464,0,73624,759995
22-09-2020,DII,3763,25448,36626,742172,267,31509,0,0,48,0,2064,0,72213,769684
22-09-2020,Pro,39377,23040,189749,88263,226805,234808,437382,250745,89785,151513,303931,83598,932037,1186959
22-09-2020,FII,81710,72887,661419,528885,209875,359909,155012,175239,21594,21463,27380,13929,1355970,973332
22-09-2020,TOTAL,233280,233280,1497920,1497920,1515261,1333919,1515261,1333919,654863,303957,654863,303957,5539200,5539200
22-09-2020,Client,108430,111905,610126,138600,1078314,707693,922867,907935,543436,130981,321488,206430,3178980,2609225
23-09-2020,DII,3799,23031,37041,757757,267,30844,0,0,48,0,1972,0,71999,782760
23-09-2020,Client,113033,111001,607203,132983,1134372,766661,957719,974047,475742,113435,287302,191334,3210446,2654386
23-09-2020,Pro,39856,23320,182046,87037,240777,262777,476713,288926,90315,150708,272465,79104,966479,1227565
23-09-2020,TOTAL,233130,233130,1489848,1489848,1612626,1446143,1612626,1446143,585290,283332,585290,283332,5650369,5650369
23-09-2020,FII,76442,75778,663558,512071,237210,385861,178194,183170,19185,19189,23551,12894,1401445,985658
24-09-2020,FII,37716,47462,628513,482166,155131,265072,93922,114368,2197,6518,6825,6839,1095147,751582
24-09-2020,Pro,25157,14086,130099,47411,156532,146204,262578,137790,30426,85371,104918,27178,573789,593961
24-09-2020,Client,108890,98291,584983,108793,584985,397408,540415,586208,188115,59868,108995,117740,1924249,1560442
24-09-2020,DII,9771,21695,28909,734134,267,29682,0,0,0,0,0,0,68629,755829
24-09-2020,TOTAL,181534,181534,1372504,1372504,896915,838366,896915,838366,220738,151757,220738,151757,3661814,3661814
25-09-2020,Client,99620,95661,578731,117740,635531,653992,651925,783851,223531,74372,138113,129048,2265777,1916338
25-09-2020,DII,2253,22463,29786,743134,267,29682,0,0,0,0,0,0,61988,765597
25-09-2020,TOTAL,175961,175961,1384371,1384371,1021573,1165063,1021573,1165063,269930,178125,269930,178125,4195023,4195023
25-09-2020,FII,47407,40372,643390,473810,195353,283967,107780,153941,6909,13096,12413,12085,1190122,800401
25-09-2020,Pro,26681,17465,132464,49687,190422,197422,261868,227271,39490,90657,119404,36992,677136,712687
28-09-2020,Pro,26992,24078,131434,55042,203202,200274,289161,265681,49645,90647,129911,45055,702194,808928
28-09-2020,TOTAL,186880,186880,1389340,1389340,1083490,1354881,1083490,1354881,298217,192889,298217,192889,4505697,4505697
28-09-2020,FII,56644,40573,645598,459738,210048,289047,115505,157659,8198,14851,13324,13326,1224386,800125
28-09-2020,DII,1853,26898,30410,749621,267,29682,0,0,0,0,0,0,62212,776519
28-09-2020,Client,101391,95331,581898,124939,669973,835878,678824,931541,240374,87391,154982,134508,2516905,2120125
29-09-2020,TOTAL,190771,190771,1412991,1412991,1254319,1389449,1254319,1389449,332462,205694,332462,205694,4785686,4785686
29-09-2020,DII,1853,28013,30662,749514,267,36389,0,0,0,0,0,0,69171,777527
29-09-2020,Pro,30040,18668,138373,60844,211165,218397,329749,280459,52932,96457,147277,48371,747364,885368
29-09-2020,Client,105483,95653,590086,137366,834315,846978,800422,946797,270450,93019,170071,143667,2740331,2293976
29-09-2020,FII,53395,48437,653870,465267,208572,287685,124148,162193,9080,16218,15114,13656,1228820,828815
30-09-2020,Pro,28882,21961,141656,62694,229650,262525,355711,357028,55123,98345,159601,52881,816181,1009876
30-09-2020,TOTAL,202468,202468,1422240,1422240,1329753,1603310,1329753,1603310,361684,216322,361684,216322,5135777,5135777
30-09-2020,Client,110385,105643,594228,146759,874226,999632,848277,1056471,296306,100716,185911,149109,2975493,2492170
30-09-2020,FII,60836,46900,656244,460898,225610,300369,125765,189811,10255,17261,16172,14332,1270575,853878
30-09-2020,DII,2365,27964,30112,751889,267,40784,0,0,0,0,0,0,73528,779853
01-10-2020,FII,74578,37621,655445,455413,180684,257875,72427,146016,11344,18033,15909,14837,1197959,742223
01-10-2020,TOTAL,199177,199177,1410926,1410926,775881,1072410,775881,1072410,368043,227543,368043,227543,4053980,4053980
01-10-2020,Pro,23715,22804,139345,65481,154663,161555,201807,193756,64743,94111,157234,62753,638132,703835
01-10-2020,DII,2365,31370,29579,746021,267,40784,0,0,0,0,39,0,72995,777430
01-10-2020,Client,98519,107382,586557,144011,440267,612196,501647,732638,291956,115399,194861,149953,2144894,1830492
05-10-2020,TOTAL,199965,199965,1417708,1417708,1151047,1311860,1151047,1311860,399722,242927,399722,242927,4723229,4723229
05-10-2020,DII,2795,30663,30105,743376,267,41000,0,0,0,0,39,0,74167,774078
05-10-2020,Pro,26159,23237,144578,68068,199732,202449,299893,249469,67857,99611,169873,67567,740386,878107
05-10-2020,Client,95607,106616,592433,145749,729849,779542,735846,899428,319693,124225,212518,159951,2641349,2260108
05-10-2020,FII,75404,39449,650592,460515,221199,288869,115308,162963,12172,19091,17292,15409,1267327,810936
06-10-2020,FII,70191,39537,653615,459876,234206,298784,116313,174247,13550,19709,19112,15896,1290055,824981
06-10-2020,DII,2795,32301,30033,738079,267,41000,0,0,0,0,389,0,74095,770769
06-10-2020,TOTAL,215134,215134,1431618,1431618,1150670,1553397,1150670,1553397,428964,259033,428964,259033,5038816,5038816
06-10-2020,Pro,27094,31754,149529,74898,231111,235223,303916,340332,75598,102791,180728,75468,821346,1007096
06-10-2020,Client,115054,111542,598441,158765,685086,978390,730441,1038818,339816,136533,228735,167669,2853320,2435970
07-10-2020,TOTAL,219582,219582,1429281,1429281,1309827,1746625,1309827,1746625,458264,272997,458264,272997,5436576,5436576
07-10-2020,Client,109036,116361,597273,157954,797307,1128213,801658,1161846,358335,145428,244761,176408,3135592,2658988
07-10-2020,DII,2023,34259,29796,733226,267,41333,0,0,0,0,389,0,73419,767874
07-10-2020,FII,82677,43275,651209,462484,250528,319571,139481,194668,16949,20149,22742,16311,1341083,878961
07-10-2020,Pro,25846,25687,151003,75617,261725,257508,368688,390111,82980,107420,190372,80278,886482,1130753
08-10-2020,Pro,29810,25749,153548,77909,155892,165393,204919,195982,85856,113561,198642,88220,704060,791421
08-10-2020,Client,96247,122358,592874,153663,466828,627312,513382,749426,378343,154368,258705,183774,2315972,1981308
08-10-2020,TOTAL,232564,232564,1430939,1430939,812592,1124967,812592,1124967,482507,289210,482507,289210,4372779,4372779
08-10-2020,DII,2014,35425,29548,729589,267,41998,0,0,0,0,389,0,73827,765403
08-10-2020,FII,104493,49032,654969,469778,189605,290264,94291,179559,18308,21281,24771,17216,1278920,834647
09-10-2020,Pro,27150,35238,160741,83615,193853,219965,251344,294288,94653,117587,210842,95164,813949,970491
09-10-2020,DII,1985,35203,29638,730356,267,41712,0,0,0,0,389,0,73602,765948
09-10-2020,Client,106891,131157,601318,153862,589543,909931,631181,987187,394610,165304,271986,191638,2767597,2367011
09-10-2020,TOTAL,244847,244847,1442072,1442072,1003274,1491347,1003274,1491347,509438,304648,509438,304648,4995626,4995626
09-10-2020,FII,108821,43249,650375,474239,219611,319739,120749,209872,20175,21757,26221,17846,1340478,892176
12-10-2020,Client,106724,133062,606522,153963,843480,931382,800357,1039515,426296,165896,287284,199418,3080300,2613599
12-10-2020,TOTAL,244865,244865,1444602,1444602,1323556,1565930,1323556,1565930,546585,313023,546585,313023,5438561,5438561
12-10-2020,FII,102926,46876,644475,481721,235204,337449,154515,226420,23154,22912,31305,18194,1366120,959031
12-10-2020,DII,2091,36707,30692,728715,267,43712,0,0,0,0,389,0,76762,765811
12-10-2020,Pro,33124,28220,162913,80203,244605,253387,368684,299995,97135,124215,227607,95411,915379,1100120
13-10-2020,FII,103062,47963,637108,486723,234784,343625,161470,223932,23831,23604,32547,18614,1366014,971249
13-10-2020,Client,113321,136051,614935,155493,944222,983562,871900,1091508,458092,162866,302276,205237,3276998,2762465
13-10-2020,Pro,30632,27528,167653,79438,251868,256537,397771,311996,98428,132208,245139,94827,937326,1156699
13-10-2020,DII,1875,37348,30504,728546,267,43712,0,0,0,0,389,0,76358,766283
13-10-2020,TOTAL,248890,248890,1450200,1450200,1431141,1627436,1431141,1627436,580351,318678,580351,318678,5656696,5656696
14-10-2020,Pro,34593,28528,168903,78219,243626,265316,395991,346854,97701,135185,256106,97143,945324,1202841
14-10-2020,TOTAL,248681,248681,1452170,1452170,1409261,1712310,1409261,1712310,602116,323463,602116,323463,5748001,5748001
14-10-2020,FII,98204,51267,632783,487860,241614,358618,160106,219438,24762,24591,33167,19117,1380572,970955
14-10-2020,DII,2025,38121,31179,730342,267,43712,0,0,0,0,389,0,77183,768852
14-10-2020,Client,113859,130765,619305,155749,923754,1044664,853164,1146018,479653,163687,312454,207203,3344922,2805353
15-10-2020,Client,103393,129782,605513,149011,609003,607890,579849,767807,517067,153692,320318,207569,2596558,2154336
15-10-2020,DII,1979,37717,31203,728824,267,39391,0,0,0,0,389,0,72840,766930
15-10-2020,Pro,43381,26262,166187,71401,153277,185435,261693,196503,90579,142456,276948,93652,781315,926459
15-10-2020,TOTAL,246739,246739,1435699,1435699,962572,1150508,962572,1150508,633330,319918,633330,319918,4748766,4748766
15-10-2020,FII,97986,52978,632796,486463,200025,317792,121030,186198,25684,23770,35675,18697,1298053,901041
16-10-2020,TOTAL,231352,231352,1442821,1442821,1181557,1397025,1181557,1397025,645902,328790,645902,328790,5227447,5227447
16-10-2020,Pro,29162,26560,162724,74962,209211,228594,307248,261415,93339,138259,279946,98517,861289,1048648
16-10-2020,DII,1940,37627,31070,734633,267,39391,0,0,0,0,389,0,72668,772649
16-10-2020,FII,92605,47483,632012,484010,223858,336156,142384,197776,25471,24137,34844,19480,1334239,925977
16-10-2020,Client,107645,119682,617015,149216,748221,792884,731925,937834,527092,166394,330723,210793,2959251,2480173
19-10-2020,DII,1940,39194,31648,739331,267,39591,0,0,0,0,564,0,73446,779089
19-10-2020,Pro,31540,25167,166483,83502,237411,264860,339155,333017,98769,136317,275411,105435,935380,1161687
19-10-2020,TOTAL,234488,234488,1464384,1464384,1281320,1640506,1281320,1640506,648417,339923,648417,339923,5609038,5609038
19-10-2020,Client,106237,122426,631448,150771,805525,989179,783936,1100253,522881,179909,336912,214213,3235179,2708511
19-10-2020,FII,94771,47701,634805,490780,238117,346876,158229,207236,26767,23697,35530,20275,1365033,959751
20-10-2020,DII,1940,40121,32568,740175,267,39991,0,0,0,0,684,0,74766,780980
20-10-2020,Client,107398,122763,635665,150907,814853,1058266,794506,1170570,524830,182384,341862,216027,3323396,2796635
20-10-2020,Pro,35330,25217,169906,84180,239716,286024,330953,349896,99711,133601,273375,104070,964288,1167691
20-10-2020,FII,95936,52503,629909,492786,227167,358603,156544,222418,27561,24339,36181,20227,1363515,980659
20-10-2020,TOTAL,240604,240604,1468048,1468048,1282003,1742884,1282003,1742884,652102,340324,652102,340324,5725965,5725965
21-10-2020,FII,96942,51180,630864,490268,224329,366214,136893,238060,25790,24395,34641,20226,1368534,971268
21-10-2020,Pro,36705,26197,171042,87647,231042,284186,361362,383253,100203,135146,268693,104925,958324,1232077
21-10-2020,Client,108180,126157,629956,147478,871970,1126808,829353,1195920,515967,178575,337751,212965,3431456,2849624
21-10-2020,TOTAL,243767,243767,1465458,1465458,1327608,1817233,1327608,1817233,641960,338116,641960,338116,5834142,5834142
21-10-2020,DII,1940,40233,33596,740065,267,40025,0,0,0,0,875,0,75828,781173
22-10-2020,TOTAL,240990,240990,1477638,1477638,829336,1165808,829336,1165808,654585,342576,654585,342576,4710933,4710933
22-10-2020,Client,108371,122920,635940,148874,497219,640518,510463,793894,527126,185304,344997,215112,2594478,2136260
22-10-2020,Pro,35762,27041,173421,93929,152799,182008,217309,196610,100834,133242,273948,107919,778066,916756
22-10-2020,DII,1940,37872,35242,743878,267,40025,0,0,0,0,875,0,77474,782625
22-10-2020,FII,94917,53157,633035,490957,179051,303257,101564,175304,26625,24030,34765,19545,1260915,875292
23-10-2020,Pro,40449,27476,179163,102134,194236,222181,284032,240529,103576,130460,269664,109801,870065,1033636
23-10-2020,TOTAL,249195,249195,1486191,1486191,1099230,1369606,1099230,1369606,640814,340862,640814,340862,5185898,5185898
23-10-2020,FII,90796,56813,631239,483832,196631,326914,131465,185987,26557,24142,34611,20228,1296279,912936
23-10-2020,DII,1800,39858,35967,744599,267,40025,0,0,0,0,875,0,78059,785332
23-10-2020,Client,116150,125048,639822,155626,708096,780486,683733,943090,510681,186260,335664,210833,2941495,2453994
26-10-2020,Client,103775,125235,630943,153031,991884,812485,879604,981911,514192,166222,326331,202825,3219501,2668937
26-10-2020,FII,77569,52323,639449,480766,201462,333507,134435,201342,22676,23001,30706,19613,1297664,919185
26-10-2020,DII,1786,34726,35925,747368,267,40025,0,0,0,0,875,0,78003,782969
26-10-2020,TOTAL,236381,236381,1486433,1486433,1422215,1433677,1422215,1433677,636305,324473,636305,324473,5539484,5539484
26-10-2020,Pro,53251,24097,180116,105268,228602,247660,408176,250424,99437,135250,278393,102035,944316,1168393
27-10-2020,FII,77330,63938,657812,471093,224285,365458,145381,245890,20127,21642,27053,18357,1366654,971712
27-10-2020,Client,125289,123014,618498,176903,808790,1065529,789127,1147486,467297,180619,308665,202263,3266022,2747458
27-10-2020,TOTAL,247529,247529,1490571,1490571,1259570,1734501,1259570,1734501,596204,334061,596204,334061,5662436,5662436
27-10-2020,Pro,43260,25851,177842,103799,226228,263489,325062,341125,108780,131800,259611,113441,951399,1168889
27-10-2020,DII,1650,34726,36419,738776,267,40025,0,0,0,0,875,0,78361,774377
28-10-2020,DII,1779,33391,35681,738040,267,40965,0,0,0,0,575,0,78692,772006
28-10-2020,Pro,48292,25908,167865,89765,227526,271926,435834,305916,101860,136655,250034,99451,954124,1206908
28-10-2020,FII,76294,85687,650293,448701,231030,382787,173801,266264,18610,19815,25005,18101,1378829,1017559
28-10-2020,Client,130467,111846,603967,181300,1097195,977054,946383,1100552,435842,153142,280698,192060,3397667,2812839
28-10-2020,TOTAL,256832,256832,1457806,1457806,1556018,1672732,1556018,1672732,556312,309612,556312,309612,5809312,5809312
29-10-2020,Client,136177,94292,586201,176788,356429,438731,381054,593186,197587,59558,119400,104551,1774683,1469271
29-10-2020,DII,1749,32593,20711,739656,267,29163,0,0,0,0,0,0,51890,772249
29-10-2020,TOTAL,206942,206942,1383852,1383852,597236,855406,597236,855406,237978,143508,237978,143508,3424922,3424922
29-10-2020,FII,49970,62218,645052,422713,113822,226497,64127,120232,3496,6397,7349,7877,1045234,684516
29-10-2020,Pro,19046,17839,131888,44695,126718,161015,152055,141988,36895,77553,111229,31080,553115,498886
30-10-2020,TOTAL,226972,226972,1503589,1503589,877524,1085485,877524,1085485,317240,179340,317240,179340,4190150,4190150
30-10-2020,Pro,22776,24804,146607,53092,174175,220223,208748,203905,47278,91023,145916,40627,702082,677092
30-10-2020,Client,150629,93644,631643,197827,542371,569276,552460,728605,262573,76560,158194,128514,2233052,1859244
30-10-2020,DII,1820,31381,22316,792413,267,29163,0,0,0,0,0,0,53566,823794
30-10-2020,FII,51747,77143,703023,460257,160711,266823,116316,152975,7389,11757,13130,10199,1201450,830020
02-11-2020,Pro,18259,29764,144951,62689,230966,264088,237698,274547,62494,93845,162216,54000,814603,820914
02-11-2020,TOTAL,217499,217499,1515631,1515631,941417,1342380,941417,1342380,364417,204839,364417,204839,4586183,4586183
02-11-2020,DII,1943,29265,22725,796134,267,29563,0,0,0,9,360,0,54507,825759
02-11-2020,FII,50888,57699,725464,460268,158501,270815,118090,175185,10405,13046,14465,11946,1229119,837653
02-11-2020,Client,146409,100771,622491,196540,551683,777914,585629,892648,291518,97939,187376,138893,2487954,2101857
03-11-2020,FII,55183,56156,732851,456543,178525,299877,120652,204992,11872,14131,16272,12977,1292439,867592
03-11-2020,DII,2031,31683,25848,793154,267,29563,0,0,0,18,715,0,57727,825552
03-11-2020,TOTAL,221748,221748,1516596,1516596,970012,1503399,970012,1503399,396051,230484,396051,230484,4838290,4838290
03-11-2020,Pro,23345,27637,145012,70551,215176,241529,246815,302651,73921,97004,170216,68826,795987,886696
03-11-2020,Client,141189,106272,612885,196348,576044,932430,602545,995756,310258,119331,208848,148681,2692137,2258450
04-11-2020,Client,146194,105115,613839,204943,698461,1040149,691384,1090030,331383,124643,224033,153304,2954669,2468809
04-11-2020,DII,2142,34064,28908,792612,267,29863,0,0,0,18,1015,0,61198,827691
04-11-2020,FII,53385,58463,744097,460153,182049,303158,130217,206648,13134,15622,19138,13840,1311445,888459
04-11-2020,Pro,20974,25053,147967,77103,233770,280962,292946,357454,76987,99420,177318,72559,860080,1002433
04-11-2020,TOTAL,222695,222695,1534811,1534811,1114547,1654132,1114547,1654132,421504,239703,421504,239703,5187392,5187392
05-11-2020,TOTAL,243258,243258,1545495,1545495,694601,1130933,694601,1130933,427090,261343,427090,261343,4302720,4302720
05-11-2020,FII,78829,43042,757963,463933,147646,245157,87639,157765,14011,16345,19680,15226,1259951,787285
05-11-2020,Pro,23412,38381,144279,89597,157796,185006,169876,229752,90123,91023,170322,92164,691639,790092
05-11-2020,Client,138797,126499,612945,203145,388892,670374,437086,743416,322956,153957,235558,153953,2287921,1899657
05-11-2020,DII,2220,35336,30308,788820,267,30396,0,0,0,18,1530,0,63209,825686
06-11-2020,Pro,19497,33860,147709,93693,211342,252805,223355,325827,95054,94208,183889,101920,820615,962544
06-11-2020,Client,141192,136669,618745,217909,487829,926461,570952,975823,342966,171084,246344,164678,2688277,2312375
06-11-2020,DII,2179,35356,30758,778789,267,30396,0,0,0,18,1545,0,63618,815690
06-11-2020,TOTAL,246359,246359,1563643,1563643,882283,1514444,882283,1514444,453766,282975,453766,282975,4943470,4943470
06-11-2020,FII,83491,40474,766431,473252,182845,304782,87976,212794,15746,17665,21988,16377,1370960,852861
09-11-2020,TOTAL,247124,247124,1569517,1569517,1048996,1736066,1048996,1736066,482065,304783,482065,304783,5388551,5388551
09-11-2020,DII,3522,35254,30256,775945,267,30396,0,0,0,18,2045,0,64459,813244
09-11-2020,FII,93820,40168,773330,488871,206785,319515,123181,236200,16246,18780,23213,17082,1428476,928715
09-11-2020,Pro,19962,32156,149857,96889,239943,274862,285298,394179,102890,96016,192141,112462,883530,1113125
09-11-2020,Client,129820,139546,616074,207812,602001,1111293,640517,1105687,362929,189969,264666,175239,3012086,2533467
10-11-2020,Pro,25681,33774,149254,107802,271551,298631,338775,445541,112840,98756,198202,128455,956713,1252549
10-11-2020,Client,114052,148930,615740,193731,672725,1222705,687332,1192939,364718,209973,270504,181838,3199913,2675274
10-11-2020,FII,112176,37032,776154,499629,224966,346959,143402,260211,19206,19802,25213,18256,1499263,983743
10-11-2020,DII,3393,35566,31295,771281,267,30396,0,0,0,18,2845,0,65369,809692
10-11-2020,TOTAL,255302,255302,1572443,1572443,1169509,1898691,1169509,1898691,496764,328549,496764,328549,5721258,5721258
11-11-2020,Pro,33325,31081,146150,110161,302479,329859,390114,494274,117152,98134,203095,134431,1027099,1363156
11-11-2020,FII,118561,40580,780259,507820,243934,360029,157578,275486,20175,21049,26242,18946,1544007,1026652
11-11-2020,TOTAL,264505,264505,1566522,1566522,1339257,2063608,1339257,2063608,513606,339496,513606,339496,6086994,6086994
11-11-2020,Client,109101,154835,608104,182707,792577,1343324,791565,1293848,376279,220295,280549,186119,3449680,2889623
11-11-2020,DII,3518,38009,32009,765834,267,30396,0,0,0,18,3720,0,66208,807563
12-11-2020,DII,3218,38443,32216,767081,267,31196,0,0,0,18,4470,0,66915,809994
12-11-2020,Pro,34026,29127,149570,115997,160695,188186,224710,226116,117988,108959,227984,137589,759424,961523
12-11-2020,FII,105189,48077,781748,511554,201914,273548,133550,206720,22113,22526,29410,19711,1407038,949022
12-11-2020,TOTAL,256708,256708,1578767,1578767,865574,1230293,865574,1230293,566378,354513,566378,354513,4852233,4852233
12-11-2020,Client,114275,141061,615233,184135,502698,737363,507314,797457,426277,223010,304514,197213,2618856,2131694
13-11-2020,DII,3068,38463,31652,767495,267,31196,0,0,0,0,4460,0,66183,810418
13-11-2020,FII,105013,54112,773992,522917,217983,288706,149355,229753,22711,22520,30082,20577,1430925,1006796
13-11-2020,TOTAL,259520,259520,1588255,1588255,1041336,1483397,1041336,1483397,600941,374235,600941,374235,5347684,5347684
13-11-2020,Pro,31882,28859,153921,113188,209403,240961,264829,281116,123361,113780,244896,146452,873308,1079340
13-11-2020,Client,119557,138086,628690,184655,613683,922534,627152,972528,454869,237935,321503,207206,2977268,2451130
14-11-2020,DII,3065,38463,31652,767241,267,31196,0,0,0,0,4460,0,66180,810164
14-11-2020,FII,105591,53052,776493,523148,207344,284080,142073,232391,22859,22588,30195,20720,1418955,1001579
14-11-2020,Pro,35669,29721,152504,113343,215241,237789,282877,292472,124814,113719,246618,149591,879736,1114622
14-11-2020,TOTAL,261385,261385,1586908,1586908,1090174,1551937,1090174,1551937,605744,379796,605744,379796,5475944,5475944
14-11-2020,Client,117060,140149,626259,183176,667322,998872,665224,1027074,458071,243489,324471,209485,3111073,2549579
17-11-2020,FII,110728,47893,783683,528398,223354,298760,136906,242475,23114,22670,30393,20572,1462309,1006637
17-11-2020,Client,115845,145831,631436,189483,702853,1176220,730211,1166256,456218,261095,328073,216485,3343667,2776339
17-11-2020,DII,2915,38611,32892,764871,267,27036,0,0,0,0,4460,0,63110,807942
17-11-2020,TOTAL,262959,262959,1604935,1604935,1181099,1766041,1181099,1766041,607830,396530,607830,396530,5819394,5819394
17-11-2020,Pro,33471,30624,156924,122183,254625,264025,313982,357310,128498,112765,244904,159473,950308,1228476
18-11-2020,TOTAL,266769,266769,1619441,1619441,1216461,1922344,1216461,1922344,618288,408881,618288,408881,6052184,6052184
18-11-2020,Pro,32652,32498,160640,126731,270591,304809,326383,421635,134476,117877,251440,167156,1021045,1325843
18-11-2020,Client,117285,149296,640325,191900,693171,1264291,730106,1243285,460770,267431,331192,220752,3443273,2866531
18-11-2020,DII,2788,39111,33099,766630,267,27036,0,0,0,0,4460,0,63190,810201
18-11-2020,FII,114044,45864,785377,534180,252432,326208,159972,257424,23042,23573,31196,20973,1524676,1049609
19-11-2020,FII,112949,53051,776542,545683,211464,281050,137703,202889,23784,25034,33400,20320,1430823,993046
19-11-2020,Client,111804,143147,638715,184483,541860,742985,539895,835108,504158,247088,343028,220965,2786610,2266626
19-11-2020,TOTAL,264066,264066,1616208,1616208,932397,1250934,932397,1250934,659848,403261,659848,403261,5126714,5126714
19-11-2020,DII,2324,38997,33885,761541,267,27036,0,0,0,0,4460,0,63512,804998
19-11-2020,Pro,36989,28871,167066,124501,178806,199863,254799,212937,131906,131139,278960,161976,845769,1062044
20-11-2020,Client,101651,140854,645855,178984,641134,934289,650624,1004515,491236,254720,344137,223756,3068885,2542870
20-11-2020,FII,117849,50657,770998,549233,221293,312433,143209,236231,24714,25134,31543,20190,1472421,1031063
20-11-2020,DII,2210,39253,33870,758876,267,27036,0,0,0,0,4460,0,63383,802589
20-11-2020,TOTAL,256456,256456,1620105,1620105,1063133,1519548,1063133,1519548,656384,410613,656384,410613,5526239,5526239
20-11-2020,Pro,34746,25692,169382,133012,200439,245790,269300,278802,140434,130759,276244,166667,921550,1149717
23-11-2020,Client,91400,140393,649895,175219,807219,1055159,785310,1121151,468305,245582,332651,219603,3317560,2774327
23-11-2020,DII,2329,38961,33895,757869,267,27036,0,0,0,0,4460,0,63527,801290
23-11-2020,TOTAL,259186,259186,1627298,1627298,1286277,1670357,1286277,1670357,632366,398004,632366,398004,5873488,5873488
23-11-2020,FII,120885,53299,765793,553183,225604,319628,148573,245525,21982,23305,29706,17885,1477197,1048171
23-11-2020,Pro,44572,26533,177715,141027,253187,268534,352394,303681,142079,129117,265549,160516,1015204,1249700
24-11-2020,Client,101720,146646,660708,175861,704653,1231744,726074,1242706,440219,245812,320639,215947,3384856,2827873
24-11-2020,FII,125788,57615,758456,558036,249074,355852,145891,276949,20628,21844,30283,18578,1531642,1087352
24-11-2020,DII,2298,39056,34125,756402,267,29835,0,0,0,0,4460,0,66525,799918
24-11-2020,TOTAL,271952,271952,1636580,1636580,1165762,1890809,1165762,1890809,607351,395910,607351,395910,5968364,5968364
24-11-2020,Pro,42146,28635,183291,146281,211768,273378,293797,371154,146504,128254,251969,161385,985341,1253221
25-11-2020,TOTAL,260844,260844,1592837,1592837,1621655,1769874,1621655,1769874,537498,364494,537498,364494,6147202,6147202
25-11-2020,DII,1893,40057,33898,759697,267,29807,0,0,0,0,3875,0,65865,803629
25-11-2020,Pro,44429,26707,165280,130181,276121,293871,482245,317766,140275,136853,232090,145392,1056829,1334381
25-11-2020,Client,100849,130478,635958,161146,1082657,1063661,952590,1169116,381003,208662,276565,201299,3472790,2891194
25-11-2020,FII,113673,63602,757701,541813,262610,382535,186820,282992,16220,18979,24968,17803,1551718,1117998
26-11-2020,Pro,16720,25693,126217,72309,147533,157841,191662,171262,51880,70485,115044,43027,570676,618997
26-11-2020,TOTAL,219781,219781,1495656,1495656,741966,968178,741966,968178,252709,148313,252709,148313,3826603,3826603
26-11-2020,Client,98166,122092,592634,148154,435905,579842,455726,648179,197387,71214,131388,98709,1975148,1604248
26-11-2020,FII,103254,31498,748965,520677,158261,202751,94578,148737,3442,6614,6277,6577,1223287,808344
26-11-2020,DII,1641,40498,27840,754516,267,27744,0,0,0,0,0,0,57492,795014
27-11-2020,Pro,18237,28182,147395,80332,213500,222581,271393,226918,65975,89844,148688,55567,757532,811080
27-11-2020,Client,92859,134884,635025,152497,653995,740624,654308,833278,256313,88255,167624,124801,2467071,2067392
27-11-2020,FII,116906,25551,753523,573431,182104,236862,124165,169615,8048,13789,14024,11520,1311232,918306
27-11-2020,TOTAL,229685,229685,1564283,1564283,1049866,1229811,1049866,1229811,330336,191888,330336,191888,4595869,4595869
27-11-2020,DII,1683,41068,28340,758023,267,29744,0,0,0,0,0,0,60034,799091
01-12-2020,Pro,18624,29908,149971,82046,280796,289893,334966,327700,73678,92593,159268,63126,905555,997014
01-12-2020,DII,1371,40406,29569,757784,267,29744,0,0,0,0,0,0,60951,798190
01-12-2020,TOTAL,231496,231496,1567730,1567730,1229849,1575746,1229849,1575746,365133,212373,365133,212373,5182327,5182327
01-12-2020,FII,114881,28387,759256,574141,198588,246611,132144,184644,9863,15067,15710,12639,1344266,947665
01-12-2020,Client,96620,132795,628934,153759,750198,1009498,762739,1063402,281592,104713,190155,136608,2871555,2439458
02-12-2020,Pro,23837,30958,152572,85191,252253,295514,372872,311801,79532,103630,179166,71703,907338,1051691
02-12-2020,FII,106110,31096,763577,572304,206424,271214,144094,186244,11373,16346,17949,13180,1375044,964867
02-12-2020,DII,1371,41750,29354,757895,267,29744,0,0,0,0,398,0,60736,800043
02-12-2020,Client,101963,129477,631019,161132,919570,1008015,861548,1106442,313325,115610,206717,150703,3089502,2616019
02-12-2020,TOTAL,233281,233281,1576522,1576522,1378514,1604487,1378514,1604487,404230,235586,404230,235586,5432620,5432620
03-12-2020,FII,114072,38392,757054,559706,165360,220010,96885,160068,11543,17304,18575,14316,1285343,887942
03-12-2020,Client,99021,129868,643448,167543,455651,663120,491015,758734,330537,137465,222008,165046,2329242,1934214
03-12-2020,Pro,25150,29713,155257,96625,150382,196951,183760,191023,87522,107128,187850,82535,722390,771506
03-12-2020,TOTAL,239718,239718,1586281,1586281,771660,1109825,771660,1109825,429602,261897,429602,261897,4398983,4398983
03-12-2020,DII,1475,41745,30522,762407,267,29744,0,0,0,0,1169,0,62008,805321
04-12-2020,Client,110506,138999,644004,170355,593307,944903,635898,1011608,353865,151866,239274,179727,2798451,2375861
04-12-2020,FII,121578,35862,747482,555893,209406,252490,136511,183690,12410,18416,20187,15710,1361782,947853
04-12-2020,TOTAL,256383,256383,1580854,1580854,1022194,1472595,1022194,1472595,460433,284187,460433,284187,5076646,5076646
04-12-2020,DII,1873,42803,31235,758239,267,29744,0,0,0,0,1669,0,63119,802711
04-12-2020,Pro,22426,38719,158133,96367,219214,245458,249785,277297,94158,113905,199303,88750,853294,950221
07-12-2020,DII,1998,43230,31750,752239,267,29744,0,0,0,0,2519,0,63759,797988
07-12-2020,TOTAL,254069,254069,1590450,1590450,1170368,1745315,1170368,1745315,496329,304203,496329,304203,5560734,5560734
07-12-2020,Pro,24211,38211,158989,95893,242401,300944,288074,357168,100850,120835,216724,95565,948230,1091635
07-12-2020,Client,118897,137616,648307,179790,705244,1155025,730426,1189700,381884,163851,255930,192248,3173208,2685710
07-12-2020,FII,108963,35012,751404,562528,222456,259602,151868,198447,13595,19517,21156,16390,1375537,985401
08-12-2020,DII,1791,45230,32280,745309,267,30003,0,0,0,0,2819,0,64341,793358
08-12-2020,Client,122024,140821,647354,189308,809517,1235641,802619,1270251,413658,166592,271075,203016,3394786,2877090
08-12-2020,TOTAL,254635,254635,1595250,1595250,1274155,1826938,1274155,1826938,530818,316950,530818,316950,5798746,5798746
08-12-2020,FII,106016,35268,753909,567705,207447,251937,145233,190629,14644,20464,22867,16820,1354417,978522
08-12-2020,Pro,24804,33316,161707,92928,256924,309357,326303,366058,102516,129894,234057,97114,985202,1149776
09-12-2020,FII,109047,32370,744867,566411,220831,264174,149418,210154,15476,20822,22754,16616,1375217,997723
09-12-2020,TOTAL,261701,261701,1588708,1588708,1265333,2020934,1265333,2020934,540846,332098,540846,332098,6009620,6009620
09-12-2020,Pro,24694,34514,162484,90399,275790,315090,317716,434460,106687,131616,235250,103674,1016361,1216013
09-12-2020,DII,2321,45230,31850,739761,267,30003,0,0,373,0,2838,0,64814,787829
09-12-2020,Client,125639,149587,649507,192137,768445,1411667,798199,1376320,418310,179660,280004,211808,3553228,3008055
10-12-2020,Pro,24177,28000,172406,91204,155587,206763,213990,214051,108052,142556,253904,106381,809541,907530
10-12-2020,FII,97665,34718,739356,578448,174742,232185,106468,167720,16711,21343,24746,17579,1282002,929679
10-12-2020,TOTAL,246411,246411,1597784,1597784,826857,1202289,826857,1202289,578684,345186,578684,345186,4797211,4797211
10-12-2020,Client,122348,138479,657100,187721,496261,725081,506399,820518,453548,181287,297196,221226,2635625,2171539
10-12-2020,DII,2221,45214,28922,740411,267,38260,0,0,373,0,2838,0,70043,788463
11-12-2020,Client,122383,144341,656845,198434,755356,928369,733441,1038683,484406,189894,312459,233912,3137253,2661270
11-12-2020,DII,2541,47033,28392,730954,267,39060,0,0,373,0,2888,0,70633,780875
11-12-2020,TOTAL,250627,250627,1604800,1604800,1181644,1539044,1181644,1539044,616030,364034,616030,364034,5556179,5556179
11-12-2020,FII,96104,29424,738679,583453,200901,261239,143369,192556,17876,21818,26511,18227,1336617,993540
11-12-2020,Pro,29599,29829,180884,91959,225120,310376,304834,307805,113375,152322,274172,111895,1011676,1120494
14-12-2020,Pro,30704,28478,182005,96951,259583,338519,345649,343546,120354,154154,281572,119199,1085319,1215395
14-12-2020,DII,2626,47208,29534,730133,267,40060,0,0,473,0,3119,0,72960,780460
14-12-2020,FII,93755,35878,735867,583556,211401,269770,159820,192438,18821,24471,27870,20934,1354085,1020496
14-12-2020,Client,122334,137855,662372,199138,883450,1056627,849232,1168992,499880,202923,326967,241415,3427586,2923599
14-12-2020,TOTAL,249419,249419,1609778,1609778,1354701,1704976,1354701,1704976,639528,381548,639528,381548,5939950,5939950
15-12-2020,DII,2511,45808,29229,731626,267,40089,0,0,476,0,3119,0,72572,780553
15-12-2020,TOTAL,242460,242460,1616334,1616334,1430079,1790184,1430079,1790184,664779,395832,664779,395832,6139668,6139668
15-12-2020,Client,123181,136635,670900,202757,927859,1148357,895803,1241965,521254,211412,342371,249546,3602963,3069077
15-12-2020,Pro,26772,27682,185677,100780,269459,315788,364128,343882,123451,159557,291204,124881,1080704,1252557
15-12-2020,FII,89996,32335,730528,581171,232494,285950,170148,204337,19598,24863,28085,21405,1383429,1037481
16-12-2020,FII,97636,35257,724306,577959,258492,300293,183421,226099,20438,26264,29475,22272,1427429,1074483
16-12-2020,Pro,25176,32925,187303,102294,285289,334065,387105,415718,129085,162265,297744,131015,1123183,1366801
16-12-2020,DII,2862,45808,29347,729620,267,41089,0,0,540,0,3119,0,74105,778547
16-12-2020,Client,132163,143847,677349,208432,982280,1316960,955802,1350590,529551,219483,349276,254725,3857786,3262672
16-12-2020,TOTAL,257837,257837,1618305,1618305,1526328,1992407,1526328,1992407,679614,408012,679614,408012,6482503,6482503
17-12-2020,Client,134870,146946,675513,208709,483732,875818,527246,955427,558594,223531,363423,262014,2952058,2463765
17-12-2020,TOTAL,269819,269819,1616450,1616450,852842,1437602,852842,1437602,711992,421890,711992,421890,5310595,5310595
17-12-2020,DII,2862,46149,29344,724661,267,50089,0,0,540,0,3119,0,83102,773929
17-12-2020,FII,105279,47414,720473,577935,190015,252461,124645,198831,21014,27762,30414,23318,1317004,1002557
17-12-2020,Pro,26808,29310,191120,105145,178828,259234,200951,283344,131844,170597,315036,136558,958431,1070344
18-12-2020,FII,105482,48775,719818,582364,224858,280094,150484,211724,20768,27852,30811,23408,1378872,1047566
18-12-2020,Pro,28743,27446,186626,98754,241245,295200,304320,308175,128429,169303,314827,135842,1049546,1189364
18-12-2020,DII,2850,46530,28749,721432,267,50089,0,0,540,0,3169,0,82495,771131
18-12-2020,TOTAL,269317,269317,1604023,1604023,1167741,1620091,1167741,1620091,717477,421063,717477,421063,5799712,5799712
18-12-2020,Client,132242,146566,668830,201473,701371,994708,712937,1100192,567740,223908,368670,261813,3288799,2791651
21-12-2020,Pro,43805,26358,182001,93550,299797,298491,491035,274487,119506,179148,318543,124749,1122748,1328722
21-12-2020,Client,111482,140945,627073,176119,1080856,839197,950735,1009658,573626,187105,360982,244991,3419339,2883430
21-12-2020,DII,2275,43833,27892,723844,267,53488,0,0,540,0,3169,0,84462,770846
21-12-2020,FII,104232,50658,724836,568289,264194,317400,203344,224431,20826,28771,31804,25284,1460259,1103810
21-12-2020,TOTAL,261794,261794,1561802,1561802,1645114,1508576,1645114,1508576,714498,395024,714498,395024,6086808,6086808
22-12-2020,DII,2135,39694,27246,734688,267,53488,0,0,540,0,3169,0,83676,777551
22-12-2020,TOTAL,248748,248748,1556346,1556346,1570363,1696448,1570363,1696448,704052,393320,704052,393320,6169277,6169277
22-12-2020,FII,111623,49912,723561,552069,253840,323108,182219,225830,20528,27607,29895,26442,1460267,1066367
22-12-2020,Pro,34812,24743,174008,99206,269050,297484,433291,355439,116528,166066,308717,127479,1057948,1348875
22-12-2020,Client,100178,134399,631531,170383,1047206,1022368,954853,1115179,566456,199647,362271,239399,3567386,2976484
23-12-2020,Client,119654,129077,654291,185441,965070,1242545,936083,1272498,568741,216495,369684,244261,3766796,3137044
23-12-2020,FII,100535,52716,721448,547981,259416,318777,184085,226602,21216,26944,29997,26152,1448336,1067533
23-12-2020,TOTAL,250796,250796,1579335,1579335,1513258,1942680,1513258,1942680,708473,402786,708473,402786,6397328,6397328
23-12-2020,Pro,27985,27751,176101,108324,288505,327870,393090,443580,117976,159347,305623,132373,1097784,1410741
23-12-2020,DII,2622,41252,27495,737589,267,53488,0,0,540,0,3169,0,84412,782010
24-12-2020,Client,111771,132332,648693,181398,500936,799893,522557,895741,530907,212818,353274,240544,2805018,2325846
24-12-2020,Pro,27498,24772,173592,107108,157341,192318,200860,232354,119395,152489,284494,125309,822633,974897
24-12-2020,FII,110897,52337,723787,549964,194371,271453,129598,189357,21574,27781,31479,27235,1349863,979970
24-12-2020,TOTAL,252788,252788,1573202,1573202,853015,1317452,853015,1317452,672416,393088,672416,393088,5061961,5061961
24-12-2020,DII,2622,43347,27130,734732,367,53788,0,0,540,0,3169,0,84447,781248
28-12-2020,Client,113295,134215,663447,174560,704702,1088408,703304,1177609,512782,220685,348216,240884,3303319,2778788
28-12-2020,Pro,27820,26750,173099,110419,203137,259315,278076,327063,122213,147619,275416,128710,933203,1146434
28-12-2020,DII,2824,46126,26341,738947,367,54088,0,0,540,0,3169,0,84160,788242
28-12-2020,FII,120351,57199,714621,553582,229918,308046,156744,205185,20227,28091,28961,26801,1421254,1028472
28-12-2020,TOTAL,264290,264290,1577508,1577508,1138124,1709857,1138124,1709857,655762,396395,655762,396395,5741936,5741936
29-12-2020,FII,119224,59066,707229,556562,263590,332339,190705,228840,18730,26705,30197,27218,1467817,1092588
29-12-2020,Client,109228,134108,671936,165524,805938,1179648,779596,1268764,492606,221035,337260,241498,3480391,2926750
29-12-2020,DII,2994,46141,25555,740850,367,52537,0,0,540,0,3169,0,81993,790160
29-12-2020,TOTAL,268592,268592,1576113,1576113,1303963,1867638,1303963,1867638,636118,396512,636118,396512,6048936,6048936
29-12-2020,Pro,37146,29277,171393,113177,234068,303114,333662,370034,124242,148772,265492,127796,1018735,1239438
30-12-2020,Client,112267,138887,678214,159423,927373,1294057,892925,1371607,421237,199271,296318,226794,3632419,3085954
30-12-2020,TOTAL,290712,290712,1566836,1566836,1483356,2026111,1483356,2026111,561573,376679,561573,376679,6305267,6305267
30-12-2020,Pro,44766,28305,165595,106403,259087,321891,387648,412321,123407,152586,234112,123424,1067332,1292213
30-12-2020,FII,130748,75473,698257,545072,296529,355636,202783,242183,16458,24822,27974,26461,1522450,1119946
30-12-2020,DII,2931,48047,24770,755938,367,54527,0,0,471,0,3169,0,83066,807154
31-12-2020,TOTAL,228432,228432,1471076,1471076,665045,905213,665045,905213,288536,169475,288536,169475,3727777,3727777
31-12-2020,Pro,17106,24341,144664,60670,134541,157716,169955,154649,48479,89690,133190,36799,592196,579604
31-12-2020,DII,1691,46888,16052,748635,367,12161,0,0,267,0,0,0,30538,795523
31-12-2020,Client,107079,124169,653719,149163,427586,579923,436741,639214,233849,69996,140717,121352,2072152,1611356
31-12-2020,FII,102556,33034,656641,512608,102551,155413,58349,111350,5941,9789,14629,11324,1032891,741294
01-01-2021,Client,112492,128170,670883,165661,656331,766582,637370,855860,282490,88900,176789,142214,2577678,2106064
01-01-2021,FII,99869,32936,660873,511176,150536,197426,114868,128670,11339,15574,24371,16784,1135617,828805
01-01-2021,Pro,20767,27120,151469,67183,218411,236415,273407,229454,59300,98379,152236,43855,784741,793255
01-01-2021,DII,1960,46862,16334,755539,367,13561,0,0,267,0,0,0,32489,802401
01-01-2021,TOTAL,235088,235088,1499559,1499559,1025645,1213984,1025645,1213984,353396,202853,353396,202853,4530525,4530525
04-01-2021,Pro,20898,31969,151257,73791,264788,276416,346127,285273,73643,105506,164929,51940,892508,954029
04-01-2021,TOTAL,244152,244152,1521241,1521241,1277631,1453054,1277631,1453054,398724,233251,398724,233251,5128053,5128053
04-01-2021,FII,108949,30121,675786,515634,177647,219042,139642,141274,15981,19303,31670,19050,1216708,877391
04-01-2021,DII,1960,48895,17744,752979,1497,13561,0,0,267,0,213,0,35029,802087
04-01-2021,Client,112345,133167,676454,178837,833699,944035,791862,1026507,308833,108442,201912,162261,2983808,2494546
05-01-2021,DII,1860,49525,16559,746980,1472,13561,0,0,267,0,349,0,33719,796854
05-01-2021,Pro,21210,34981,163976,78809,285432,324785,324955,387660,84311,120254,194442,60968,999968,1081815
05-01-2021,Client,135706,151565,691604,206012,798980,1211441,793841,1222564,353435,121595,226644,181025,3312761,2781651
05-01-2021,FII,106993,29698,676665,517003,157395,235732,124483,175295,17953,21489,34531,21345,1216227,902355
05-01-2021,TOTAL,265769,265769,1548804,1548804,1243279,1785519,1243279,1785519,455966,263338,455966,263338,5562675,5562675
06-01-2021,DII,1860,43058,16995,753752,1457,14340,0,0,267,0,499,0,34919,797309
06-01-2021,TOTAL,252428,252428,1546890,1546890,1545000,1800187,1545000,1800187,523955,291219,523955,291219,5959679,5959679
06-01-2021,FII,103902,29528,673833,513259,219359,268708,156999,154177,21829,23580,40076,23011,1311211,917050
06-01-2021,Pro,21546,27628,171282,78268,290718,332702,424911,374850,90378,135378,226133,67925,1042004,1199715
06-01-2021,Client,125120,152214,684780,201611,1033466,1184437,963090,1271160,411481,132261,257247,200283,3571545,3045605
07-01-2021,TOTAL,251457,251457,1574575,1574575,919130,1222217,919130,1222217,568601,319928,568601,319928,4855908,4855908
07-01-2021,Client,125758,153159,698265,207277,565538,748104,568345,857220,444162,150920,281214,217008,2732747,2284223
07-01-2021,Pro,19526,27854,177508,87842,203210,235825,253892,235289,101122,144296,243430,78900,881487,927207
07-01-2021,FII,104223,26716,680280,520785,148985,219081,96893,129708,23050,24712,43308,24020,1200331,841430
07-01-2021,DII,1950,43728,18522,758671,1397,19207,0,0,267,0,649,0,41343,803048
08-01-2021,TOTAL,265096,265096,1568306,1568306,1112004,1606451,1112004,1606451,602880,345230,602880,345230,5499967,5499967
08-01-2021,Client,125390,162544,683161,212252,689748,1012144,714997,1089206,463949,171782,300136,230373,3146174,2709508
08-01-2021,Pro,23090,32719,179591,85759,239892,313175,280683,342122,113028,146824,254539,88863,1015600,1084685
08-01-2021,FII,114479,26070,686932,517628,180967,255594,116324,175123,25636,26580,47123,25994,1290188,908262
08-01-2021,DII,2137,43763,18622,752667,1397,25538,0,0,267,44,1082,0,48005,797512
11-01-2021,Pro,24004,37158,179925,90072,285193,355563,364172,414732,118014,150887,270871,95969,1113586,1272974
11-01-2021,FII,102855,27796,691147,513475,199917,284610,135829,185941,28422,28609,51781,28018,1335560,942840
11-01-2021,DII,2137,43763,18472,742738,1115,27554,0,0,267,44,1115,0,49589,787616
11-01-2021,Client,142105,162384,693918,237177,856914,1182394,843138,1249448,495854,188458,318790,244011,3559643,3054948
11-01-2021,TOTAL,271101,271101,1583462,1583462,1343139,1850121,1343139,1850121,642557,367998,642557,367998,6058378,6058378
12-01-2021,Client,154396,165162,718330,247798,895812,1319883,896023,1362057,519115,195570,334377,255683,3803106,3261100
12-01-2021,FII,92504,28963,697133,522591,207160,284255,148469,196679,32304,30669,55527,29316,1344025,981545
12-01-2021,TOTAL,272854,272854,1621501,1621501,1410195,2000796,1410195,2000796,681561,386616,681561,386616,6373523,6373523
12-01-2021,Pro,22872,34951,187838,95978,306391,364309,365703,442060,129875,160333,290342,101617,1171618,1330651
12-01-2021,DII,3082,43778,18200,755134,832,32349,0,0,267,44,1315,0,54774,800227
13-01-2021,DII,3021,44211,17949,760403,832,32380,0,0,267,44,1315,0,54493,805929
13-01-2021,TOTAL,257240,257240,1623381,1623381,1581984,2024132,1581984,2024132,735870,409004,735870,409004,6631611,6631611
13-01-2021,Pro,26290,28338,190900,98048,300000,375501,424105,432195,136930,176602,318405,108548,1206223,1409639
13-01-2021,Client,142908,153098,722910,232896,1014980,1281609,973207,1381880,562581,198645,354437,269790,3923633,3365308
13-01-2021,FII,85021,31593,691622,532034,266172,334642,184672,210057,36092,33713,61713,30666,1447262,1050735
14-01-2021,Client,143698,152437,726605,229884,562684,789097,570118,906124,600340,208345,376777,278200,3030769,2513540
14-01-2021,Pro,22784,27045,195314,97120,196414,274077,251709,283955,139801,182548,331263,115268,1010938,1106360
14-01-2021,FII,88153,33764,688405,536508,173261,256446,111364,161921,37837,33814,68598,31283,1277916,943438
14-01-2021,DII,3129,44518,17688,764500,832,32380,0,0,267,44,1607,0,54340,810625
14-01-2021,TOTAL,257764,257764,1628012,1628012,933191,1352000,933191,1352000,778245,424751,778245,424751,5373963,5373963
15-01-2021,DII,2929,44772,17524,763082,832,30442,0,0,267,44,1807,0,52038,809661
15-01-2021,Client,143887,146089,733065,231616,916832,858107,850572,1026473,652031,204383,398465,289465,3508305,2942680
15-01-2021,FII,83985,40605,682323,544273,203024,296144,158709,178571,40696,34821,75216,31815,1340993,1029189
15-01-2021,TOTAL,255744,255744,1635261,1635261,1401952,1507302,1401952,1507302,833842,437605,833842,437605,6071706,6071706
15-01-2021,Pro,24943,24278,202349,96290,281264,322609,392671,302258,140848,198357,358354,116325,1170370,1290176
18-01-2021,Client,137980,144986,717380,225359,1146003,896721,1026338,1077643,679808,199997,413989,288941,3777889,3177256
18-01-2021,Pro,35416,24830,197971,94299,307140,352914,476913,325292,135249,200164,363266,114522,1228854,1399122
18-01-2021,DII,3329,47107,16663,769218,832,30983,0,0,267,44,1807,0,52118,818132
18-01-2021,FII,79536,39338,688098,531236,207351,307676,158075,185359,41122,35356,77384,32098,1359139,1023490
18-01-2021,TOTAL,256261,256261,1620112,1620112,1661326,1588294,1661326,1588294,856446,435561,856446,435561,6418000,6418000
19-01-2021,TOTAL,258094,258094,1620008,1620008,1485936,1768249,1485936,1768249,833554,436271,833554,436271,6402112,6402112
19-01-2021,FII,86486,42154,690095,522038,226762,295056,153104,194533,42397,36594,74881,33185,1377390,1019895
19-01-2021,Client,136745,144441,724755,215336,993402,1125747,961100,1207234,654972,212636,413663,283410,3848257,3225184
19-01-2021,DII,3329,47187,17432,783444,832,30983,0,0,267,44,1807,0,52887,832438
19-01-2021,Pro,31534,24312,187726,99190,264940,316463,371732,366482,135918,186997,343203,119676,1123578,1324595
20-01-2021,Client,146824,143291,738233,228369,1015637,1194154,972365,1271111,651157,219793,412441,286628,3965798,3314205
20-01-2021,TOTAL,262156,262156,1633311,1633311,1515373,1851818,1515373,1851818,829952,445783,829952,445783,6538393,6538393
20-01-2021,Pro,32835,23832,189381,99084,270830,325216,372938,388525,136842,188933,340895,125689,1144037,1350963
20-01-2021,DII,3329,49730,16920,780489,549,30983,0,0,267,44,1807,0,52092,832026
20-01-2021,FII,79168,45303,688777,525369,228357,301465,170070,192182,41686,37013,74809,33466,1376466,1041199
21-01-2021,DII,3327,49375,16962,776907,549,34395,0,0,267,44,1888,0,55544,828170
21-01-2021,FII,90123,45089,691082,530564,159501,243944,93921,163559,42395,37249,75854,32536,1264294,941523
21-01-2021,Client,127246,144386,725619,210115,552142,686704,534684,799445,628625,211493,399148,279602,2931829,2367380
21-01-2021,Pro,44508,26354,189451,105528,149665,220345,233252,222384,138295,189317,332692,125965,931581,1046175
21-01-2021,TOTAL,265204,265204,1623114,1623114,861857,1185388,861857,1185388,809582,438103,809582,438103,5183248,5183248
22-01-2021,FII,84261,57369,687322,535085,167463,277896,140452,175216,42841,38306,79073,32361,1298089,1019556
22-01-2021,Client,129906,137701,724673,203992,1066219,777093,923820,941701,657536,201339,408940,275011,3556766,2891165
22-01-2021,TOTAL,262342,262342,1625595,1625595,1505363,1380398,1505363,1380398,837356,426512,837356,426512,6037566,6037566
22-01-2021,Pro,44873,24323,196234,108769,271414,300365,441091,263481,136712,186823,346796,119140,1136421,1303600
22-01-2021,DII,3302,42949,17366,777749,267,25044,0,0,267,44,2547,0,46290,823245
25-01-2021,TOTAL,272925,272925,1629900,1629900,1602046,1436842,1602046,1436842,806290,406661,806290,406661,6154664,6154664
25-01-2021,FII,100663,56129,693023,536313,204100,291896,161476,190157,37147,33168,66501,29975,1359997,1040551
25-01-2021,Client,125532,144322,720643,192258,1137987,837750,999396,980759,639438,196358,401708,261093,3657708,2979536
25-01-2021,DII,3302,42716,18490,787349,267,26244,0,0,267,44,2589,0,48614,832654
25-01-2021,Pro,43428,29758,197744,113980,259692,280952,441174,265926,129438,177091,335492,115593,1088345,1301923
27-01-2021,Pro,33129,26979,188241,103699,314709,274565,575848,287218,125955,172910,303310,106737,1109509,1403791
27-01-2021,Client,123171,130569,716661,170117,1402350,841730,1173931,988218,558585,162465,350682,230197,3804962,3043714
27-01-2021,DII,3302,33823,18974,804485,267,26435,0,0,267,0,2589,0,49245,840897
27-01-2021,TOTAL,265504,265504,1600054,1600054,1952341,1457972,1952341,1457972,717783,365353,717783,365353,6359007,6359007
27-01-2021,FII,105902,74133,676178,521753,235015,315242,202562,182536,32976,29978,61202,28419,1395291,1070605
28-01-2021,FII,76900,47402,643353,490185,122564,188953,88995,94724,7789,10524,21263,11989,1050083,754558
28-01-2021,Pro,13047,16885,137054,51237,122287,137290,165209,131786,38905,90479,134882,32270,539062,532269
28-01-2021,TOTAL,208239,208239,1483919,1483919,651355,761424,651355,761424,299156,173659,299156,173659,3577752,3577752
28-01-2021,DII,1163,30223,14891,798849,267,13672,0,0,0,0,0,0,29993,829072
28-01-2021,Client,117129,113729,688621,143648,406237,421509,397151,534914,252462,72656,143011,129400,1958614,1461853
29-01-2021,DII,1013,31367,17075,818524,267,13030,0,0,0,0,0,0,31385,849891
29-01-2021,TOTAL,202739,202739,1512278,1512278,1064901,1005699,1064901,1005699,398082,217285,398082,217285,4400984,4400984
29-01-2021,Pro,14522,20966,145143,60973,217290,201568,294040,199782,50907,108645,176224,41606,738075,793591
29-01-2021,FII,73471,43841,646483,495974,197925,232784,156094,126460,18348,17799,34699,18760,1186810,875828
29-01-2021,Client,113733,106565,703577,136807,649419,558317,614767,679457,328827,90841,187159,156919,2444714,1881674
01-02-2021,FII,85068,28901,671069,506054,228861,308362,201004,213283,21983,20593,36853,23322,1335936,1009417
01-02-2021,DII,6801,36877,16409,809060,267,12483,0,0,0,0,631,0,35960,846568
01-02-2021,Client,118750,114986,705152,148585,652377,1076475,661655,1053837,340559,120311,213944,166496,3013624,2359503
01-02-2021,Pro,13341,43196,144341,73272,266958,310932,285804,441132,68316,110074,179430,61160,913962,1083994
01-02-2021,TOTAL,223960,223960,1536971,1536971,1148463,1708252,1148463,1708252,430858,250978,430858,250978,5299482,5299482
02-02-2021,FII,79104,31746,666007,515193,247951,347654,205491,234355,22478,24787,40448,25748,1387981,1052981
02-02-2021,Pro,19527,31866,153395,83251,283858,366341,371299,513807,87928,122830,208459,77869,1033879,1286551
02-02-2021,DII,6986,42748,17243,800816,267,9853,0,0,0,65,1159,0,34414,844723
02-02-2021,TOTAL,213974,213974,1545826,1545826,1348987,1932528,1348987,1932528,488400,292867,488400,292867,5822582,5822582
02-02-2021,Client,108357,107614,709181,146566,816911,1208680,772197,1184366,377994,145185,238334,189250,3366308,2638327
03-02-2021,TOTAL,228398,228398,1566938,1566938,1414881,2118056,1414881,2118056,539482,325050,539482,325050,6192805,6192805
03-02-2021,DII,7025,42429,20786,799255,267,9853,0,0,0,65,1928,0,37996,843612
03-02-2021,Pro,19767,35214,162610,85152,306344,378345,380723,565495,101182,130716,229006,90537,1098964,1386127
03-02-2021,Client,120648,116971,720891,161394,872952,1395878,845808,1308874,413562,167113,263916,205942,3691044,2902905
03-02-2021,FII,80958,33784,662651,521137,235318,333980,188350,243687,24738,27156,44632,28571,1364801,1060161
04-02-2021,TOTAL,238416,238416,1603382,1603382,758067,1150579,758067,1150579,596204,357658,596204,357658,4704306,4704306
04-02-2021,Pro,25073,27786,170286,90660,152598,200921,193487,255286,112345,142404,252632,102462,803627,922313
04-02-2021,Client,128925,122745,741456,194818,447516,680863,457343,735419,456548,186334,293022,224735,2641642,2028082
04-02-2021,FII,78402,45464,669932,520634,157686,258942,107237,159874,27311,28765,47372,30461,1221038,911042
04-02-2021,DII,6016,42421,21708,797270,267,9853,0,0,0,155,3178,0,37999,842869
05-02-2021,Client,139545,125162,742216,205134,676170,867045,677679,935347,496703,199907,312279,245879,3121586,2501480
05-02-2021,Pro,24635,26392,181217,95420,236266,298637,306391,343981,118557,156415,277944,110834,1015727,1160962
05-02-2021,DII,1601,42421,23347,794580,267,9853,0,0,0,216,3649,0,35284,840650
05-02-2021,FII,74996,46802,671723,523369,202599,299876,131232,196083,30668,32053,52056,31878,1311915,981420
05-02-2021,TOTAL,240777,240777,1618503,1618503,1115302,1475411,1115302,1475411,645928,388591,645928,388591,5484512,5484512
08-02-2021,TOTAL,234547,234547,1628282,1628282,1295746,1705876,1295746,1705876,689591,408288,689591,408288,5962330,5962330
08-02-2021,DII,1277,41228,24207,801552,267,8653,0,0,0,216,4510,0,34620,847290
08-02-2021,Pro,24327,25015,184442,99594,302626,327035,374297,384202,127885,157657,289817,119412,1123972,1292337
08-02-2021,Client,133776,126345,741289,206867,788697,1047328,768681,1092928,526373,215138,338980,254404,3452601,2788205
08-02-2021,FII,75167,41959,678344,520269,204156,322860,152768,228746,35333,35277,56284,34472,1351137,1034498
09-02-2021,FII,76392,39707,679701,519076,224727,328958,170864,242248,38267,36900,60686,35987,1384945,1068568
09-02-2021,DII,881,41228,23895,803008,267,8653,0,0,0,216,4832,0,33912,849068
09-02-2021,Pro,25769,25501,186301,102971,308993,333933,399728,386684,133327,162615,297097,124237,1150938,1336218
09-02-2021,TOTAL,234626,234626,1632199,1632199,1429749,1778228,1429749,1778228,719275,422754,719275,422754,6216831,6216831
09-02-2021,Client,131584,128190,742302,207144,895762,1106684,859157,1149296,547681,223023,356660,262530,3647036,2962977
10-02-2021,DII,868,41812,22704,803690,267,8653,0,0,0,216,4832,0,32708,850334
10-02-2021,FII,76454,39075,679198,523492,248732,346224,182868,249764,38847,38372,64096,37267,1427827,1096562
10-02-2021,Pro,25539,24697,187248,103154,315380,315388,448426,387336,132010,166673,303134,125931,1142238,1392678
10-02-2021,TOTAL,231687,231687,1633525,1633525,1622525,1831094,1622525,1831094,747586,433606,747586,433606,6500023,6500023
10-02-2021,Client,128826,126103,744375,203189,1058146,1160829,991231,1193994,576729,228345,375524,270408,3897250,3160449
11-02-2021,DII,837,42040,21574,800360,267,8653,0,0,0,216,6242,0,31547,848642
11-02-2021,Pro,26496,25996,187948,105816,171288,202625,214230,237557,133517,167915,309885,131859,889789,1025343
11-02-2021,TOTAL,237418,237418,1646686,1646686,857365,1185989,857365,1185989,773875,448619,773875,448619,5149952,5149952
11-02-2021,Client,131402,128577,751539,211139,499202,687045,520622,755610,598735,240180,389853,276989,2908103,2282790
11-02-2021,FII,78683,40805,685625,529371,186608,287666,122513,192822,41623,40308,67895,39771,1320513,993177
12-02-2021,Pro,29161,26130,192527,102133,251219,270873,290073,291154,135478,177959,332048,137348,1057217,1178886
12-02-2021,TOTAL,246782,246782,1650530,1650530,1141062,1452730,1141062,1452730,818105,462546,818105,462546,5771755,5771755
12-02-2021,DII,823,41735,22313,801610,267,8653,0,0,0,216,6791,0,32272,850136
12-02-2021,FII,78688,48156,686329,531784,204442,305364,160363,216548,43176,41058,71743,40131,1359057,1068725
12-02-2021,Client,138110,130761,749361,215003,685134,867840,690626,945028,639451,243313,407523,285067,3323209,2674008
15-02-2021,TOTAL,258737,258737,1659405,1659405,1149822,1806746,1149822,1806746,818115,470656,818115,470656,6163481,6163481
15-02-2021,Pro,27270,32034,191409,104072,272748,341428,303147,413940,141590,176926,328197,142351,1151371,1323741
15-02-2021,DII,1223,41735,21848,802974,267,8653,0,0,0,216,7241,0,32207,851950
15-02-2021,FII,85467,49484,692847,536580,223471,324917,159325,243777,44851,40527,70898,40180,1412080,1100244
15-02-2021,Client,144777,135484,753301,215779,653336,1131748,687350,1149029,631674,252987,411779,288125,3567823,2887546
16-02-2021,TOTAL,247339,247339,1657651,1657651,1507572,1763585,1507572,1763585,827920,466710,827920,466710,6470777,6470777
16-02-2021,FII,80442,50451,689246,537081,263802,358818,193421,251183,45602,42305,73078,39593,1480215,1144807
16-02-2021,Pro,29737,27708,190708,107170,318304,325784,423911,363003,138294,177693,324774,137539,1180520,1384105
16-02-2021,Client,135945,127493,755814,203757,925199,1070330,890240,1149399,644024,246496,422822,289578,3777808,3083289
16-02-2021,DII,1215,41687,21883,809643,267,8653,0,0,0,216,7246,0,32234,858576
17-02-2021,TOTAL,245176,245176,1668102,1668102,1698781,1843859,1698781,1843859,844517,469058,844517,469058,6769493,6769493
17-02-2021,FII,74848,45841,689605,540905,273674,365159,210618,248916,46320,42587,74890,39874,1492193,1161044
17-02-2021,Client,139064,129754,762068,205055,1100902,1123376,1012515,1199293,660706,246070,430031,291483,4032186,3268131
17-02-2021,DII,1217,41655,22753,811645,267,9487,0,0,0,216,7251,0,33940,860551
17-02-2021,Pro,30047,27926,193676,110497,323938,345837,475648,395650,137491,180185,332345,137701,1211174,1479767
18-02-2021,DII,1609,43338,23204,811990,1467,9487,0,0,0,216,7256,0,35983,862584
18-02-2021,Pro,30353,25607,198966,109724,194018,206179,274596,222589,138838,186067,341323,138541,954421,1112380
18-02-2021,FII,78261,50276,685721,548900,181053,292102,114207,188638,48407,43740,77608,39327,1329284,1018956
18-02-2021,Client,137904,128906,770709,207986,606189,672976,593924,769517,673014,237780,434072,289935,3098572,2424340
18-02-2021,TOTAL,248127,248127,1678600,1678600,982727,1180744,982727,1180744,860259,467803,860259,467803,5418260,5418260
19-02-2021,Client,131739,123660,760684,196167,872199,760978,830694,888467,648938,217558,422170,276043,3392096,2737201
19-02-2021,FII,78525,50293,687087,546261,228722,345213,149971,218413,48348,42911,76180,37742,1430806,1078860
19-02-2021,Pro,35779,28326,200898,118251,235206,255022,355729,264445,143112,184338,334792,131238,1054355,1232781
19-02-2021,TOTAL,247656,247656,1671743,1671743,1336394,1371325,1336394,1371325,840398,445023,840398,445023,5912539,5912539
19-02-2021,DII,1613,45377,23074,811064,267,10112,0,0,0,216,7256,0,35282,863697
22-02-2021,DII,887,46035,21766,814209,267,12914,0,0,0,216,7256,0,36050,867500
22-02-2021,TOTAL,240287,240287,1686469,1686469,1663660,1448238,1663660,1448238,845088,435871,845088,435871,6319613,6319613
22-02-2021,Pro,28193,29610,209275,122657,278236,259619,459044,291402,145510,184403,345257,130491,1105236,1378461
22-02-2021,Client,127052,117813,758833,193556,1125281,793586,1035997,927746,655650,206322,420241,267262,3666724,2962615
22-02-2021,FII,84155,46829,696595,556047,259876,382119,168619,229090,43928,44930,72334,38118,1511603,1111037
23-02-2021,Client,130732,115347,759804,189124,1164903,904192,1092205,1034106,613051,209478,405121,265232,3782160,3101135
23-02-2021,Pro,26116,32131,202760,118516,293051,277325,472185,319258,145097,182696,325828,133285,1127045,1401203
23-02-2021,FII,84354,48536,701992,558187,292389,403039,186220,244207,43082,45825,63030,39698,1570681,1139878
23-02-2021,DII,835,46023,22051,820780,267,13015,0,0,0,216,7251,0,36384,874054
23-02-2021,TOTAL,242037,242037,1686607,1686607,1750610,1597571,1750610,1597571,801230,438215,801230,438215,6516270,6516270
24-02-2021,FII,92727,51994,693003,551753,292526,408243,178728,271985,40218,43891,57681,38462,1570608,1150603
24-02-2021,TOTAL,249081,249081,1671120,1671120,1451970,1876035,1451970,1876035,718097,421365,718097,421365,6387668,6387668
24-02-2021,Pro,32155,34567,193492,121064,279173,285820,374268,407223,151270,181452,291497,131400,1123362,1360019
24-02-2021,DII,851,46145,23471,825438,267,13415,0,0,0,216,7371,0,38220,878954
24-02-2021,Client,123348,116375,761154,172865,880004,1168557,898974,1196827,526609,195806,361548,251503,3655478,2998092
25-02-2021,DII,851,42437,20413,809360,267,10857,0,0,0,0,685,0,32388,852482
25-02-2021,FII,93004,28923,622674,523841,125720,222356,83234,105203,12884,15774,20951,15569,1092412,777721
25-02-2021,Client,84957,103671,727312,122925,509646,523451,495953,632728,272949,81232,167745,136876,2199547,1659898
25-02-2021,Pro,16930,20711,150224,64497,146804,163806,203250,182539,51832,94409,148284,38970,624005,658251
25-02-2021,TOTAL,195742,195742,1520623,1520623,782437,920470,782437,920470,337665,191415,337665,191415,3948352,3948352
26-02-2021,TOTAL,240606,240606,1591763,1591763,1423192,1128309,1423192,1128309,462866,255440,462866,255440,5102176,5102176
26-02-2021,DII,513,33571,21402,822726,267,12740,0,0,0,0,6132,0,34922,862429
26-02-2021,Client,133765,123838,757077,147676,967922,593856,870424,754000,381611,101583,213954,182654,2935814,2292546
26-02-2021,FII,83407,54196,640623,545394,182622,284030,142738,134394,21199,22822,32177,22608,1234703,931507
26-02-2021,Pro,22921,29001,172661,75967,272381,237683,410030,239915,60056,131035,210603,50178,896737,1015694
01-03-2021,TOTAL,236670,236670,1595874,1595874,1531552,1387692,1531552,1387692,509167,279587,509167,279587,5540542,5540542
01-03-2021,DII,584,34291,23298,827409,267,12740,0,0,0,0,7394,0,36889,869094
01-03-2021,Pro,27321,29184,176263,78439,310605,292811,419313,310671,70472,136958,220055,58866,1014430,1116528
01-03-2021,FII,82434,40107,645420,540143,198308,291494,147444,157139,24749,24771,33407,24273,1267176,942513
01-03-2021,Client,126331,133088,750893,149883,1022372,790647,964795,919882,413946,117858,248311,196448,3222047,2612407
02-03-2021,FII,76501,52118,651631,529038,200012,300643,148787,182004,27384,27376,35265,26314,1283547,973526
02-03-2021,Client,144607,131637,756018,173179,1057699,941245,1026153,1043753,427272,129405,267172,207051,3456246,2848945
02-03-2021,TOTAL,248101,248101,1615474,1615474,1606907,1589526,1606907,1589526,534047,297960,534047,297960,5892015,5892015
02-03-2021,Pro,26411,30936,181188,82119,348929,336578,431967,363769,79391,141179,222812,64595,1113676,1196198
02-03-2021,DII,582,33410,26637,831138,267,11060,0,0,0,0,8798,0,38546,873346
03-03-2021,Pro,20524,31404,175905,87099,340319,360474,395410,491920,94192,140117,220419,74403,1131531,1300655
03-03-2021,TOTAL,250457,250457,1609790,1609790,1541198,1990332,1541198,1990332,546307,317743,546307,317743,6255827,6255827
03-03-2021,DII,582,35730,28474,828959,267,11885,0,0,0,0,10197,0,41208,874886
03-03-2021,Client,149089,140421,755497,175059,958073,1262901,970701,1265255,420405,147068,278240,214113,3693033,3043789
03-03-2021,FII,80262,42902,649914,518673,242539,355072,175087,233157,31710,30558,37451,29227,1390055,1036497
04-03-2021,Pro,21854,38566,187559,86065,169956,191706,222885,226161,94461,153515,251615,77620,819051,902912
04-03-2021,DII,579,44669,29033,820270,267,11885,0,0,0,0,12099,0,41764,877038
04-03-2021,TOTAL,288731,288731,1637692,1637692,886635,1072362,886635,1072362,609651,335918,609651,335918,4830989,4830989
04-03-2021,FII,76465,59600,642828,525731,161940,282217,109077,144952,33746,32435,41895,30165,1229631,911420
04-03-2021,Client,189833,145896,778272,205626,554472,586554,554673,701249,481444,149968,304042,228133,2740543,2139619
05-03-2021,Client,197608,159787,766447,217158,928189,754703,893141,908575,546261,150127,330611,242099,3343335,2751371
05-03-2021,FII,81532,63472,644246,523552,197977,311234,152684,165045,35662,33937,45777,31282,1304588,981812
05-03-2021,DII,579,43788,29110,814545,267,11710,0,0,0,0,12619,0,41666,870952
05-03-2021,TOTAL,302524,302524,1636505,1636505,1411266,1357010,1411266,1357010,677356,352962,677356,352962,5737623,5737623
05-03-2021,Pro,22805,35477,196702,81250,284833,279363,365441,283390,95433,168898,288349,79581,1048034,1133488
08-03-2021,Pro,28212,34655,197379,84193,348136,351329,480127,344420,100079,171119,294513,83189,1196254,1321097
08-03-2021,Client,200411,160226,773989,221816,1190991,915209,1107915,1080765,571357,158835,352372,249922,3810792,3173016
08-03-2021,FII,78013,67065,645484,523920,215155,330985,166507,185548,36673,34968,47953,31811,1341278,1022804
08-03-2021,DII,598,45288,31518,818441,267,13210,0,0,0,0,13271,0,45593,877000
08-03-2021,TOTAL,307234,307234,1648370,1648370,1754549,1610733,1754549,1610733,708109,364922,708109,364922,6393917,6393917
09-03-2021,FII,80477,52939,644524,540073,267985,344518,192936,189728,37529,35599,48883,33111,1410632,1057670
09-03-2021,Client,190919,156939,777248,205209,1136590,1059946,1095979,1164073,587200,163896,365363,256184,3915799,3243747
09-03-2021,DII,613,48187,29574,822299,267,13210,0,0,0,0,12868,0,43664,883354
09-03-2021,Pro,22000,35944,202509,86274,325041,338043,440968,401916,104164,177088,301779,87288,1168845,1354169
09-03-2021,TOTAL,294009,294009,1653855,1653855,1729883,1755717,1729883,1755717,728893,376583,728893,376583,6538940,6538940
10-03-2021,DII,635,51037,29233,823484,267,13210,0,0,0,0,12768,0,43345,887289
10-03-2021,TOTAL,290892,290892,1647157,1647157,933471,1155774,933471,1155774,746406,383536,746406,383536,5157236,5157236
10-03-2021,FII,78999,50842,636446,537606,183937,294820,109073,155441,38967,36354,50463,33944,1269523,937369
10-03-2021,Pro,21959,30880,200412,88433,177481,222964,219227,249143,106564,173239,307404,90586,902619,985673
10-03-2021,Client,189299,158133,781066,197634,571786,624780,605171,751190,600875,173943,375771,259006,2941749,2346905
12-03-2021,FII,74680,52704,623680,541140,251401,356231,193935,184890,37911,37183,51417,33860,1381086,1057946
12-03-2021,DII,690,49740,30893,819826,267,13210,0,0,0,0,12769,0,45060,882335
12-03-2021,TOTAL,310206,310206,1640657,1640657,1598648,1423533,1598648,1423533,779021,393186,779021,393186,6145251,6145251
12-03-2021,Pro,33555,34160,202992,85660,299652,311322,415789,297786,105437,183992,319082,91983,1136950,1244460
12-03-2021,Client,201281,173602,783092,194031,1047328,742770,988924,940857,635673,172011,395753,267343,3582155,2960510
15-03-2021,TOTAL,300992,300992,1637502,1637502,1793494,1505883,1793494,1505883,793984,393165,793984,393165,6425020,6425020
15-03-2021,Client,201593,162953,790942,185343,1200314,801430,1110871,994541,653512,171950,405957,264113,3819741,3123778
15-03-2021,DII,690,44793,31178,824147,267,13304,0,0,0,0,12924,0,45439,881864
15-03-2021,FII,72307,55522,615636,541213,282308,372624,219963,181260,38431,37973,52556,35765,1419279,1086279
15-03-2021,Pro,26402,37724,199746,86799,310605,318525,462660,330082,102041,183242,322547,93287,1140561,1333099
16-03-2021,Pro,28363,31743,194456,86369,348794,313263,533604,324966,102920,179192,319950,96325,1166988,1392957
16-03-2021,Client,197172,168662,790294,181365,1348879,857249,1229774,1042626,660481,179282,413837,263665,4033357,3299929
16-03-2021,TOTAL,299927,299927,1632344,1632344,1988802,1557578,1988802,1557578,803155,396670,803155,396670,6678476,6678476
16-03-2021,DII,696,44829,32332,827539,267,13288,0,0,0,0,13772,0,46583,886140
16-03-2021,FII,73696,54693,615262,537071,290862,373778,225424,189986,39754,38196,55596,36680,1431548,1099450
17-03-2021,Pro,23692,31868,192857,87087,353864,322279,575959,325134,99890,182939,325808,91977,1175521,1437833
17-03-2021,DII,696,37529,32138,834256,267,14888,0,0,0,0,12899,0,47989,884684
17-03-2021,Client,196533,170128,783958,165296,1465328,823779,1306745,1029525,674318,169298,415932,261530,4113214,3349156
17-03-2021,TOTAL,296198,296198,1620449,1620449,2130801,1535144,2130801,1535144,811429,389486,811429,389486,6783507,6783507
17-03-2021,FII,75277,56673,611496,533810,311342,374198,248097,180485,37221,37249,56790,35979,1446783,1111834
18-03-2021,Client,194924,175505,765121,151029,720606,559162,691903,742179,654865,156250,399909,252933,3050928,2413458
18-03-2021,FII,77376,56039,614844,529211,183269,314216,127261,141300,38729,36594,56979,35165,1265028,945955
18-03-2021,Pro,28591,33545,190210,87688,198230,212318,283208,215395,100397,182645,324048,87391,912391,1031275
18-03-2021,DII,696,36498,32466,834713,267,13178,0,0,0,0,13055,0,46607,884266
18-03-2021,TOTAL,301587,301587,1602641,1602641,1102372,1098874,1102372,1098874,793991,375489,793991,375489,5274954,5274954
19-03-2021,Client,192430,171145,750667,154863,792197,791634,822740,926949,603726,172775,379398,246258,3303429,2701353
19-03-2021,DII,674,36660,30459,833615,267,13178,0,0,0,0,13459,0,44578,883734
19-03-2021,TOTAL,296952,296952,1594987,1594987,1309697,1411609,1309697,1411609,751503,378437,751503,378437,5743185,5743185
19-03-2021,Pro,24639,43655,184919,86858,290107,248544,327128,297017,107376,168110,302546,95089,1023695,1152293
19-03-2021,FII,79209,45492,628942,519651,227126,358253,159829,187643,40401,37552,56100,37090,1371483,1005805
22-03-2021,Pro,25354,52027,189722,90864,323197,275257,404683,332456,112607,165157,311266,100200,1091294,1291496
22-03-2021,Client,203150,170772,752560,156796,1044801,884304,1029217,1026173,607783,177615,378924,246194,3670213,3008076
22-03-2021,FII,82180,49345,626522,513813,260861,386292,195226,200402,38060,36695,54793,33073,1430610,1046652
22-03-2021,TOTAL,311358,311358,1599218,1599218,1629126,1559031,1629126,1559031,758450,379467,758450,379467,6236650,6236650
22-03-2021,DII,674,39214,30414,837745,267,13178,0,0,0,0,13467,0,44533,890426
23-03-2021,Client,199305,162629,749603,147241,961643,1031713,990123,1134253,566488,177630,362454,239448,3686382,3036148
23-03-2021,DII,674,39188,29968,840229,267,13178,0,0,0,0,13464,0,44087,892881
23-03-2021,Pro,23188,59954,184230,90066,331373,318241,374751,413348,111748,159468,286660,100186,1128248,1324965
23-03-2021,TOTAL,306422,306422,1582091,1582091,1571745,1767826,1571745,1767826,715842,372783,715842,372783,6316709,6316709
23-03-2021,FII,83255,44651,618290,504555,278462,404694,206871,220225,37606,35685,53264,33149,1457992,1062715
24-03-2021,TOTAL,303788,303788,1564239,1564239,1957123,1654413,1957123,1654413,664802,359266,664802,359266,6503631,6503631
24-03-2021,Pro,22904,42283,183716,85001,356434,306450,543293,358578,111829,170504,274615,93196,1151837,1396966
24-03-2021,DII,676,33999,29186,840640,267,10264,0,0,0,0,13457,0,40393,888096
24-03-2021,FII,80977,59068,603776,497375,299327,420519,224977,211495,33144,33659,47429,31915,1471402,1072259
24-03-2021,Client,199231,168438,747561,141223,1301095,917180,1188853,1084340,519829,155103,329301,234155,3839999,3146310
25-03-2021,DII,693,26145,19630,844331,267,7175,0,0,0,0,0,0,27765,870476
25-03-2021,Pro,20739,26862,143101,62137,176729,172980,227079,164269,42960,102967,127167,34303,659476,641817
25-03-2021,TOTAL,249547,249547,1459724,1459724,842597,874233,842597,874233,269648,196116,269648,196116,3891865,3891865
25-03-2021,Client,161408,156419,709781,98599,528460,450890,524076,599861,215924,77818,125886,147952,2144281,1652793
25-03-2021,FII,66707,40121,587212,454657,137141,243188,91442,110103,10764,15331,16595,13861,1060343,726779
26-03-2021,DII,1358,28158,19992,858692,267,7175,0,0,0,11,928,0,28803,887778
26-03-2021,Client,155361,164029,718970,103431,703825,687280,741328,821640,258349,96387,157911,159670,2620172,2148009
26-03-2021,Pro,21659,32212,150272,62525,291430,263875,307848,255951,60369,110417,152793,45831,898022,857160
26-03-2021,FII,78756,32735,594845,459431,178765,269995,125111,150734,18275,20824,25361,22138,1161460,815510
26-03-2021,TOTAL,257134,257134,1484079,1484079,1174287,1228325,1174287,1228325,336993,227639,336993,227639,4708457,4708457
30-03-2021,FII,81529,25261,618491,457393,184368,270355,123556,173869,21168,23960,28312,23153,1199871,831544
30-03-2021,Pro,20051,32548,152067,66454,347825,347754,364726,385918,70735,107101,157708,52298,1045533,1059652
30-03-2021,Client,161302,178558,714053,111116,784942,964162,829120,1029659,273640,108798,177250,164419,3006897,2490122
30-03-2021,TOTAL,264280,264280,1505607,1505607,1317402,1589446,1317402,1589446,365543,239870,365543,239870,5282148,5282148
30-03-2021,DII,1398,27913,20996,870644,267,7175,0,0,0,11,2273,0,29847,900830
31-03-2021,TOTAL,299736,299736,1607255,1607255,1774298,1735961,1774298,1735961,420028,269673,420028,269673,6106951,6106951
31-03-2021,Client,198840,195719,830764,202386,1165789,1029444,1107702,1172812,326394,127325,212396,188108,3678556,3079123
31-03-2021,Pro,26669,28422,156774,69445,349986,362662,452561,381384,71660,117096,174714,56090,1084847,1162616
31-03-2021,DII,1358,26300,20104,863107,267,7362,0,0,0,11,2297,0,29102,891704
31-03-2021,FII,72869,49295,599613,472317,258256,336493,214035,181765,21974,25241,30621,25475,1314446,973508
01-04-2021,Pro,16950,25853,155274,73867,177626,173623,188484,177305,83704,116117,176864,64313,723294,706686
01-04-2021,TOTAL,253514,253514,1622162,1622162,808085,980019,808085,980019,452544,285356,452544,285356,4401680,4401680
01-04-2021,FII,72655,44544,597049,475495,157004,251597,102163,119736,25602,28102,34749,28095,1132009,804782
01-04-2021,DII,1358,26330,20195,868475,267,7362,0,0,0,11,13418,0,29193,908223
01-04-2021,Client,162551,156787,849644,204325,473188,547437,517438,682978,343238,141126,227513,192948,2517184,1981989
05-04-2021,Client,162145,151522,860717,211823,948528,707289,902683,859733,395962,144208,248152,211363,3218849,2585276
05-04-2021,FII,65907,55237,589714,492272,207884,286204,162853,146506,28651,30665,37817,30248,1209025,924933
05-04-2021,DII,688,22461,19411,859633,267,7362,0,0,0,9,17105,0,27737,899199
05-04-2021,TOTAL,248602,248602,1632955,1632955,1446654,1251155,1446654,1251155,505733,306057,505733,306057,5391156,5391156
05-04-2021,Pro,19862,19382,163113,69227,289975,250300,381118,244916,81120,131175,202659,64446,935545,981748
06-04-2021,Pro,16407,20920,167671,74038,333177,302480,448331,311068,87133,134710,212524,71241,1041578,1138122
06-04-2021,DII,688,23170,18803,863339,267,7362,0,0,0,9,17548,0,27129,904057
06-04-2021,FII,65940,52397,586829,489983,246860,318301,185316,171201,30837,32034,39955,31126,1280801,969978
06-04-2021,TOTAL,240481,240481,1646198,1646198,1651829,1485485,1651829,1485485,540860,326489,540860,326489,5891342,5891342
06-04-2021,Client,157446,143994,872895,218838,1071525,857342,1018182,1003216,422890,159736,270833,224122,3541834,2879185
07-04-2021,DII,688,26955,20066,864724,267,7175,0,0,0,9,22120,0,28205,913799
07-04-2021,Pro,15326,23952,163405,77769,352500,383843,431210,475637,95727,133335,212145,76173,1144136,1296886
07-04-2021,FII,61990,42114,589303,483519,248694,325920,179891,193762,33885,33395,43074,32979,1293187,975339
07-04-2021,Client,160074,145057,872360,219122,1049557,1171413,1039917,1218952,432269,169528,284542,227115,3855201,3134705
07-04-2021,TOTAL,238078,238078,1645134,1645134,1651018,1888351,1651018,1888351,561881,336267,561881,336267,6320729,6320729
08-04-2021,Client,147861,136853,876923,219857,556452,601868,570710,738738,458839,179730,296018,235429,2821673,2197605
08-04-2021,DII,688,27775,21144,865896,267,7728,0,0,0,3,27665,0,29830,921336
08-04-2021,TOTAL,227912,227912,1651746,1651746,891036,1064676,891036,1064676,595952,355268,595952,355268,4786590,4786590
08-04-2021,FII,62459,40184,587118,482995,154913,271626,103199,130186,35334,35184,45890,34568,1146634,837022
08-04-2021,Pro,16904,23100,166561,82998,179404,183454,217127,195752,101779,140351,226379,85271,788453,830627
09-04-2021,TOTAL,241357,241357,1683528,1683528,1306339,1378298,1306339,1378298,661001,374272,661001,374272,5644795,5644795
09-04-2021,Pro,18381,29080,179078,88833,284025,285400,318460,278622,107165,152381,260464,90796,1026430,1066255
09-04-2021,Client,158840,136419,896238,240444,828272,779504,847154,950874,515684,184419,320285,247288,3362957,2742464
09-04-2021,DII,687,29108,22965,869637,267,7728,0,0,222,3,29540,0,31872,928285
09-04-2021,FII,63449,46750,585247,484614,193775,305666,140725,148802,37930,37469,50712,36188,1223536,907791
12-04-2021,DII,697,29519,21716,866686,267,10653,0,0,222,3,30040,0,33558,926245
12-04-2021,Client,158648,131349,863102,226881,1271999,727669,1139870,904545,577757,171284,340600,253995,3770459,2997240
12-04-2021,Pro,24314,22572,190471,77184,344316,287839,533963,289485,108262,179011,297859,95481,1134213,1316544
12-04-2021,TOTAL,244571,244571,1669448,1669448,1841826,1346312,1841826,1346312,727354,389142,727354,389142,6218653,6218653
12-04-2021,FII,60912,61131,594159,498697,225244,320151,167993,152282,41113,38844,58855,39666,1280423,978624
13-04-2021,DII,697,33960,22159,872661,267,10693,0,0,222,3,28220,0,34041,934841
13-04-2021,Client,150938,125886,852720,217848,1047750,1072481,1044220,1150716,576049,188620,352897,254955,3888558,3146522
13-04-2021,FII,69149,49933,606519,496955,241466,346293,160017,212730,46191,40029,61447,41801,1349647,1022883
13-04-2021,TOTAL,234446,234446,1660354,1660354,1642943,1794765,1642943,1794765,735046,401561,735046,401561,6469115,6469115
13-04-2021,Pro,13662,24667,178956,72890,353460,365298,438706,431319,112584,172909,292482,104805,1196869,1364869
15-04-2021,FII,78762,46385,604339,499806,186851,305132,116127,162256,47184,41081,64341,44507,1263349,933422
15-04-2021,TOTAL,243301,243301,1666589,1666589,938770,1183716,938770,1183716,756869,411585,756869,411585,5200830,5200830
15-04-2021,Pro,14311,30589,178277,70806,204457,216831,232823,247429,111361,170894,298880,108572,896131,989099
15-04-2021,DII,695,41822,24796,876207,267,23303,0,0,159,0,29871,0,49220,947900
15-04-2021,Client,149533,124505,859177,219770,547195,638450,589820,774031,598165,199610,363777,258506,2992130,2330409
16-04-2021,DII,695,46246,26944,881415,267,23303,0,0,159,0,32836,0,51368,960497
16-04-2021,Client,148411,125052,861098,222819,733609,835798,794637,989667,609149,221410,375955,266311,3409475,2774441
16-04-2021,Pro,14911,23874,179099,74443,267439,283353,299323,300689,122321,169369,303226,121286,1036492,1122841
16-04-2021,TOTAL,252146,252146,1678038,1678038,1235371,1488440,1235371,1488440,781064,432925,781064,432925,5867984,5867984
16-04-2021,FII,88129,56974,610897,499361,234056,345986,141411,198084,49435,42146,69047,45328,1370649,1010205
19-04-2021,Pro,14279,24892,183536,72888,331197,356653,393713,393935,116558,175881,313178,118848,1178104,1317454
19-04-2021,Client,137840,114870,855784,224263,945788,953815,973010,1087033,642249,211649,391177,267849,3747125,3058202
19-04-2021,DII,631,40206,27468,885077,267,23703,0,0,159,0,33506,0,52228,958789
19-04-2021,FII,81877,54659,616015,500575,261884,384483,172413,237686,50813,43768,71918,44601,1438840,1081852
19-04-2021,TOTAL,234627,234627,1682803,1682803,1539136,1718654,1539136,1718654,809779,431298,809779,431298,6416297,6416297
20-04-2021,TOTAL,239706,239706,1686698,1686698,1763082,1711547,1763082,1711547,821049,438940,821049,438940,6661022,6661022
20-04-2021,Pro,17071,22400,182710,68902,335935,329275,466664,342814,121369,175773,314175,122331,1162133,1337286
20-04-2021,DII,630,45913,27918,889554,267,23142,0,0,159,0,33256,0,52116,968723
20-04-2021,Client,143069,123689,859574,224324,1179520,976597,1111592,1135929,646791,217191,399547,269695,4022742,3264776
20-04-2021,FII,78936,47704,616496,503918,247360,382533,184826,232804,52730,45976,74071,46914,1424031,1090237
22-04-2021,DII,1630,46054,29258,889556,267,25041,0,0,159,0,33456,0,56355,969066
22-04-2021,FII,72806,37093,631389,507205,199836,309520,104667,173044,54421,46894,74353,47740,1314866,944102
22-04-2021,Client,154429,122490,866025,236849,562082,695672,643755,814337,634840,233536,400927,272281,3146584,2490639
22-04-2021,Pro,14187,37415,181306,74368,211405,203930,225168,246782,126784,169819,307468,130228,907431,1021429
22-04-2021,TOTAL,243052,243052,1707978,1707978,973590,1234163,973590,1234163,816204,450249,816204,450249,5425236,5425236
23-04-2021,DII,1630,49201,30026,894424,267,25041,0,0,121,0,33456,0,57085,977081
23-04-2021,Client,149717,118258,857529,239591,732817,859255,821545,980444,620595,230663,396874,267665,3450576,2824377
23-04-2021,FII,75831,42585,644115,503136,241978,318276,134144,192118,53907,47613,73776,47256,1381720,993015
23-04-2021,TOTAL,243417,243417,1713119,1713119,1251126,1490019,1251126,1490019,802254,444121,802254,444121,5944056,5944056
23-04-2021,Pro,16239,33373,181449,75968,276064,287447,295437,317457,127631,165845,298148,129200,1054675,1149583
26-04-2021,TOTAL,260742,260742,1733131,1733131,1371619,1765186,1371619,1765186,779345,446210,779345,446210,6356233,6356233
26-04-2021,FII,83368,38641,658281,507792,268399,348619,149539,225483,51477,47550,71172,46109,1457694,1038736
26-04-2021,Client,160079,126845,860789,242065,797167,1071528,897165,1155015,596163,237007,384713,264416,3722733,3070219
26-04-2021,Pro,15665,43510,179889,84610,305786,319378,324915,384688,131584,161653,290222,135685,1113955,1263630
26-04-2021,DII,1630,51746,34172,898664,267,25661,0,0,121,0,33238,0,61851,983648
27-04-2021,FII,87373,43121,676507,512741,291265,369808,152552,245249,48336,45947,67386,45978,1519236,1067027
27-04-2021,Pro,17197,44344,181474,96940,335209,329774,344751,453067,138129,161705,275359,143459,1163488,1357920
27-04-2021,Client,168403,134453,871075,253417,785891,1273609,915329,1298315,554690,243771,368842,261986,3897439,3232342
27-04-2021,TOTAL,274317,274317,1767331,1767331,1412632,1996631,1412632,1996631,741155,451423,741155,451423,6643489,6643489
27-04-2021,DII,1344,52399,38275,904233,267,23440,0,0,0,0,29568,0,63326,986200
28-04-2021,Client,172005,158813,859837,257897,855888,1474993,924075,1415256,485299,225365,329563,247421,4073387,3333025
28-04-2021,TOTAL,290965,290965,1766219,1766219,1465013,2242999,1465013,2242999,672428,436164,672428,436164,6873788,6873788
28-04-2021,FII,95886,48577,688986,507890,296509,407909,169102,288955,43491,43827,60648,44730,1576608,1119902
28-04-2021,Pro,21720,36896,172694,95629,312349,334897,371836,538788,143638,166972,253015,144013,1152270,1440177
28-04-2021,DII,1354,46679,44702,904803,267,25200,0,0,0,0,29202,0,71523,980684
29-04-2021,TOTAL,192669,192669,1506131,1506131,689171,930008,689171,930008,287738,193508,287738,193508,3799225,3799225
29-04-2021,Pro,11629,19608,137507,56233,116058,141803,148167,168596,51501,87913,120503,44799,546411,557906
29-04-2021,DII,1183,39699,24209,873518,267,20126,0,0,0,0,3634,0,45785,916851
29-04-2021,FII,73637,20710,622015,433696,150276,223800,87161,125741,12705,15507,17802,16317,1097940,701427
29-04-2021,Client,106220,112652,722400,142684,422570,544279,453843,635671,223532,90088,145799,132392,2109089,1623041
30-04-2021,Client,117887,103790,900217,196321,751800,643429,753186,800512,373252,139107,226244,198165,2925692,2278218
30-04-2021,FII,64958,40692,764474,527412,220960,273039,143517,147212,22040,25383,34395,27553,1370854,920781
30-04-2021,TOTAL,199637,199637,1882835,1882835,1184833,1169590,1184833,1169590,473326,297070,473326,297070,5207291,5207291
30-04-2021,Pro,13890,19724,184279,74289,211806,232761,288130,221866,78034,132580,201909,71352,853350,877270
30-04-2021,DII,2902,35431,33865,1084813,267,20361,0,0,0,0,10778,0,57395,1131022
03-05-2021,Pro,12575,28135,201018,81543,297465,293410,413978,318976,88704,147015,234194,80750,1040187,1157576
03-05-2021,Client,142540,103860,930354,221010,977911,893363,945050,1029164,439371,157418,262616,221822,3540957,2783522
03-05-2021,FII,56576,49630,775698,543975,277952,326734,194567,185328,26081,27027,39404,28888,1490068,1041792
03-05-2021,DII,3590,33656,31615,1092157,267,19961,0,0,373,0,18315,0,55806,1144128
03-05-2021,TOTAL,215281,215281,1938685,1938685,1553595,1533468,1553595,1533468,554529,331460,554529,331460,6127018,6127018
04-05-2021,Pro,13215,25373,203418,86863,327481,307053,498231,319415,96978,164615,261885,89588,1112760,1281355
04-05-2021,Client,154652,115554,938239,241212,1198101,925914,1121548,1082194,492792,170505,289208,244231,3880203,3093947
04-05-2021,TOTAL,223350,223350,1969547,1969547,1824663,1584965,1824663,1584965,620228,365289,620228,365289,6588042,6588042
04-05-2021,FII,52413,47926,797263,547834,298814,332037,204884,183356,30458,30169,45519,31470,1541154,1060989
04-05-2021,DII,3070,34497,30627,1093638,267,19961,0,0,0,0,23616,0,53925,1151751
05-05-2021,FII,50278,45815,807519,550180,306496,337285,213639,208943,32871,32128,48998,34576,1566577,1102151
05-05-2021,Pro,11489,29269,204575,93962,347706,347674,477664,417944,106283,162591,267023,98396,1180318,1384258
05-05-2021,Client,157086,110344,948821,248789,1178959,1161709,1142125,1246017,513320,188921,311362,250668,4148816,3309305
05-05-2021,DII,3070,36495,32659,1100643,267,26236,0,0,0,0,25091,0,62232,1162229
05-05-2021,TOTAL,221923,221923,1993574,1993574,1833428,1872904,1833428,1872904,652474,383640,652474,383640,6957943,6957943
06-05-2021,DII,3069,39845,38034,1094967,267,20494,0,0,0,0,30247,0,61864,1165059
06-05-2021,Pro,11500,24822,209064,98495,169169,193258,204940,219809,115815,168908,277840,111070,867714,936976
06-05-2021,TOTAL,223240,223240,2009499,2009499,905783,1139048,905783,1139048,687600,409450,687600,409450,5374620,5374620
06-05-2021,FII,52421,50496,809407,552094,225187,271225,118424,140386,35090,34609,51123,37280,1427939,949803
06-05-2021,Client,156250,108077,952994,263943,511160,654071,582419,778853,536695,205933,328390,261100,3017103,2322782
07-05-2021,FII,55783,50233,815029,561234,244456,299023,154128,174337,38005,38597,56208,40657,1490893,1036797
07-05-2021,TOTAL,225179,225179,2009365,2009365,1245834,1481129,1245834,1481129,724426,432722,724426,432722,6118655,6118655
07-05-2021,Pro,10854,23799,207423,96291,281951,296933,300213,303741,127381,173452,293501,122323,1097994,1139868
07-05-2021,Client,155475,110905,947421,259386,719160,864679,791493,1003051,559040,220673,343052,269742,3466448,2777629
07-05-2021,DII,3067,40242,39492,1092454,267,20494,0,0,0,0,31665,0,63320,1164361
10-05-2021,TOTAL,228041,228041,2031977,2031977,1537592,1812066,1537592,1812066,765016,456259,765016,456259,6830951,6830951
10-05-2021,Client,160347,115284,965031,261566,894916,1098620,957071,1220688,585997,237547,364181,279996,3942458,3198786
10-05-2021,DII,3066,40240,38270,1086828,267,20494,0,0,0,0,35070,0,62097,1162138
10-05-2021,FII,51739,49168,816640,582611,283562,337506,178044,200694,40410,43211,58966,43772,1573068,1113255
10-05-2021,Pro,12889,23349,212036,100972,358847,355446,402477,390684,138609,175501,306799,132491,1253328,1356772
11-05-2021,Client,159236,105023,977116,276628,1058720,1154918,1060906,1269830,647587,235898,388072,295511,4233475,3395970
11-05-2021,FII,46306,64593,812651,589888,283126,358047,195202,232779,44402,45786,64201,45522,1590318,1192185
11-05-2021,Pro,17140,17471,224908,102872,354984,379243,440989,410593,143428,196340,346596,136991,1316043,1455512
11-05-2021,TOTAL,225844,225844,2051869,2051869,1697097,1913202,1697097,1913202,835417,478024,835417,478024,7201453,7201453
11-05-2021,DII,3162,38757,37194,1082481,267,20994,0,0,0,0,36548,0,61617,1157786
12-05-2021,DII,3186,36669,39945,1079761,267,18266,0,0,0,0,37688,0,61664,1154118
12-05-2021,Client,167220,107953,995428,277606,584092,600441,614081,794928,720291,230385,419976,310747,3297857,2525291
12-05-2021,TOTAL,234325,234325,2063291,2063291,978802,1153565,978802,1153565,916052,497492,916052,497492,5843527,5843527
12-05-2021,FII,47185,70314,792375,604194,217183,317034,134056,148253,47862,48577,72483,47795,1470216,1077095
12-05-2021,Pro,16734,19389,235543,101730,177260,217824,230665,210384,147899,218530,385905,138950,1013790,1087023
14-05-2021,Client,164495,106916,991203,265298,925536,776513,967116,1009557,799413,233909,460284,322060,3891069,3131231
14-05-2021,FII,47241,66197,787849,612531,301507,371077,185823,191277,51305,50723,79009,51256,1609702,1186093
14-05-2021,DII,3186,36151,37013,1078128,267,18266,0,0,0,0,43439,0,58732,1157718
14-05-2021,TOTAL,230704,230704,2054707,2054707,1544450,1494160,1544450,1494160,1000394,512636,1000394,512636,6837051,6837051
14-05-2021,Pro,15782,21440,238642,98750,317140,328304,391511,293326,149676,228004,417662,139320,1277548,1362009
17-05-2021,TOTAL,243289,243289,2068192,2068192,1461013,2075166,1461013,2075166,1004371,523754,1004371,523754,7375785,7375785
17-05-2021,Pro,12673,36765,231790,106339,363739,424004,340927,484971,163535,217320,403384,147318,1413061,1519704
17-05-2021,FII,54585,63964,800286,610940,289008,387567,167093,258287,55986,52727,81157,53986,1640159,1235427
17-05-2021,DII,3186,39504,39405,1089306,267,20266,0,0,0,0,44588,0,63124,1173398
17-05-2021,Client,172845,103056,996711,261607,807999,1243329,952993,1331908,784850,253707,475242,322450,4259441,3447256
18-05-2021,DII,3160,41460,38770,1092091,267,24587,0,0,0,0,52248,0,66784,1185799
18-05-2021,Pro,18002,27039,222298,115838,355593,405577,417811,506424,177239,214318,382822,162879,1393027,1612813
18-05-2021,FII,74158,54290,802609,622429,375999,428581,215122,284321,59160,55458,83307,55854,1795965,1315323
18-05-2021,TOTAL,240148,240148,2061756,2061756,1677650,2200763,1677650,2200763,992152,540537,992152,540537,7713006,7713006
18-05-2021,Client,144828,117359,998079,231398,945791,1342018,1044717,1410018,755753,270761,473775,321804,4457230,3599071
19-05-2021,DII,3172,40460,41142,1090690,267,26587,0,0,0,0,53646,0,71168,1184796
19-05-2021,TOTAL,235439,235439,2079150,2079150,1956559,2192840,1956559,2192840,1043236,552216,1043236,552216,8059440,8059440
19-05-2021,Pro,16811,30215,224165,118440,375585,428743,489643,490730,176606,223073,401770,163895,1444983,1694693
19-05-2021,FII,72023,50088,797624,634838,388700,431150,234850,283793,63582,60050,90752,58162,1813129,1352483
19-05-2021,Client,143433,114676,1016219,235182,1192007,1306360,1232066,1418317,803048,269093,497068,330159,4730160,3827468
20-05-2021,Client,137595,105918,1030969,233619,651164,653668,703630,859410,854651,259916,519527,339191,3587963,2761295
20-05-2021,Pro,18624,28878,238372,126194,180619,216294,242480,221771,176984,235476,428022,159098,1066369,1206443
20-05-2021,FII,69743,56880,793398,655055,256086,356690,142026,172040,66149,60417,94501,57520,1602483,1178022
20-05-2021,TOTAL,229136,229136,2105751,2105751,1088136,1253221,1088136,1253221,1097784,555809,1097784,555809,6329837,6329837
20-05-2021,DII,3174,37460,43012,1090883,267,26569,0,0,0,0,55734,0,73022,1184077
21-05-2021,TOTAL,242943,242943,2119551,2119551,1332479,1693929,1332479,1693929,1023726,558703,1023726,558703,6971331,6971331
21-05-2021,Client,138613,120834,1044777,209827,733918,1015926,837416,1151555,764204,273373,492608,335447,3970811,3147687
21-05-2021,FII,74694,48141,799092,677329,323382,371955,195685,210244,66488,60650,89258,57133,1696261,1277790
21-05-2021,DII,3172,41460,43012,1090449,267,27069,0,0,0,0,56810,0,73520,1188719
21-05-2021,Pro,26464,32508,232670,141946,274912,278979,299378,332130,193034,224680,385050,166123,1230739,1357135
24-05-2021,FII,70686,47771,797053,696275,323968,375791,206627,208280,61788,57101,81786,53522,1686387,1294261
24-05-2021,Client,138407,121189,1057017,205221,977782,1123791,1003215,1265476,742085,268757,477979,331518,4307839,3404598
24-05-2021,Pro,30516,29203,236117,142426,286041,289688,378216,348052,193174,227770,379300,168588,1263306,1445785
24-05-2021,DII,3364,44810,41999,1088264,267,32538,0,0,0,0,57982,0,78168,1191056
24-05-2021,TOTAL,242973,242973,2132186,2132186,1588058,1821808,1588058,1821808,997047,553628,997047,553628,7335700,7335700
25-05-2021,DII,3369,43810,41762,1087270,267,42113,0,0,0,0,55022,0,87511,1186102
25-05-2021,Pro,28891,29283,231732,134523,343361,315367,466112,361896,192897,234860,368047,164932,1347108,1524793
25-05-2021,TOTAL,254158,254158,2108081,2108081,1862271,1888318,1862271,1888318,963168,550563,963168,550563,7626559,7626559
25-05-2021,Client,130667,125248,1063445,188506,1171167,1129943,1177591,1304269,714184,263833,464147,333126,4473239,3592887
25-05-2021,FII,91231,55817,771142,697782,347476,400895,218568,222153,56087,51870,75952,52505,1718701,1322777
26-05-2021,FII,103229,55383,757129,693045,395908,449315,243700,250317,50440,47041,68802,49105,1803062,1360352
26-05-2021,TOTAL,268027,268027,2098850,2098850,1943246,2137458,1943246,2137458,871456,536217,871456,536217,7855254,7855254
26-05-2021,Pro,27043,33371,227885,132151,329225,324826,460662,438416,185380,239479,333269,160090,1333838,1557959
26-05-2021,Client,134395,135623,1072080,181218,1217846,1319518,1238884,1448725,635636,249697,430564,327022,4629172,3762036
26-05-2021,DII,3360,43650,41756,1092436,267,43799,0,0,0,0,38821,0,89182,1174907
27-05-2021,Pro,8539,22798,197093,78248,170067,175171,197352,199924,67085,133379,186880,51307,751334,736509
27-05-2021,FII,100595,12603,707199,677272,182288,230936,85894,113252,22541,18501,29172,18915,1262060,937108
27-05-2021,Client,103993,135711,1042699,145765,505456,567696,574832,702991,353665,110989,224408,192647,2684498,1976354
27-05-2021,TOTAL,214762,214762,1976354,1976354,858078,1016167,858078,1016167,443291,262869,443291,262869,4771521,4771521
27-05-2021,DII,1635,43650,29363,1075069,267,42364,0,0,0,0,2831,0,73629,1121550
28-05-2021,DII,1835,44640,30615,1082550,267,45800,0,0,0,0,10645,0,78517,1137835
28-05-2021,FII,107331,15169,713594,688546,229504,294883,132616,163783,30510,26317,43235,28283,1402139,1071632
28-05-2021,Client,106141,142409,1049280,150661,804014,807644,858424,960594,461460,142371,282875,228529,3370910,2623492
28-05-2021,TOTAL,225797,225797,2002337,2002337,1324048,1430198,1324048,1430198,584623,326584,584623,326584,5893587,5893587
28-05-2021,Pro,10490,23579,208848,80580,290263,281871,333008,305821,92653,157896,247868,69772,1042021,1060628
31-05-2021,FII,101638,15794,716399,698158,242586,325528,127026,190384,38712,31879,53241,34088,1456742,1118691
31-05-2021,Pro,14077,24083,219153,75933,342013,350588,359607,420812,115115,171952,287986,84883,1212898,1253304
31-05-2021,DII,2263,44549,31285,1078829,267,47812,0,0,0,0,23439,0,81627,1146817
31-05-2021,TOTAL,229373,229373,2016498,2016498,1465196,1837320,1465196,1837320,692186,372028,692186,372028,6612601,6612601
31-05-2021,Client,111395,144947,1049661,163578,880330,1113392,978563,1226124,538359,168197,327520,253057,3861334,3093789
01-06-2021,Pro,13907,23011,220251,75906,400798,402742,480681,440859,125229,185963,310300,93098,1348890,1423855
01-06-2021,FII,105243,16974,718258,697549,297185,319821,191296,188020,39703,34459,57635,37119,1514669,1188593
01-06-2021,Client,111713,148586,1040919,156187,1164077,1148750,1190350,1293172,594087,178810,354281,269015,4238356,3411591
01-06-2021,DII,2263,44555,31001,1080787,267,50738,0,0,0,0,36803,0,84269,1162145
01-06-2021,TOTAL,233126,233126,2010429,2010429,1862327,1922051,1862327,1922051,759019,399232,759019,399232,7186184,7186184
02-06-2021,Client,115020,140227,1046620,158661,1231357,1212443,1260223,1358173,627841,196589,377808,289014,4429870,3584106
02-06-2021,DII,2231,41545,32664,1085753,267,52457,0,0,0,0,41825,0,87619,1169123
02-06-2021,TOTAL,223705,223705,2000898,2000898,1910656,1961528,1910656,1961528,809533,433811,809533,433811,7340131,7340131
02-06-2021,Pro,10747,25091,223625,79493,375546,375335,446741,414826,138056,194295,322519,105371,1317604,1394041
02-06-2021,FII,95707,16842,697989,676991,303486,321293,203692,188529,43636,42927,67381,39426,1505038,1192861
03-06-2021,FII,100607,17134,693534,684502,179864,258665,86114,143091,46854,52208,79449,42753,1331732,1053043
03-06-2021,Client,113266,149523,1056403,160385,572146,709696,636597,843375,670763,212317,397412,305646,3334591,2492938
03-06-2021,Pro,14050,21951,227440,81352,180356,219549,209922,242713,148043,202520,341934,118646,991958,1016518
03-06-2021,DII,2231,41546,32941,1084079,267,41269,0,0,0,0,46865,0,76708,1172490
03-06-2021,TOTAL,230154,230154,2010318,2010318,932633,1229179,932633,1229179,865660,467045,865660,467045,5734989,5734989
04-06-2021,Client,115751,150820,1067753,165524,983422,884125,1006084,1087839,726845,226208,425543,323856,4004104,3159666
04-06-2021,DII,2176,41572,33248,1082528,267,44771,0,0,0,0,49490,0,80462,1173590
04-06-2021,TOTAL,236662,236662,2020772,2020772,1555526,1587636,1555526,1587636,936000,498205,936000,498205,6834801,6834801
04-06-2021,Pro,19346,22456,232887,86523,321284,342464,388207,329988,157826,213394,371010,127818,1287201,1326002
04-06-2021,FII,99389,21814,686884,686197,250553,316276,161235,169809,51329,58603,89957,46531,1463034,1175543
07-06-2021,FII,100358,18494,684284,690157,285036,346591,179312,190492,55861,66892,98463,49875,1539022,1226793
07-06-2021,Pro,20762,22256,233955,86504,356971,362538,427704,367666,166744,218697,385267,133053,1359667,1422450
07-06-2021,TOTAL,237138,237138,2026876,2026876,1737984,1801562,1737984,1801562,998654,519472,998654,519472,7321686,7321686
07-06-2021,Client,113842,155816,1074744,168868,1095710,1040485,1130968,1243404,776049,233883,454241,336544,4334713,3489841
07-06-2021,DII,2176,40572,33893,1081347,267,51948,0,0,0,0,60683,0,88284,1182602
08-06-2021,Client,117046,154533,1077845,171863,1327213,1103021,1326019,1323779,828507,243724,482100,349785,4697356,3808079
08-06-2021,FII,100133,19220,678890,689317,311997,359791,210199,190127,57899,70916,104785,51947,1579626,1265595
08-06-2021,Pro,20666,24684,237057,89257,387991,390830,491250,397338,171427,224779,404289,137687,1432750,1544505
08-06-2021,TOTAL,240015,240015,2027726,2027726,2027468,1911244,2027468,1911244,1057833,539419,1057833,539419,7803705,7803705
08-06-2021,DII,2170,41578,33934,1077289,267,57602,0,0,0,0,66659,0,93973,1185526
09-06-2021,TOTAL,237231,237231,2022439,2022439,2234853,1852371,2234853,1852371,1127044,552032,1127044,552032,8025970,8025970
09-06-2021,Client,109738,156378,1065416,168407,1554979,1079361,1465622,1294595,893685,231999,504614,362411,4935178,3952027
09-06-2021,FII,102685,17100,685002,694562,281911,317183,214810,191429,58273,75910,113463,52901,1520964,1284265
09-06-2021,Pro,22638,23577,240609,87814,397696,399050,554421,366347,175086,244123,438170,136720,1479202,1607049
09-06-2021,DII,2170,40176,31412,1071656,267,56777,0,0,0,0,70797,0,90626,1182629
10-06-2021,FII,98089,20869,700400,690837,191145,256765,89588,132956,63989,77506,116594,56703,1387894,1107547
10-06-2021,Pro,18766,27913,239808,96645,179765,212265,213935,239273,183855,237403,437728,148124,1071862,1163618
10-06-2021,TOTAL,243395,243395,2041189,2041189,990519,1259023,990519,1259023,1148566,575369,1148566,575369,6258061,6258061
10-06-2021,DII,2170,40172,31889,1068240,267,58864,0,0,0,0,74038,0,93190,1182450
10-06-2021,Client,124370,154441,1069092,185467,619342,731129,686996,886794,900722,260460,520206,370542,3705115,2804446
11-06-2021,TOTAL,255799,255799,2065263,2065263,1542742,1648978,1542742,1648978,1202857,601556,1202857,601556,7317195,7317195
11-06-2021,Pro,20727,33334,247688,100755,330271,323164,358639,322547,194502,243108,455842,158181,1359460,1429298
11-06-2021,DII,1792,43167,32566,1066004,267,65454,0,0,0,0,78023,0,100079,1187194
11-06-2021,Client,138067,159653,1078604,202875,963271,966806,1023650,1163202,941422,276422,545334,385392,4364592,3480106
11-06-2021,FII,95213,19645,706405,695629,248933,293554,160453,163229,66933,82026,123658,57983,1493064,1220597
14-06-2021,FII,77251,26051,714042,694740,282845,328181,176469,174449,68498,83447,125817,59220,1554264,1256746
14-06-2021,Client,153068,147375,1074753,214147,1092112,1065310,1167141,1271296,980324,278364,570823,396773,4643931,3767555
14-06-2021,DII,1848,42098,32905,1065400,267,63785,0,0,0,0,81022,0,98805,1188520
14-06-2021,Pro,16716,33359,253262,100675,321830,348192,353444,359723,196708,253983,467868,159801,1390691,1474870
14-06-2021,TOTAL,248883,248883,2074962,2074962,1697054,1805468,1697054,1805468,1245530,615794,1245530,615794,7687691,7687691
15-06-2021,TOTAL,257763,257763,2091455,2091455,1793988,2046367,1793988,2046367,1287213,641636,1287213,641636,8118422,8118422
15-06-2021,Client,159877,151472,1077854,227382,1126701,1255717,1218226,1430687,1009504,292454,598150,411429,4922107,4037346
15-06-2021,DII,1868,42098,32669,1065090,267,64683,0,0,0,0,81422,0,99487,1188610
15-06-2021,FII,78884,27664,724674,697029,298992,323639,188135,179780,71448,87713,129966,62730,1585350,1285304
15-06-2021,Pro,17134,36529,256258,101954,368028,402328,387627,435900,206261,261469,477675,167477,1511478,1607162
16-06-2021,FII,74416,28796,725464,702833,334029,361790,232964,190968,68595,90345,134243,60301,1654639,1350105
16-06-2021,DII,1877,40194,30503,1069856,267,62883,0,0,0,0,83781,0,95530,1193831
16-06-2021,Pro,19612,26599,256156,100008,421832,424610,527538,402834,200431,267134,484631,160087,1589775,1701697
16-06-2021,Client,146745,147061,1074949,214375,1460241,1166957,1455867,1422438,1050671,279167,617042,416258,5178730,4273041
16-06-2021,TOTAL,242650,242650,2087072,2087072,2216369,2016240,2216369,2016240,1319697,636646,1319697,636646,8518674,8518674
17-06-2021,DII,1871,40107,30559,1075124,267,60573,0,0,0,0,84155,0,93270,1199386
17-06-2021,TOTAL,241558,241558,2099990,2099990,1202427,1303572,1202427,1303572,1338691,633931,1338691,633931,6820169,6820169
17-06-2021,Pro,21988,24547,257797,103343,212167,252107,278329,247563,195613,270500,484841,154593,1210172,1293216
17-06-2021,Client,144378,146819,1079807,204427,783350,695555,829257,933153,1077175,274317,636114,421614,4054582,3171384
17-06-2021,FII,73321,30085,731827,717096,206643,295337,94841,122856,65903,89114,133581,57724,1462145,1156183
18-06-2021,Client,131857,139944,1070742,176590,1046449,901406,1098871,1155729,1026188,256167,608663,404066,4432809,3583863
18-06-2021,DII,1896,37845,30596,1081822,267,56850,0,0,0,0,84026,0,89609,1203693
18-06-2021,Pro,23294,20622,251885,104995,282843,324666,335160,302842,191068,262687,461781,146204,1336443,1371604
18-06-2021,FII,78919,37555,726790,716606,222648,338783,118176,163134,59736,84093,122522,52677,1510969,1210670
18-06-2021,TOTAL,235966,235966,2080013,2080013,1552207,1621705,1552207,1621705,1276992,602947,1276992,602947,7369830,7369830
21-06-2021,FII,78689,41591,728186,715547,252118,356970,135975,175821,57418,80997,114969,49191,1554378,1233094
21-06-2021,DII,2040,35854,30656,1089673,267,47766,0,0,0,0,81281,0,80729,1206808
21-06-2021,Pro,20164,26184,249635,110004,333684,394766,370698,420543,194455,252558,439680,145071,1445262,1512180
21-06-2021,TOTAL,241734,241734,2089214,2089214,1678473,1977985,1678473,1977985,1224840,590602,1224840,590602,7802848,7802848
21-06-2021,Client,140841,138105,1080737,173990,1092404,1178483,1171800,1381621,972967,257047,588910,396340,4722479,3850766
22-06-2021,TOTAL,254143,254143,2089786,2089786,2068572,1963353,2068572,1963353,1150431,579477,1150431,579477,8105762,8105762
22-06-2021,DII,2036,45836,30896,1086411,267,47766,0,0,0,0,81294,0,80965,1213541
22-06-2021,Client,144652,148547,1086289,168592,1372496,1140929,1381772,1384401,898864,256654,556698,386802,4899884,4026812
22-06-2021,FII,83873,35142,728405,720955,337624,398506,192333,180013,55150,73470,104655,47964,1677028,1281062
22-06-2021,Pro,23582,24618,244196,113828,358185,376152,494467,398939,196417,249353,407784,144711,1447885,1584347
23-06-2021,TOTAL,263671,263671,2076586,2076586,2425638,2066612,2425638,2066612,1039388,561433,1039388,561433,8433328,8433328
23-06-2021,Client,145251,153739,1091379,161254,1627970,1176525,1579855,1450242,793754,242309,497115,373431,5077188,4215636
23-06-2021,FII,90721,33230,715652,698732,416273,447987,263639,200098,53009,70383,101223,47807,1794025,1344729
23-06-2021,Pro,25651,27853,237553,114160,381128,397580,582144,416272,192625,248741,362592,140195,1483278,1643216
23-06-2021,DII,2048,48849,32002,1102440,267,44520,0,0,0,0,78458,0,78837,1229747
24-06-2021,Client,132834,168820,1078549,130369,608389,617685,674885,748760,394114,133872,252127,237035,2965443,2211996
24-06-2021,TOTAL,270887,270887,1959870,1959870,965810,1089816,965810,1089816,481620,303145,481620,303145,5071148,5071148
24-06-2021,DII,2117,54828,16761,1099380,267,15392,0,0,0,0,723,0,34537,1154931
24-06-2021,Pro,20643,22143,205358,72579,185582,250184,206200,228007,73850,152552,206647,54043,888169,789619
24-06-2021,FII,115293,25096,659202,657542,171572,206555,84725,113049,13656,16721,22123,12067,1182999,914602
25-06-2021,Client,147727,174717,1105880,148896,850092,987241,952931,1148328,505905,167397,318983,276274,3764242,3020129
25-06-2021,DII,2117,56780,18926,1119027,401,17378,0,0,0,0,11813,0,38822,1187620
25-06-2021,Pro,25738,23571,221706,78251,294552,344676,292872,314768,95893,167998,255480,66948,1150563,1031889
25-06-2021,TOTAL,281659,281659,2015116,2015116,1361503,1616904,1361503,1616904,628745,366877,628745,366877,6270803,6270803
25-06-2021,FII,106077,26591,668604,668942,216458,267609,115700,153808,26947,31482,42469,23655,1317177,1031165
28-06-2021,Client,154963,173721,1131733,158537,1224282,1089588,1272638,1287198,571385,183597,361556,306260,4355548,3559910
28-06-2021,FII,98981,28166,667808,681925,270901,304125,172830,172375,32426,37515,49926,26384,1411756,1131606
28-06-2021,TOTAL,281155,281155,2053156,2053156,1876985,1805702,1876985,1805702,714554,406728,714554,406728,7138280,7138280
28-06-2021,DII,2112,56757,19822,1130063,401,20878,0,0,0,0,23759,0,43213,1210579
28-06-2021,Pro,25099,22511,233793,82631,381402,391112,431517,346129,110743,185616,279313,74084,1327764,1236185
29-06-2021,FII,85083,30335,665807,697854,330193,358075,227206,183467,35625,41260,57263,29154,1516043,1225279
29-06-2021,DII,2053,57275,20217,1145692,401,20378,0,0,0,0,34584,0,43049,1237551
29-06-2021,Pro,32820,20351,246796,79867,459407,455674,570226,377198,118785,207959,309291,79471,1521441,1436404
29-06-2021,TOTAL,282665,282665,2090821,2090821,2338587,1907088,2338587,1907088,794510,441924,794510,441924,7855595,7855595
29-06-2021,Client,162709,174704,1158001,167408,1548586,1072962,1541155,1346423,640100,192705,393372,333299,4775063,3956361
30-06-2021,TOTAL,295125,295125,2102186,2102186,2443295,1969939,2443295,1969939,843940,462888,843940,462888,8117372,8117372
30-06-2021,Client,161800,184114,1162902,164182,1658243,1117852,1643110,1402395,680039,200560,417570,346593,4981396,4157964
30-06-2021,FII,91057,30603,668057,710755,330269,350707,223587,178578,39078,43344,62251,31672,1522512,1237446
30-06-2021,DII,2063,57794,22205,1153941,401,21684,0,0,0,0,43157,0,46353,1254892
30-06-2021,Pro,40205,22614,249022,73308,454383,479696,576598,388966,124823,218984,320962,84623,1567113,1467071
01-07-2021,Pro,30851,21463,253829,74052,241425,320209,312285,275080,130256,227982,338024,90342,1204551,1111246
01-07-2021,TOTAL,292360,292360,2119117,2119117,1372590,1406760,1372590,1406760,897317,484130,897317,484130,6572274,6572274
01-07-2021,FII,92819,36058,669970,717991,223493,301210,120550,127693,42421,45325,66841,33734,1375238,1102867
01-07-2021,DII,1996,57834,22166,1159827,401,24684,0,0,0,0,52597,0,49247,1270258
01-07-2021,Client,166694,177005,1173152,167247,907272,760658,939755,1003987,724640,210823,439855,360054,3943239,3087903
02-07-2021,Client,166452,176152,1171319,170041,1128978,1028634,1190321,1260653,751440,219865,460197,370763,4466688,3628127
02-07-2021,TOTAL,284306,284306,2123391,2123391,1677140,1722204,1677140,1722204,932026,502411,932026,502411,7241477,7241477
02-07-2021,DII,1945,57834,22378,1165246,401,24684,0,0,0,0,54751,0,49408,1277831
02-07-2021,Pro,28462,20747,257287,73532,333496,366114,349718,307257,135554,235212,345247,95876,1356125,1192377
02-07-2021,FII,87447,29573,672407,714572,214266,302772,137101,154294,45032,47334,71831,35772,1369258,1143143
05-07-2021,Client,167538,167755,1168899,169225,1158539,1345007,1259746,1525317,759246,231517,474459,372678,4830745,3969179
05-07-2021,FII,90934,34236,682686,706939,233220,308752,150442,176072,48446,48069,74930,38597,1412107,1181216
05-07-2021,DII,1977,59799,22485,1174319,401,24684,0,0,0,0,58339,0,49547,1292457
05-07-2021,Pro,27148,25807,254639,78226,413885,449197,395856,426251,140992,232432,340956,100743,1518292,1367839
05-07-2021,TOTAL,287597,287597,2128709,2128709,1806044,2127639,1806044,2127639,948684,512018,948684,512018,7810691,7810691
06-07-2021,Client,158694,171939,1160158,177919,1279434,1442659,1354322,1637466,795361,239166,490089,389985,5075472,4221720
06-07-2021,Pro,32272,21180,257777,82401,440539,508689,463042,480485,147824,246374,362893,104839,1633475,1514840
06-07-2021,DII,2343,59796,26764,1175026,401,27620,0,0,0,0,59710,0,57128,1294532
06-07-2021,FII,94864,35258,696645,705998,261125,331708,164135,192725,51707,52671,82200,43387,1488720,1223702
06-07-2021,TOTAL,288173,288173,2141344,2141344,1981498,2310676,1981498,2310676,994892,538211,994892,538211,8254794,8254794
07-07-2021,Client,164039,171868,1169049,182805,1308226,1672693,1434145,1826929,820367,254246,512346,399600,5388620,4527693
07-07-2021,DII,2353,57794,26398,1180757,401,29154,0,0,0,0,63607,0,58306,1302158
07-07-2021,TOTAL,284828,284828,2155233,2155233,2050227,2615138,2050227,2615138,1032268,558547,1032268,558547,8696241,8696241
07-07-2021,Pro,29447,21301,262096,86108,448281,534612,423594,547266,157047,248145,370119,111469,1679628,1559856
07-07-2021,FII,88989,33865,697690,705563,293320,378679,192489,240944,54854,56156,86196,47478,1569688,1306534
08-07-2021,Pro,36908,17880,274636,83136,259243,331658,328683,280151,150132,269102,400669,109926,1321679,1220444
08-07-2021,FII,80441,61370,689294,708881,217886,344156,131668,153407,56868,60956,96000,49002,1449601,1200328
08-07-2021,DII,2377,53007,26887,1176239,401,30070,0,0,0,0,67080,0,59735,1296326
08-07-2021,Client,179341,166810,1169208,191769,1011624,844798,1028803,1117125,890506,244937,533757,416067,4340414,3454331
08-07-2021,TOTAL,299067,299067,2160025,2160025,1489154,1550682,1489154,1550682,1097506,574995,1097506,574995,7171429,7171429
09-07-2021,Pro,36678,20020,276618,84449,375577,430737,455804,353346,154207,271078,404833,115233,1544895,1433685
09-07-2021,Client,178386,158223,1180169,192773,1373780,1060855,1401776,1395242,917034,252758,553616,419567,4962982,4121197
09-07-2021,DII,2383,53097,25765,1187121,401,26570,0,0,0,0,71910,0,55119,1312128
09-07-2021,TOTAL,295620,295620,2169873,2169873,2090771,1927933,2090771,1927933,1129099,586070,1129099,586070,8199366,8199366
09-07-2021,FII,78173,64280,687321,705530,341014,409771,233192,179345,57858,62234,98740,51270,1636371,1332356
12-07-2021,FII,81265,58317,689536,707946,349631,413833,254574,193431,58858,64494,101911,52996,1657617,1369174
12-07-2021,Client,167837,162001,1179224,194156,1629844,1168075,1619541,1501917,942988,257969,568089,427937,5345937,4473641
12-07-2021,Pro,39360,17439,279797,86387,443519,449753,549279,362884,156873,276442,415992,117972,1645744,1549953
12-07-2021,TOTAL,290854,290854,2175586,2175586,2423394,2058231,2423394,2058231,1158719,598905,1158719,598905,8705689,8705689
12-07-2021,DII,2392,53097,27029,1187097,401,26570,0,0,0,0,72727,0,56392,1312921
13-07-2021,TOTAL,285141,285141,2173719,2173719,2183238,2475158,2183238,2475158,1164256,611622,1164256,611622,8893134,8893134
13-07-2021,DII,2453,53097,29271,1188223,401,34570,0,0,0,0,74394,0,66695,1315714
13-07-2021,Pro,23010,28944,273883,90204,475396,493882,443309,507802,164748,272482,411254,125929,1703401,1607441
13-07-2021,Client,165257,162895,1173919,190665,1366804,1559655,1510333,1730859,938119,273972,576350,429951,5477726,4601053
13-07-2021,FII,94421,40205,696646,704627,340638,387051,229597,236498,61389,65168,102258,55742,1645313,1368926
14-07-2021,Client,165432,167177,1179114,195014,1408197,1661565,1542439,1833926,957432,287852,592354,435915,5659592,4766825
14-07-2021,Pro,24273,29747,277336,93049,475574,529086,452267,544190,172480,274062,419716,133478,1752811,1672447
14-07-2021,FII,98086,40503,699668,708007,336794,409212,226260,256317,63017,65227,104577,57748,1672004,1393411
14-07-2021,TOTAL,290524,290524,2185997,2185997,2220965,2634433,2220965,2634433,1192929,627141,1192929,627141,9151989,9151989
14-07-2021,DII,2733,53097,29879,1189927,401,34570,0,0,0,0,76282,0,67583,1319306
15-07-2021,TOTAL,302358,302358,2202908,2202908,1336056,1691512,1336056,1691512,1209117,645783,1209117,645783,7387734,7387734
15-07-2021,FII,104884,38453,702775,708322,241271,329749,121124,172757,64525,65914,104505,60579,1509118,1205739
15-07-2021,DII,2792,53033,30141,1189898,401,34570,0,0,0,0,77284,0,67904,1320215
15-07-2021,Pro,25832,31511,283426,102013,281695,329984,271569,335629,183207,275373,428613,144430,1379516,1313765
15-07-2021,Client,168850,179361,1186566,202675,812691,997209,943364,1183126,961385,304496,598715,440774,4431197,3548015
16-07-2021,TOTAL,301193,301193,2219663,2219663,1932230,2069355,1932230,2069355,1246467,657386,1246467,657386,8426294,8426294
16-07-2021,Pro,30899,25303,289142,106213,395953,419524,405790,402817,186222,283718,443444,149693,1605458,1533259
16-07-2021,Client,168708,176642,1192737,207760,1239683,1221373,1335141,1453171,995659,306563,617087,446862,5124723,4236663
16-07-2021,FII,98888,45350,706337,704734,296194,391888,191300,213368,64586,67105,106515,60831,1624998,1322097
16-07-2021,DII,2698,53898,31447,1200956,401,36570,0,0,0,0,79421,0,71116,1334275
19-07-2021,TOTAL,301765,301765,2229100,2229100,2646954,2151112,2646954,2151112,1315541,658765,1315541,658765,9303236,9303236
19-07-2021,DII,2628,52712,31440,1203174,401,31070,0,0,0,0,81582,0,65539,1337468
19-07-2021,Pro,48698,21524,300220,102112,457434,481505,605620,402458,180876,296949,473728,144899,1765681,1750341
19-07-2021,Client,170928,175245,1198207,215792,1878432,1206754,1779486,1521596,1069376,290474,643713,453581,5814171,4789413
19-07-2021,FII,79511,52284,699233,708022,310688,431783,261848,227058,65289,71342,116518,60285,1657846,1426015
20-07-2021,FII,73835,68941,697382,710733,388450,465416,320879,209864,60279,71094,116468,58833,1756455,1485718
20-07-2021,DII,2628,51470,33530,1214050,401,26970,0,0,0,0,82848,0,63529,1348368
20-07-2021,Pro,61254,21439,294898,98712,473460,467827,674678,382354,173326,294262,471530,135971,1765026,1784684
20-07-2021,TOTAL,323339,323339,2221713,2221713,2984338,2151948,2984338,2151948,1322072,645932,1322072,645932,9649342,9649342
20-07-2021,Client,185622,181489,1195903,198218,2122029,1191736,1988782,1559730,1088467,280576,651226,451128,6064333,5030573
22-07-2021,FII,77360,57881,712079,706404,237863,358257,151726,156609,63470,68578,112955,58528,1517606,1244103
22-07-2021,DII,2640,51427,36160,1222612,401,30470,0,0,0,0,84070,0,69671,1358109
22-07-2021,TOTAL,297392,297392,2234681,2234681,1624314,1641428,1624314,1641428,1301821,653850,1301821,653850,7753486,7753486
22-07-2021,Client,172158,165680,1196674,199544,1129857,962488,1133525,1210757,1056046,302196,648584,447467,4819419,3805557
22-07-2021,Pro,45234,22404,289768,106121,256194,290214,339064,274062,182305,283076,456212,147855,1346791,1345718
23-07-2021,TOTAL,284926,284926,2235272,2235272,1991557,2137141,1991557,2137141,1275980,658975,1275980,658975,8583851,8583851
23-07-2021,FII,89439,60892,719341,710039,299957,403935,194503,206918,60892,64458,104593,57158,1638021,1334103
23-07-2021,Pro,38754,20921,288830,113397,375872,397860,391224,378119,193672,284506,447565,155478,1579494,1506704
23-07-2021,DII,2579,51427,39248,1219917,401,28070,0,0,0,0,84198,0,70298,1355542
23-07-2021,Client,154154,151686,1187853,191919,1315328,1307277,1405830,1552105,1021416,310011,639624,446339,5296039,4387503
26-07-2021,FII,88104,59155,726695,709716,320662,420608,235499,244871,61991,62871,101458,57583,1680930,1408282
26-07-2021,Client,149865,161416,1193451,186944,1601012,1531035,1637116,1760884,1003381,316653,632467,442751,5795396,4821577
26-07-2021,TOTAL,291989,291989,2244900,2244900,2351998,2449805,2351998,2449805,1264005,662886,1264005,662886,9265582,9265582
26-07-2021,DII,2201,51421,41019,1222220,401,35916,0,0,0,0,85340,0,79537,1358981
26-07-2021,Pro,51819,19997,283735,126020,429924,462247,479384,444050,198633,283362,444740,162552,1709720,1676743
27-07-2021,DII,2187,50277,42940,1225321,401,32899,0,0,0,0,85295,0,78427,1360893
27-07-2021,TOTAL,309287,309287,2245922,2245922,2916491,2486554,2916491,2486554,1223105,649090,1223105,649090,9830449,9830449
27-07-2021,FII,91040,69885,723523,710014,355759,474813,283284,245604,61110,60763,100751,58471,1767007,1468009
27-07-2021,Pro,67406,17633,281086,125813,464025,482823,640433,438221,191946,279815,428609,156290,1767100,1806999
27-07-2021,Client,148654,171492,1198373,184774,2096308,1496020,1992775,1802729,970049,308512,608450,434329,6217915,5194548
28-07-2021,DII,3187,50134,44000,1245278,401,33031,0,0,400,0,80802,0,81019,1376214
28-07-2021,Client,161693,169317,1195659,175650,2160815,1500254,2060307,1784527,882531,281112,559404,411894,6182063,5161098
28-07-2021,TOTAL,311469,311469,2229493,2229493,3007329,2496759,3007329,2496759,1133330,619421,1133330,619421,9797801,9797801
28-07-2021,Pro,57800,19959,278310,115678,474219,506159,650712,484428,189581,277696,395290,148572,1783764,1814639
28-07-2021,FII,88789,72059,711524,692887,371896,457316,296311,227804,60818,60613,97834,58955,1750955,1445850
29-07-2021,Client,130410,150917,1151533,149302,919593,816361,967858,1055935,434827,164208,273540,254965,3616932,2852517
29-07-2021,FII,108444,49371,679011,633045,226746,323091,130259,127432,20954,25659,35992,22587,1383904,998686
29-07-2021,DII,3148,51787,18724,1233222,401,35776,0,0,400,0,8692,0,58449,1293701
29-07-2021,TOTAL,271453,271453,2074660,2074660,1400925,1458691,1400925,1458691,523427,331907,523427,331907,6061063,6061063
29-07-2021,Pro,29451,19378,225392,59091,254187,283463,302809,275324,67246,142040,205203,54355,1001779,916160
30-07-2021,Client,164735,156502,1162658,183705,1313412,1114915,1353880,1398878,542765,191155,335268,297824,4489639,3726056
30-07-2021,TOTAL,292690,292690,2122318,2122318,1977180,1950195,1977180,1950195,669221,401683,669221,401683,7413287,7413287
30-07-2021,Pro,31915,23673,237491,65600,389604,415110,428962,369980,97727,176758,269023,70776,1348604,1228014
30-07-2021,FII,92880,57516,702720,627417,273765,372195,194339,181337,28329,33770,50102,33083,1503658,1143794
30-07-2021,DII,3160,54999,19449,1245596,401,47976,0,0,400,0,14828,0,71386,1315423
02-08-2021,DII,3095,55690,19778,1254576,401,63376,0,0,400,0,21716,0,87050,1331982
02-08-2021,Client,177166,163481,1168770,196983,1484203,1517394,1605317,1756760,605882,211772,377693,320428,5165187,4420662
02-08-2021,Pro,33665,30799,242900,69342,489906,490821,507368,504905,118672,192832,302386,84060,1568796,1498860
02-08-2021,FII,101643,65599,706346,616893,377154,418748,238979,228673,32510,35547,55669,35663,1671947,1241476
02-08-2021,TOTAL,315569,315569,2137794,2137794,2351663,2490338,2351663,2490338,757464,440151,757464,440151,8492979,8492979
03-08-2021,FII,120637,53417,711749,615198,451196,521553,261323,321279,36039,37603,57278,38827,1878776,1347322
03-08-2021,Pro,20800,43237,240084,69658,563816,623919,538830,801108,139718,196388,307748,93734,1784725,1854315
03-08-2021,TOTAL,329233,329233,2127551,2127551,2367403,3424046,2367403,3424046,799429,469440,799429,469440,9517102,9517102
03-08-2021,DII,3061,56520,25658,1238389,401,68583,0,0,400,0,29700,0,98103,1324609
03-08-2021,Client,184735,176059,1150060,204306,1351992,2209992,1567251,2301660,623272,235449,404703,336879,5755499,4990857
04-08-2021,DII,3061,61423,31504,1224992,401,60251,0,0,400,0,35833,0,95617,1322248
04-08-2021,FII,120181,50549,719888,620369,470499,546394,303553,375726,40206,40640,62934,42226,1937808,1455357
04-08-2021,TOTAL,334107,334107,2132270,2132270,2525415,3597194,2525415,3597194,873239,500620,873239,500620,9962845,9962845
04-08-2021,Client,190313,181085,1140363,213051,1454671,2334895,1619724,2394964,680118,250299,430634,352618,6050659,5192076
04-08-2021,Pro,20552,41050,240515,73858,599845,655655,602138,826504,152515,209681,343838,105776,1878762,1993164
05-08-2021,DII,3079,64423,33050,1230859,401,67383,0,0,400,0,58876,0,104313,1354158
05-08-2021,Pro,21792,39708,248391,77789,278215,348785,281592,416021,161486,218818,368722,110250,1277487,1294082
05-08-2021,FII,119773,54283,721431,624746,330726,400339,165832,237164,45307,43327,71316,43595,1660903,1196936
05-08-2021,TOTAL,351002,351002,2163601,2163601,1479352,2069619,1479352,2069619,962163,514970,962163,514970,7540707,7540707
05-08-2021,Client,206358,192588,1160729,230207,870010,1253113,1031928,1416434,754970,252825,463249,361125,4498005,3695531
06-08-2021,Client,211412,191472,1170384,236456,1278082,1466058,1417634,1704605,844266,261601,503033,382285,5231803,4435485
06-08-2021,Pro,23385,39700,265623,78884,417971,495056,426886,505297,167671,238681,409115,116638,1608387,1576519
06-08-2021,FII,119224,60589,715836,638241,339292,410716,191226,244233,49442,45280,76306,46639,1679790,1257234
06-08-2021,DII,3063,65323,33160,1231422,401,82305,0,0,400,0,73325,0,119329,1370070
06-08-2021,TOTAL,357084,357084,2185003,2185003,2035746,2454135,2035746,2454135,1061779,545562,1061779,545562,8639308,8639308
09-08-2021,Client,216080,194278,1170491,242219,1550453,1769513,1631068,1963997,918014,268128,534683,397358,5892679,4963603
09-08-2021,FII,118310,57084,715625,642069,316099,386535,195542,247516,50793,46625,79329,48249,1633987,1269789
09-08-2021,Pro,22012,42695,269619,80455,438024,531470,478367,564309,169771,253801,440261,122947,1684697,1729034
09-08-2021,DII,3079,65424,34806,1225798,401,88305,0,0,297,0,84602,0,126888,1375824
09-08-2021,TOTAL,359481,359481,2190541,2190541,2304976,2775822,2304976,2775822,1138875,568554,1138875,568554,9338249,9338249
10-08-2021,Client,220064,201365,1162571,245795,1741626,1884158,1817601,2100758,960297,276414,557103,407275,6245129,5329896
10-08-2021,FII,121469,63201,722039,641512,387515,420223,266286,290346,54052,49977,83604,51229,1755275,1396178
10-08-2021,TOTAL,374475,374475,2193817,2193817,2650504,2966313,2650504,2966313,1189941,590322,1189941,590322,9965372,9965372
10-08-2021,DII,8063,65944,35675,1221707,401,88305,0,0,0,0,89936,0,132444,1377587
10-08-2021,Pro,24879,43965,273532,84803,520963,573628,566617,575210,175592,263931,459298,131818,1832525,1861711
11-08-2021,Pro,26490,42427,270081,82999,538905,602675,619058,581594,171377,261404,458529,128686,1870932,1913293
11-08-2021,Client,212974,187501,1160204,242103,2027334,1887290,2070077,2155199,984572,277711,572977,410341,6550085,5638198
11-08-2021,TOTAL,360914,360914,2191835,2191835,2974507,3023568,2974507,3023568,1209856,591409,1209856,591409,10352089,10352089
11-08-2021,FII,113387,66179,724896,632211,407868,428299,285373,286775,53907,52294,86088,52382,1780651,1409008
11-08-2021,DII,8063,64807,36654,1234522,401,105305,0,0,0,0,92262,0,150423,1391591
12-08-2021,TOTAL,373927,373927,2220955,2220955,1481224,2133872,1481224,2133872,1245612,618182,1245612,618182,8073772,8073772
12-08-2021,Client,224745,200789,1172345,259480,912902,1316956,1075844,1514112,1008281,303377,594898,421163,4938605,4066285
12-08-2021,FII,116625,58984,736212,637873,289637,359606,135706,224315,57436,54069,88840,55198,1613585,1200916
12-08-2021,DII,8063,64987,39155,1235158,401,103005,0,0,0,0,93294,0,150624,1393439
12-08-2021,Pro,24494,49167,273243,88444,278285,354306,269674,395446,179895,260736,468580,141821,1370959,1413132
13-08-2021,TOTAL,396466,396466,2232874,2232874,2062774,3067320,2062774,3067320,1272905,641572,1272905,641572,9673911,9673911
13-08-2021,DII,8564,68183,42791,1233609,401,92985,0,0,0,0,96105,0,144741,1397897
13-08-2021,Pro,25391,48983,270335,95232,429212,504706,412379,629349,190286,254813,469634,153235,1674743,1808812
13-08-2021,Client,235127,217488,1169579,271020,1211671,1948512,1442869,2089305,1021767,330137,612349,429855,5916792,5062885
13-08-2021,FII,127384,61812,750169,633013,421491,521118,207526,348667,60852,56622,94817,58482,1937636,1404317
16-08-2021,FII,126314,64565,755428,632487,446350,540901,220713,371080,63046,59043,100233,62168,1991082,1451246
16-08-2021,DII,8948,71183,44827,1235545,401,103909,0,0,0,0,98632,0,158085,1405360
16-08-2021,Pro,26563,47708,265369,95606,502360,569736,533519,703515,197779,256454,478579,158597,1818261,2017524
16-08-2021,TOTAL,400248,400248,2238382,2238382,2410910,3371613,2410910,3371613,1307076,657295,1307076,657295,10385524,10385524
16-08-2021,Client,238423,216792,1172758,274744,1461800,2157068,1656678,2297019,1046251,341798,629632,436530,6418098,5511395
17-08-2021,DII,8948,71557,46222,1233922,401,108309,0,0,0,0,101847,0,163880,1407326
17-08-2021,TOTAL,397805,397805,2252726,2252726,2626871,3487153,2626871,3487153,1334464,666919,1334464,666919,10765938,10765938
17-08-2021,Pro,28652,46040,268400,101513,494035,558547,534811,693983,200082,261758,487202,161708,1811474,2025257
17-08-2021,Client,237773,214034,1164626,284433,1648669,2202923,1839438,2396150,1068599,345458,642487,441641,6668048,5818183
17-08-2021,FII,122432,66174,773478,632858,483766,617375,252622,397021,65783,59703,102928,63570,2122537,1515173
18-08-2021,DII,8948,76447,46547,1247756,401,99805,0,0,0,0,104699,0,155701,1428902
18-08-2021,TOTAL,398272,398272,2253421,2253421,1663431,2015301,1663431,2015301,1365670,665274,1365670,665274,8361368,8361368
18-08-2021,FII,129488,73180,784173,628840,337619,414894,176955,235063,65950,60330,106233,62841,1792454,1283112
18-08-2021,Client,230374,206169,1153658,277207,1056480,1193170,1158466,1457005,1100232,338907,655815,441395,5072821,4196057
18-08-2021,Pro,29462,42476,269043,99618,268932,307432,328010,323233,199488,266037,498923,161038,1340394,1453298
20-08-2021,DII,7448,76277,44404,1251105,401,95905,0,0,0,0,104106,0,148158,1431488
20-08-2021,Pro,35985,35870,273067,104703,369749,403026,498464,397310,201947,272414,516801,155346,1556188,1708493
20-08-2021,TOTAL,369577,369577,2254169,2254169,2395718,2420574,2395718,2420574,1391957,649539,1391957,649539,9481534,9481534
20-08-2021,FII,116316,71489,802511,638801,412468,533123,226627,272738,65314,62037,108326,62088,1991769,1380069
20-08-2021,Client,209828,185941,1134187,259560,1613101,1388521,1670628,1750527,1124696,315088,662724,432105,5785420,4961484
23-08-2021,Client,196178,178308,1111253,247923,1823712,1582771,1869729,1895019,1078212,315381,640424,415783,6107507,5247186
23-08-2021,FII,115919,67469,827374,627002,442237,510271,257696,266048,65729,58853,103775,58781,2020383,1380771
23-08-2021,DII,7448,76020,47417,1263834,401,92905,0,0,0,0,103996,0,148171,1443850
23-08-2021,TOTAL,356622,356622,2252309,2252309,2664179,2591512,2664179,2591512,1348252,634464,1348252,634464,9847337,9847337
23-08-2021,Pro,37077,34825,266265,113550,397829,405566,536754,430445,204311,260230,500057,159900,1571278,1775531
24-08-2021,TOTAL,356494,356494,2237982,2237982,2469235,3227500,2469235,3227500,1250307,632631,1250307,632631,10174149,10174149
24-08-2021,FII,131749,70128,837076,603188,464957,532226,289498,333465,66487,55774,94282,57939,2088269,1448500
24-08-2021,DII,7459,74031,47970,1281528,401,90005,0,0,0,0,103826,0,145835,1459385
24-08-2021,Client,191013,173829,1099547,237766,1555562,2088081,1707595,2264052,970859,329922,603316,407702,6234984,5394260
24-08-2021,Pro,26273,38506,253389,115500,448316,517188,472142,629984,212961,246935,448883,166990,1705062,1872005
25-08-2021,Client,193718,177417,1095190,234951,1873578,2061695,1945129,2279212,868245,299446,554623,386477,6391872,5577809
25-08-2021,Pro,30775,39664,245858,112043,465530,506447,574798,599138,215763,251078,403542,161256,1715451,1890440
25-08-2021,TOTAL,376309,376309,2230320,2230320,2832927,3221647,2832927,3221647,1143736,601078,1143736,601078,10406017,10406017
25-08-2021,FII,144357,81307,839923,594998,493419,561182,313001,343298,59728,50554,84971,53345,2149163,1470920
25-08-2021,DII,7459,77921,49349,1288328,401,92323,0,0,0,0,100600,0,149532,1466849
26-08-2021,Pro,20165,30798,195880,52730,266739,276425,288802,282446,70106,132302,190009,45633,961617,890418
26-08-2021,Client,187531,154862,1051520,222912,795497,896831,979648,1086806,398478,137068,259533,227383,3466925,2931144
26-08-2021,TOTAL,322189,322189,2088799,2088799,1381484,1568011,1381484,1568011,491555,293794,491555,293794,6145832,6145832
26-08-2021,DII,6365,78261,19325,1271115,401,25596,0,0,0,0,4239,0,51687,1353615
26-08-2021,FII,108128,58268,822074,542042,318848,369159,113034,198760,22971,24424,37774,20778,1665604,970656
27-08-2021,FII,113263,58511,840437,538547,357108,423699,153271,249085,31585,32725,49085,29389,1798817,1077888
27-08-2021,DII,6365,78261,19325,1282160,401,27596,0,0,0,0,13200,0,53687,1373621
27-08-2021,Client,207745,169751,1059119,241575,1040774,1378601,1272585,1562485,471933,166111,317560,258777,4324282,3822732
27-08-2021,Pro,20120,40970,202153,58752,397328,417095,369755,435421,94865,147252,218538,57922,1278813,1181358
27-08-2021,TOTAL,347493,347493,2121034,2121034,1795610,2246990,1795610,2246990,598383,346088,598383,346088,7455598,7455598
30-08-2021,Client,223545,186227,1060851,249079,1252846,2053630,1489369,2115009,485535,194147,342707,274101,5270554,4656492
30-08-2021,FII,119003,57781,862592,540273,404583,509074,187169,326150,36746,35027,51234,32528,1967025,1195135
30-08-2021,Pro,18827,45191,199289,62284,466256,532342,447548,681483,116357,146925,225397,69470,1479996,1531373
30-08-2021,DII,6365,78541,20772,1291868,401,27596,0,0,0,0,19300,0,55134,1389709
30-08-2021,TOTAL,367740,367740,2143504,2143504,2124086,3122642,2124086,3122642,638638,376099,638638,376099,8772708,8772708
31-08-2021,TOTAL,383039,383039,2173696,2173696,2393985,3452434,2393985,3452434,686600,411985,686600,411985,9501738,9501738
31-08-2021,Pro,19925,45972,196799,70474,508425,573379,521189,763625,137943,152553,237492,84939,1589024,1723691
31-08-2021,Client,233580,196897,1058172,268479,1410489,2283420,1627840,2309858,506296,221875,367002,292028,5713832,5062104
31-08-2021,FII,117425,59829,896918,546571,474670,568039,244956,378951,42361,37557,55984,35018,2136970,1321309
31-08-2021,DII,12109,80341,21807,1288172,401,27596,0,0,0,0,26122,0,61913,1394635
01-09-2021,FII,110489,62840,897101,546307,492769,503761,311188,336269,46318,39498,61644,37637,2089936,1355885
01-09-2021,Client,245443,190387,1060923,274252,1946465,2196770,2022105,2311221,573950,235580,396896,307874,6259130,5502734
01-09-2021,TOTAL,384865,384865,2184973,2184973,3046621,3358562,3046621,3358562,765259,436050,765259,436050,10176330,10176330
01-09-2021,Pro,16824,43146,202248,72994,606987,630036,713328,711073,144991,160972,260315,90539,1762057,1891395
01-09-2021,DII,12109,88492,24701,1291420,401,27996,0,0,0,0,46404,0,65207,1426316
02-09-2021,TOTAL,394359,394359,2207342,2207342,1561828,2071704,1561828,2071704,830068,471597,830068,471597,7536898,7536898
02-09-2021,DII,12109,88679,24091,1302640,401,29577,0,0,0,0,57092,0,66178,1448411
02-09-2021,Pro,16542,52111,204682,78215,329884,337342,344488,407187,162192,168470,281985,104807,1219112,1268792
02-09-2021,Client,249305,198577,1075264,281738,911580,1321528,1077127,1428919,618077,260691,425897,326353,4436445,3738611
02-09-2021,FII,116403,54992,903305,544749,319963,383257,140213,235599,49799,42436,65094,40437,1815163,1081084
03-09-2021,Client,254398,201112,1088386,286240,1409701,1589791,1509051,1747413,680765,281357,457297,346251,5304398,4547364
03-09-2021,DII,12079,94044,25981,1309072,401,47577,0,0,0,0,72371,0,86038,1475487
03-09-2021,FII,116333,63039,902099,549570,381438,442107,219648,292443,55365,45889,71489,45035,1943231,1241224
03-09-2021,Pro,20821,45436,210026,81610,437168,449417,500008,489036,172765,180243,307738,116203,1470439,1540031
03-09-2021,TOTAL,403631,403631,2226492,2226492,2228707,2528892,2228707,2528892,908895,507489,908895,507489,8804106,8804106
06-09-2021,TOTAL,408412,408412,2240414,2240414,2880055,2914356,2880055,2914356,993502,539753,993502,539753,9976492,9976492
06-09-2021,Client,257140,203880,1094758,288990,1831470,1840972,1888423,2013265,749323,295878,489129,365380,6069541,5249067
06-09-2021,DII,12079,93590,27491,1316457,401,57577,0,0,0,0,76700,0,97548,1486747
06-09-2021,FII,120117,62837,899637,554660,469720,490284,291763,308022,59389,49039,77823,48905,2088186,1344010
06-09-2021,Pro,19076,48105,218528,80307,578465,525524,699870,593069,184790,194836,349850,125468,1721219,1896669
07-09-2021,DII,12053,96549,27811,1315317,401,61577,0,0,0,0,79920,0,101842,1491786
07-09-2021,Client,253072,204078,1100749,290182,2009798,1881185,2043830,2075169,801987,303015,515772,379447,6349805,5508477
07-09-2021,FII,115946,54018,890678,556922,491214,501395,306757,304513,63144,51646,82636,50670,2114023,1355516
07-09-2021,TOTAL,400210,400210,2244705,2244705,3039898,2974320,3039898,2974320,1055526,561841,1055526,561841,10276500,10276500
07-09-2021,Pro,19139,45565,225467,82284,538486,530164,689312,594638,190395,207180,377198,131724,1710831,1920721
08-09-2021,DII,12053,98309,28194,1316827,401,61577,0,0,0,0,82045,0,102225,1497181
08-09-2021,Client,250941,199694,1106998,289480,2020985,2177131,2097283,2297660,850548,307649,539712,390720,6714251,5814548
08-09-2021,FII,116740,54448,885189,563172,413533,471346,281215,324262,65120,54178,90307,53033,2006106,1366437
08-09-2021,TOTAL,397287,397287,2249503,2249503,3018118,3270828,3018118,3270828,1110550,579662,1110550,579662,10625948,10625948
08-09-2021,Pro,17553,44836,229122,80024,583200,560775,639620,648907,194882,217835,398486,135909,1803367,1947782
09-09-2021,Pro,21440,40028,233371,82241,313814,362192,349393,402179,196704,224787,409704,140867,1352308,1424412
09-09-2021,Client,255203,195699,1115612,288540,1036639,1270364,1182706,1495138,888920,315706,562895,400610,4882443,4125587
09-09-2021,TOTAL,395832,395832,2260579,2260579,1668091,2136923,1668091,2136923,1151035,595882,1151035,595882,8208342,8208342
09-09-2021,FII,107336,62131,883216,577716,317238,443631,135992,239607,65411,55389,92026,54405,1872221,1161877
09-09-2021,DII,11853,97974,28380,1312082,401,60737,0,0,0,0,86410,0,101371,1496466
13-09-2021,DII,11466,97986,28240,1310025,401,60737,0,0,0,0,87018,0,100844,1495029
13-09-2021,Client,251651,190703,1121582,288662,1567803,1677707,1717038,1918855,923280,327558,590719,409788,5869581,5115765
13-09-2021,Pro,22343,34742,238543,82888,480122,490025,505806,512814,207074,232510,425852,150872,1670617,1712973
13-09-2021,FII,106465,68494,883192,589982,388509,478700,213991,275500,66903,55990,93668,55398,1979759,1297033
13-09-2021,TOTAL,391925,391925,2271557,2271557,2436835,2707169,2436835,2707169,1197257,616058,1197257,616058,9620800,9620800
14-09-2021,FII,105113,69443,887351,590946,420372,485312,263272,281854,69641,59414,98546,57826,2027203,1361887
14-09-2021,Pro,25980,31223,234793,90184,544294,553250,611391,553811,221262,237767,435262,165568,1817345,1887439
14-09-2021,TOTAL,395556,395556,2278706,2278706,2768117,2877939,2768117,2877939,1232237,646632,1232237,646632,10199187,10199187
14-09-2021,DII,11066,99100,28963,1304818,401,60737,0,0,0,0,87364,0,101167,1491282
14-09-2021,Client,253397,195790,1127599,292758,1803051,1778641,1893454,2042274,941334,349451,611065,423238,6253473,5458579
15-09-2021,DII,11069,100569,30900,1296684,401,76762,0,0,0,0,89572,0,119132,1486825
15-09-2021,FII,108670,70953,887390,596020,488959,499365,291403,320674,75732,64338,104611,61608,2124454,1445269
15-09-2021,TOTAL,408041,408041,2289026,2289026,2708417,3395490,2708417,3395490,1247552,673141,1247552,673141,10721667,10721667
15-09-2021,Client,266219,198594,1136163,295350,1671656,2266426,1843777,2395323,938901,367257,622861,437522,6646621,5793426
15-09-2021,Pro,22083,37925,234573,100972,547402,552938,573238,679494,232919,241546,430508,174011,1831461,1996147
16-09-2021,TOTAL,416241,416241,2308783,2308783,1607770,2251194,1607770,2251194,1304216,701314,1304216,701314,8589518,8589518
16-09-2021,FII,106944,67085,886724,609850,329072,439413,142099,254556,83019,71090,115248,67414,1916262,1256252
16-09-2021,DII,11369,102457,33573,1286575,401,83706,0,0,0,0,91097,0,129049,1480129
16-09-2021,Client,267488,209459,1149161,306241,955804,1351926,1120405,1548020,964128,374273,644285,451486,5062780,4279896
16-09-2021,Pro,30440,37240,239325,106117,322494,376150,345266,448618,257069,255951,453586,182414,1481428,1573241
17-09-2021,DII,10969,105781,33798,1283005,401,85977,0,0,0,0,91097,0,131145,1479883
17-09-2021,FII,120450,57230,879869,611816,451960,510541,247719,311484,81072,72724,121677,67301,2116616,1417227
17-09-2021,Pro,26153,36339,240730,108998,484697,499051,585938,553420,257269,265991,479116,189865,1773891,1953676
17-09-2021,Client,243730,201952,1135739,286317,1582388,1651723,1685788,1882388,1035757,375640,682208,457189,6024977,5195842
17-09-2021,TOTAL,401302,401302,2290136,2290136,2519445,2747291,2519445,2747291,1374098,714355,1374098,714355,10046627,10046627
20-09-2021,FII,103903,69073,878178,617310,425904,513270,254876,301361,79119,72349,126328,64641,2072723,1433589
20-09-2021,Client,242336,195066,1123521,288276,2167117,1573310,2102295,1878476,1110165,362354,718331,464396,6578803,5646840
20-09-2021,TOTAL,395131,395131,2282608,2282608,3129387,2714152,3129387,2714152,1435059,713334,1435059,713334,10669671,10669671
20-09-2021,Pro,38323,31343,245665,103578,535966,536455,772216,534315,245775,278631,499572,184297,1880815,2125321
20-09-2021,DII,10569,99649,35244,1273444,401,91117,0,0,0,0,90828,0,137331,1463921
21-09-2021,FII,109290,70832,880682,621163,470226,556086,283143,338417,79196,71809,123553,67255,2167289,1504363
21-09-2021,DII,10595,99648,37824,1294818,401,100867,0,0,0,0,90984,0,149687,1485450
21-09-2021,TOTAL,384929,384929,2300108,2300108,3183723,3073903,3183723,3073903,1418945,715740,1418945,715740,11077348,11077348
21-09-2021,Pro,31683,30357,244878,109189,566819,585896,742396,628720,243185,268206,481203,183589,1940667,2175454
21-09-2021,Client,233361,184092,1136724,274938,2146278,1831055,2158184,2106767,1096564,375725,723205,464896,6819707,5912082
22-09-2021,Client,246433,187072,1152249,288662,2337477,1894563,2321161,2211792,1081215,391358,723808,473093,7103294,6205587
22-09-2021,TOTAL,390364,390364,2323828,2323828,3462367,3198534,3462367,3198534,1411948,731402,1411948,731402,11518443,11518443
22-09-2021,DII,10145,99653,40920,1311718,401,100867,0,0,0,0,91044,0,152333,1502415
22-09-2021,FII,100798,73109,884503,606338,518601,593017,323068,349298,82379,73804,126683,69326,2253102,1547822
22-09-2021,Pro,32988,30530,246156,117110,605889,610088,818138,637445,248354,266240,470413,188983,2009715,2262619
23-09-2021,DII,9005,100719,45188,1314943,401,91157,0,0,0,0,92414,0,145751,1508076
23-09-2021,TOTAL,385313,385313,2348641,2348641,1635991,2199315,1635991,2199315,1394029,758549,1394029,758549,8721838,8721838
23-09-2021,Client,250182,190264,1160004,294034,918877,1287957,1082342,1510759,1041283,418995,711327,482526,5077298,4271252
23-09-2021,FII,99553,63814,898212,611274,377240,455077,176620,273525,87759,76658,127905,73737,1994498,1326875
23-09-2021,Pro,26573,30516,245237,128390,339474,365124,377030,415031,264987,262896,462383,202286,1504291,1615635
24-09-2021,Client,243879,189334,1155592,280272,1445691,1597919,1548321,1870789,1056901,412519,720052,488693,5912501,5097461
24-09-2021,DII,9210,99089,46115,1308321,401,111091,0,0,0,0,92494,0,166817,1499904
24-09-2021,TOTAL,384716,384716,2343823,2343823,2332433,2651834,2332433,2651834,1417670,767578,1417670,767578,9898054,9898054
24-09-2021,FII,97317,65111,895411,616594,424754,503033,236003,313166,91035,79779,133047,75373,2091328,1439294
24-09-2021,Pro,34310,31182,246705,138636,461588,439791,548110,467879,269734,275280,472077,203512,1727408,1861395
27-09-2021,TOTAL,385328,385328,2338096,2338096,2736399,2972695,2736399,2972695,1386731,760910,1386731,760910,10580159,10580159
27-09-2021,Client,232346,187086,1162896,258460,1777348,1847197,1813912,2099773,1023275,416364,706692,477952,6459426,5543875
27-09-2021,FII,107911,69453,886776,610151,440891,538110,283005,341683,82181,74811,121928,71882,2130679,1498102
27-09-2021,Pro,38417,29680,241431,151599,517760,476298,639483,531239,281275,269735,468741,211076,1824916,2031818
27-09-2021,DII,6654,99109,46993,1317886,401,111091,0,0,0,0,89370,0,165139,1506365
28-09-2021,Pro,46478,29756,244780,147679,544298,479458,743641,487115,275681,280316,472056,202154,1871011,2082401
28-09-2021,FII,107126,93303,867313,614859,505068,639053,318829,373411,83094,75188,126282,75345,2276841,1602029
28-09-2021,Client,223929,168070,1166323,234198,2176542,1701385,2163838,2065460,1017239,376193,692502,454198,6661611,5778266
28-09-2021,TOTAL,384187,384187,2322312,2322312,3226308,2925985,3226308,2925985,1376014,731697,1376014,731697,10966503,10966503
28-09-2021,DII,6654,93058,43896,1325576,401,106090,0,0,0,0,85174,0,157041,1503808
29-09-2021,TOTAL,397107,397107,2335324,2335324,3524549,3253085,3524549,3253085,1260814,709479,1260814,709479,11480358,11480358
29-09-2021,Client,237857,171233,1198515,213430,2443253,1903980,2360096,2261999,904995,352802,631857,432817,7041402,6071432
29-09-2021,FII,99190,102666,838378,627214,552683,705401,365759,404631,79898,70640,117973,75121,2346190,1693364
29-09-2021,Pro,53406,31734,256436,157639,528213,537615,798694,586456,275921,286037,426294,201541,1937628,2202358
29-09-2021,DII,6654,91474,41995,1337041,401,106090,0,0,0,0,84690,0,155140,1513205
30-09-2021,FII,95309,72875,744976,610305,257621,384997,173441,191599,28077,30231,49922,24773,1541211,1122915
30-09-2021,DII,6651,82233,28397,1322913,401,54534,0,0,0,0,2872,0,89983,1408018
30-09-2021,Client,199583,147214,1170233,186568,1174414,872396,1157995,1162086,525374,139673,331082,259637,4081673,3244582
30-09-2021,TOTAL,330870,330870,2178364,2178364,1740056,1616406,1740056,1616406,642799,338529,642799,338529,6847024,6847024
30-09-2021,Pro,29327,28548,234758,58578,307620,304480,408620,262722,89348,168625,258923,54119,1134158,1071510
01-10-2021,Pro,21430,30590,251365,61985,422185,420087,554165,384813,105124,195297,303571,67858,1415487,1402982
01-10-2021,FII,96153,69322,746154,620918,309712,440340,221216,233781,41194,45545,70275,39388,1679098,1254900
01-10-2021,Client,214162,153856,1199661,214126,1612295,1206745,1569211,1504012,642467,172990,407036,306586,5048320,4154827
01-10-2021,TOTAL,337796,337796,2226260,2226260,2344592,2122606,2344592,2122606,788785,413832,788785,413832,8233871,8233871
01-10-2021,DII,6051,84028,29080,1329231,401,55434,0,0,0,0,7903,0,90966,1421162
04-10-2021,FII,84369,66128,750361,627968,393713,471028,253664,249855,48418,50604,78248,44440,1798493,1320303
04-10-2021,DII,6320,84028,31545,1332633,401,55474,0,0,0,0,18255,0,93740,1434916
04-10-2021,TOTAL,333336,333336,2258539,2258539,2582767,2617974,2582767,2617974,889545,471345,889545,471345,9153505,9153505
04-10-2021,Client,220986,153811,1215937,231318,1711141,1590141,1744840,1858964,713528,201194,458284,339806,5652927,4787023
04-10-2021,Pro,21661,29369,260696,66620,477512,501331,584263,509156,127599,219547,334758,87099,1608346,1611264
05-10-2021,DII,6920,84025,32880,1334982,401,56874,0,0,0,0,27547,0,97075,1446554
05-10-2021,Client,231852,154887,1234143,244625,1749519,1844789,1832237,2068038,770409,223835,497649,368381,6054547,5165817
05-10-2021,FII,76841,64965,753173,640388,404690,476751,252276,255640,53156,54897,85656,49342,1819508,1348267
05-10-2021,TOTAL,335618,335618,2291738,2291738,2679287,2904947,2679287,2904947,968442,519768,968442,519768,9699800,9699800
05-10-2021,Pro,20005,31741,271542,71743,524677,526534,594774,581270,144877,241036,357590,102045,1728671,1739163
06-10-2021,DII,6920,88367,35962,1316645,401,55974,0,0,0,0,39499,0,99257,1444511
06-10-2021,FII,76241,67264,753094,658605,444825,520451,304675,274427,56897,61580,93884,52235,1913088,1451090
06-10-2021,Client,242994,164208,1239689,267772,2444227,1628043,2367574,1976716,857815,230093,535209,397298,6642861,5708777
06-10-2021,Pro,27302,33618,282700,68423,606423,584749,823626,538075,151765,267279,397885,109419,1920218,1971046
06-10-2021,TOTAL,353457,353457,2311445,2311445,3495875,2789217,3495875,2789217,1066477,558952,1066477,558952,10575423,10575423
07-10-2021,Pro,22714,36453,280603,73765,297443,347353,328967,344023,165975,266197,399114,119760,1380284,1302082
07-10-2021,DII,6925,87352,40286,1334042,401,59291,0,0,0,0,50020,0,106903,1471414
07-10-2021,TOTAL,335983,335983,2326538,2326538,1589672,1853256,1589672,1853256,1106917,586198,1106917,586198,7798564,7798564
07-10-2021,Client,231957,160156,1238046,269423,1021874,1039932,1126019,1300831,877427,254733,559144,410186,4663969,3825759
07-10-2021,FII,74387,52022,767603,649308,269955,406681,134686,208403,63515,65268,98639,56252,1647409,1199310
08-10-2021,DII,6925,84646,43529,1337988,401,60513,0,0,0,0,60709,0,111368,1483343
08-10-2021,Client,244743,171046,1255759,284099,1446803,1450385,1570800,1720279,934943,275183,592502,431785,5607815,4770510
08-10-2021,TOTAL,348982,348982,2347515,2347515,2246894,2456509,2246894,2456509,1184997,619906,1184997,619906,9204803,9204803
08-10-2021,FII,74298,51818,764944,647990,327339,456552,181501,260136,69717,69359,106397,59873,1762209,1307715
08-10-2021,Pro,23016,41472,283283,77438,472352,489059,494594,476095,180337,275364,425389,128248,1723411,1643235
11-10-2021,Pro,16879,40477,289378,83529,549513,605488,552328,638944,191584,283090,446059,135232,1935932,1896568
11-10-2021,FII,84816,47577,766868,660125,374548,487145,221858,319229,72905,73963,112695,63121,1860245,1424605
11-10-2021,Client,229376,166454,1261513,275324,1530891,1922668,1681167,2119442,983357,291701,620867,450401,6219506,5313655
11-10-2021,TOTAL,337997,337997,2362224,2362224,2455352,3077614,2455352,3077614,1247846,648754,1247846,648754,10129787,10129787
11-10-2021,DII,6926,83489,44465,1343246,401,62313,0,0,0,0,68225,0,114105,1494960
12-10-2021,DII,6926,83513,44954,1340026,401,64313,0,0,0,0,78159,0,116594,1501698
12-10-2021,FII,76584,52511,764180,672250,374991,501015,229353,319500,78760,79979,121430,66206,1875509,1461250
12-10-2021,Client,245528,170555,1278485,288751,1641742,2101031,1818092,2280823,1041036,305106,651863,470540,6612928,5680624
12-10-2021,TOTAL,347290,347290,2385477,2385477,2601138,3326892,2601138,3326892,1324741,681333,1324741,681333,10666871,10666871
12-10-2021,Pro,18252,40711,297858,84450,584004,660534,553693,726570,204945,296248,473289,144587,2061841,2023300
13-10-2021,DII,6926,81198,45491,1339402,401,81543,0,0,0,0,82126,0,134361,1502726
13-10-2021,Client,236491,171945,1276691,278508,1701928,2329554,1876180,2468743,1035132,326295,653912,483061,6906091,5932349
13-10-2021,Pro,18523,46244,297581,94026,593186,657273,581206,767059,218834,295066,473152,152462,2080462,2114149
13-10-2021,TOTAL,350286,350286,2391565,2391565,2722171,3595546,2722171,3595546,1338525,706903,1338525,706903,11104996,11104996
13-10-2021,FII,88346,50899,771802,679629,426657,527177,264785,359745,84559,85542,129335,71380,1984083,1555773
14-10-2021,FII,99875,48154,775483,690571,328115,451819,169414,284523,93321,91188,141330,76347,1839801,1410339
14-10-2021,TOTAL,347640,347640,2393295,2393295,1543886,2159511,1543886,2159511,1395910,730236,1395910,730236,8570478,8570478
14-10-2021,DII,5666,81558,46990,1334042,401,82693,0,0,0,0,82720,0,135750,1498320
14-10-2021,Pro,14888,41973,291257,100226,317709,340812,291239,382073,226362,300108,486921,157655,1491136,1460086
14-10-2021,Client,227211,175955,1279565,268456,897661,1284187,1083233,1492916,1076227,338940,684939,496234,5103791,4201733
18-10-2021,DII,5667,80589,49749,1325130,401,86863,0,0,0,0,82665,0,142680,1488384
18-10-2021,Pro,16094,41599,293132,106315,454398,547647,500602,620319,234226,304824,504534,168666,1850321,1942035
18-10-2021,TOTAL,351999,351999,2399708,2399708,2298255,2943203,2298255,2943203,1454050,753464,1454050,753464,10200678,10200678
18-10-2021,FII,94942,48967,778436,708829,363960,512780,228974,339506,99041,97107,149588,78424,1946266,1554288
18-10-2021,Client,235296,180844,1278391,259434,1479497,1795913,1568679,1983379,1120783,351533,717263,506374,6261412,5215972
19-10-2021,Pro,31853,36928,290882,112113,516111,584030,648035,612363,238966,315478,511240,170900,1977320,2091578
19-10-2021,Client,203880,186121,1263310,225355,1899204,1828837,1885138,2081542,1152166,352016,743769,519167,6699413,5641092
19-10-2021,DII,5520,83279,49283,1310408,401,83757,0,0,0,0,83931,0,138961,1477618
19-10-2021,FII,117364,52289,774123,729722,408279,542155,290822,344875,100601,101469,152793,78896,2043991,1649397
19-10-2021,TOTAL,358617,358617,2377598,2377598,2823995,3038779,2823995,3038779,1491733,768963,1491733,768963,10859685,10859685
20-10-2021,Pro,32686,31420,289374,110672,558834,543968,755705,546715,232983,317070,523348,163759,1974915,2131618
20-10-2021,FII,116602,54760,764755,744542,406647,544096,318082,332856,97977,103572,157150,75314,2033649,1682704
20-10-2021,Client,182584,169835,1276939,204016,2383640,1836358,2275735,2125575,1223087,342987,780599,524556,7245595,6080316
20-10-2021,DII,8535,84392,49482,1321320,401,80723,0,0,0,0,92950,0,139141,1498662
20-10-2021,TOTAL,340407,340407,2380550,2380550,3349522,3005145,3349522,3005145,1554047,763629,1554047,763629,11393299,11393299
21-10-2021,Client,177644,154958,1291189,193336,1270934,1016445,1285809,1354820,1254594,337727,795522,522621,5348532,4307065
21-10-2021,Pro,37678,27766,296483,113726,378768,332344,469553,313754,229508,316277,530257,161655,1591057,1616711
21-10-2021,DII,8530,85899,46524,1329624,401,77118,0,0,0,0,94000,0,132573,1509523
21-10-2021,TOTAL,329998,329998,2391252,2391252,1981942,1914071,1981942,1914071,1582008,759842,1582008,759842,8959113,8959113
21-10-2021,FII,106146,61375,757056,754566,331840,488165,226580,245498,97906,105838,162229,75566,1886951,1525814
22-10-2021,Client,178122,156338,1298756,186894,1881175,1370168,1813391,1725588,1270945,331064,799708,513766,6330230,5195685
22-10-2021,Pro,44691,24956,301396,119768,506064,439932,651657,411158,232850,318222,544202,165512,1843155,1917253
22-10-2021,TOTAL,329770,329770,2405167,2405167,2799619,2435806,2799619,2435806,1600035,751620,1600035,751620,10322017,10322017
22-10-2021,FII,98870,60877,758655,765676,411980,556771,334572,299060,96240,102334,162278,72342,2024850,1694805
22-10-2021,DII,8087,87599,46360,1332829,401,68935,0,0,0,0,93847,0,123783,1514275
25-10-2021,DII,8087,88339,49820,1338273,401,64190,0,0,0,0,92156,0,122498,1518768
25-10-2021,Client,180618,159453,1306169,186176,2067443,1698062,1966674,1984729,1234026,328403,771604,490503,6814721,5559139
25-10-2021,Pro,52431,23048,296669,122300,517803,469993,708983,505088,231082,306711,542233,166983,1874689,2068635
25-10-2021,FII,99101,69397,769521,775430,424093,576042,334083,318470,96725,97679,155840,75307,2063161,1728527
25-10-2021,TOTAL,340237,340237,2422179,2422179,3009740,2808286,3009740,2808286,1561833,732793,1561833,732793,10875068,10875068
26-10-2021,FII,98504,72390,748756,753015,418604,599054,319394,348694,94786,93563,148684,78583,2053267,1720760
26-10-2021,Client,184916,154135,1321349,187482,2020393,1846404,2010711,2108229,1175182,330817,744595,473445,6879061,5678597
26-10-2021,Pro,48399,23854,296316,128988,544290,493122,653582,545847,236332,303779,519911,176131,1922237,2048313
26-10-2021,TOTAL,339906,339906,2416858,2416858,2983687,3002769,2983687,3002769,1506300,728159,1506300,728159,10977679,10977679
26-10-2021,DII,8087,89527,50437,1347373,401,64190,0,0,0,0,93110,0,123115,1530010
27-10-2021,TOTAL,374985,374985,2426188,2426188,3580736,2965459,3580736,2965459,1406064,705470,1406064,705470,11458902,11458902
27-10-2021,FII,94602,95521,733801,754627,482951,632058,395995,356451,87119,85888,128913,69251,2116419,1800758
27-10-2021,DII,8087,90728,50716,1346895,401,64790,0,0,0,0,92600,0,123994,1530223
27-10-2021,Client,211077,160067,1345019,193879,2539560,1749095,2352865,2095188,1070469,307256,689027,452928,7222475,5943953
27-10-2021,Pro,61219,28669,296652,130787,557825,519516,831877,513821,248476,312326,495524,183291,1996014,2183968
28-10-2021,Client,172290,127149,1278952,141261,1400562,799579,1290578,1113079,548551,142348,328035,263210,4342282,3263312
28-10-2021,FII,79356,68956,680137,731379,226445,376276,196540,173540,26552,28562,47393,21420,1417328,1239228
28-10-2021,Pro,48232,20398,248478,61316,348693,328808,488983,254778,72271,169117,271235,55397,1215599,1152107
28-10-2021,DII,6771,90146,37776,1311387,401,36734,0,0,0,0,711,0,81682,1402244
28-10-2021,TOTAL,306649,306649,2245343,2245343,1976101,1541396,1976101,1541396,647374,340027,647374,340027,7056890,7056890
29-10-2021,TOTAL,319452,319452,2695190,2695190,2985682,2083837,2985682,2083837,914747,455887,914747,455887,9454795,9454795
29-10-2021,Pro,51168,20899,306146,75718,562864,462433,750985,378080,107012,216321,377246,77923,1705944,1680851
29-10-2021,DII,6771,90146,42329,1581666,401,37014,0,0,0,0,10547,0,86515,1682359
29-10-2021,FII,88598,70686,832409,866768,334534,429264,304704,215105,39215,43737,67255,31937,1767757,1556455
29-10-2021,Client,172915,137721,1514306,171038,2087884,1155126,1929994,1490652,768520,195829,459699,346027,5894580,4535131
01-11-2021,FII,89904,71358,836070,870588,383852,469209,311623,260607,43990,45629,77603,41005,1868654,1632784
01-11-2021,Pro,52957,21027,311306,81757,657864,585945,738924,531993,127485,224395,399764,89224,1959952,1862688
01-11-2021,Client,172095,138442,1529182,171043,2069213,1630376,2060783,1933945,836338,218342,512693,358137,6455546,5175043
01-11-2021,TOTAL,320973,320973,2719147,2719147,3111330,2726544,3111330,2726544,1007813,488366,1007813,488366,10374173,10374173
01-11-2021,DII,6017,90146,42589,1595759,401,41014,0,0,0,0,17753,0,90021,1703658
02-11-2021,Pro,45526,19316,321723,82964,659110,570633,854783,520878,143169,247507,436486,100034,1987668,2014461
02-11-2021,TOTAL,308119,308119,2738105,2738105,3620776,2822616,3620776,2822616,1109274,531324,1109274,531324,11130214,11130214
02-11-2021,FII,77353,75600,829712,868987,398460,490698,352084,264937,49494,51159,87517,45736,1896876,1694861
02-11-2021,DII,5668,90226,43165,1594336,401,43014,0,0,0,0,29205,0,92248,1713767
02-11-2021,Client,179572,122977,1543505,191818,2562806,1718271,2413909,2036802,916611,232658,556066,385554,7153423,5707126
03-11-2021,Client,181746,127985,1553615,196696,1219124,863153,1181985,1183410,976758,242251,589686,402898,5036647,3682660
03-11-2021,TOTAL,312423,312423,2763853,2763853,1786170,1635960,1786170,1635960,1185096,559079,1185096,559079,8242581,8242581
03-11-2021,DII,5666,91228,42355,1594921,401,43014,0,0,0,0,42807,0,91436,1728956
03-11-2021,FII,82546,74717,838255,888936,234956,393951,178661,175629,54927,55681,95928,47574,1660316,1461445
03-11-2021,Pro,42465,18493,329628,83300,331689,335843,425524,276922,153411,261147,456675,108607,1454183,1369521
04-11-2021,Pro,46319,19651,328690,79593,413347,448497,482134,378962,154821,257676,452005,110205,1649350,1522550
04-11-2021,Client,179355,128390,1552738,197490,1431415,1100167,1414441,1418263,981693,248429,600919,403948,5493797,4163451
04-11-2021,TOTAL,314054,314054,2764615,2764615,2091774,2003669,2091774,2003669,1192172,562665,1192172,562665,8928949,8928949
04-11-2021,FII,82714,74803,840832,892611,246612,411991,195199,206445,55658,56560,96441,48512,1694367,1514011
04-11-2021,DII,5666,91210,42355,1594921,401,43014,0,0,0,0,42807,0,91436,1728938
08-11-2021,DII,5666,91180,43776,1606012,401,43014,0,0,0,0,51840,0,92857,1749032
08-11-2021,FII,97016,64182,842471,914459,373058,467144,291813,245979,59911,60275,97997,52877,1899875,1667307
08-11-2021,Client,170252,134415,1574976,178975,1829780,1593705,1860795,1911140,986229,268635,620896,411008,6423577,5117229
08-11-2021,Pro,40284,23441,329945,91722,586813,557526,637444,504271,168214,257080,443621,122105,1939862,1822603
08-11-2021,TOTAL,313218,313218,2791168,2791168,2790051,2661389,2790051,2661389,1214354,585990,1214354,585990,10356170,10356170
09-11-2021,DII,5635,91180,44057,1608374,401,43014,0,0,0,0,71648,0,93107,1771202
09-11-2021,TOTAL,310826,310826,2819298,2819298,3271413,2736155,3271413,2736155,1319910,619964,1319910,619964,11077566,11077566
09-11-2021,Pro,47117,21917,341375,97594,651915,584567,772573,496413,182984,275529,480373,129342,2083486,1998212
09-11-2021,FII,75629,71398,837094,916912,382429,474251,313096,219004,64506,64552,106701,54760,1898461,1681871
09-11-2021,Client,182445,126331,1596772,196418,2236669,1634324,2185744,2020739,1072420,279883,661188,435862,7002513,5626282
10-11-2021,Client,195201,130934,1614516,215970,2534870,1715603,2425089,2129152,1148778,292937,701348,457331,7501905,6059824
10-11-2021,TOTAL,319525,319525,2850183,2850183,3591976,2865475,3591976,2865475,1409457,655499,1409457,655499,11692114,11692114
10-11-2021,DII,13429,91202,44611,1602544,401,43014,0,0,0,0,83032,0,101455,1776778
10-11-2021,FII,74244,75831,839245,934461,392686,517614,339749,248036,68896,68890,113026,58586,1961575,1769689
10-11-2021,Pro,36651,21558,351811,97208,664019,589244,827138,488287,191783,293672,512051,139582,2127180,2085824
11-11-2021,FII,80979,80304,841205,943475,286424,446745,238904,180725,70696,71638,120236,59115,1797687,1622759
11-11-2021,Client,205079,142034,1616001,229776,1361029,924232,1326287,1299671,1230116,288870,739669,472655,5625327,4210092
11-11-2021,TOTAL,335016,335016,2865938,2865938,2028317,1776026,2028317,1776026,1494225,675041,1494225,675041,9174563,9174563
11-11-2021,DII,13429,90228,44446,1597005,401,43014,0,0,0,0,90817,0,101290,1778050
11-11-2021,Pro,35529,22450,364286,95682,380463,362036,463126,295631,193413,314533,543503,143271,1650260,1563663
12-11-2021,Client,174182,127404,1598909,201522,1635035,1489672,1728800,1832047,1220262,312909,760027,470808,6430968,5120607
12-11-2021,Pro,28130,22157,352706,101476,547554,523149,553726,471325,208472,302486,528453,152998,1962496,1830135
12-11-2021,FII,95292,71260,850384,944490,411365,497266,311828,249729,73719,70672,120505,62261,1998698,1760073
12-11-2021,TOTAL,311033,311033,2848396,2848396,2594354,2553100,2594354,2553100,1502453,686067,1502453,686067,10495403,10495403
12-11-2021,DII,13429,90212,46397,1600908,401,43014,0,0,0,0,93468,0,103241,1784588
15-11-2021,DII,13429,90212,50563,1602169,401,48014,0,0,0,0,101642,0,112407,1794023
15-11-2021,Client,175509,135207,1604973,198579,2298763,1621206,2236083,1970250,1254989,322630,785096,472806,7278070,5798021
15-11-2021,Pro,36293,20693,349694,108379,615699,552091,775389,519362,216157,301805,534414,161109,2071739,2119345
15-11-2021,TOTAL,319810,319810,2860089,2860089,3349985,2738179,3349985,2738179,1546761,698127,1546761,698127,11512951,11512951
15-11-2021,FII,94579,73698,854859,950962,435122,516868,338513,248568,75615,73692,125609,64212,2050735,1801562
16-11-2021,DII,13429,88236,54409,1602236,401,48014,0,0,0,0,102126,0,116253,1792598
16-11-2021,FII,90415,75764,865136,962591,442842,529079,382681,246067,77477,74371,128737,64762,2079320,1860602
16-11-2021,Client,186129,143196,1613114,205343,2642629,1564262,2490468,1990767,1271943,329413,797058,482536,7607490,6109368
16-11-2021,Pro,41075,23852,352131,114620,645060,588875,857782,493397,216517,306645,538016,163131,2150303,2190798
16-11-2021,TOTAL,331048,331048,2884790,2884790,3730931,2730230,3730931,2730230,1565937,710429,1565937,710429,11953365,11953365
17-11-2021,TOTAL,332989,332989,2900651,2900651,4054002,2846714,4054002,2846714,1575585,723034,1575585,723034,12432974,12432974
17-11-2021,DII,13429,87301,55086,1599067,401,53014,0,0,0,0,102245,0,121930,1788613
17-11-2021,Pro,37803,22934,353013,119592,697839,599452,946210,509278,214484,303803,537824,165520,2206394,2301358
17-11-2021,Client,188509,145364,1621427,211754,2900208,1656364,2707086,2067912,1280665,342911,805824,491177,7990084,6429117
17-11-2021,FII,93248,77390,871125,970238,455554,537884,400706,269524,80436,76320,129692,66337,2114567,1913887
18-11-2021,TOTAL,344416,344416,2892698,2892698,2272534,1809207,2272534,1809207,1555305,692129,1555305,692129,9566289,9566289
18-11-2021,Client,198268,150288,1613676,201834,1506851,939168,1479324,1333550,1265311,315856,788517,473774,5839130,4427287
18-11-2021,DII,13429,87315,55843,1600849,401,49664,0,0,0,0,102245,0,119337,1790409
18-11-2021,FII,97376,83551,873726,970214,356899,465544,277993,163919,81524,74845,131949,63709,1949914,1691335
18-11-2021,Pro,35343,23262,349453,119801,408384,354831,515217,311739,208470,301428,532594,154646,1657909,1657259
22-11-2021,Client,200758,158532,1594222,187172,2525460,1231823,2362250,1586949,1219120,281370,753783,443237,7052753,5491923
22-11-2021,TOTAL,355769,355769,2879249,2879249,3610661,2219686,3610661,2219686,1504637,647151,1504637,647151,11217153,11217153
22-11-2021,Pro,42131,26132,346775,122794,572614,394795,840349,410573,204802,291940,526619,146587,1853057,2073053
22-11-2021,FII,99451,84221,881779,959203,512187,546604,408063,222165,80715,73841,122812,57327,2194577,1853791
22-11-2021,DII,13429,86884,56473,1610080,401,46464,0,0,0,0,101423,0,116767,1798387
23-11-2021,Client,197473,161535,1556835,190046,2379504,1637758,2312703,1940575,1152856,295716,724089,437176,7220142,5766124
23-11-2021,FII,105000,86479,898267,937714,518259,590037,386501,284019,81021,71716,118747,59529,2264300,1872989
23-11-2021,DII,13429,86875,57994,1612044,401,38235,0,0,0,0,101423,0,110059,1800342
23-11-2021,TOTAL,358918,358918,2861737,2861737,3436431,2723177,3436431,2723177,1447277,654261,1447277,654261,11481800,11481800
23-11-2021,Pro,43016,24029,348641,121933,538267,457147,737227,498583,213400,286829,503018,157556,1887300,2042346
24-11-2021,FII,114794,98185,885354,912002,519697,596728,382584,298296,75071,70075,110619,57763,2261719,1859449
24-11-2021,Client,190132,155595,1549276,191212,2636334,1782047,2536401,2092517,1038239,275465,653300,424203,7471493,6053228
24-11-2021,TOTAL,363295,363295,2841672,2841672,3766948,2943231,3766948,2943231,1336309,641488,1336309,641488,11892943,11892943
24-11-2021,DII,13429,86861,59214,1622685,401,45337,0,0,0,0,101525,0,118381,1811071
24-11-2021,Pro,44940,22654,347828,115773,610517,519119,847963,552419,222999,295948,470865,159522,2041351,2169196
25-11-2021,TOTAL,314517,314517,2683758,2683758,1490520,1646574,1490520,1646574,538504,329716,538504,329716,7003588,7003588
25-11-2021,Client,155380,155659,1497231,156203,932956,839416,1015364,1164056,439763,155225,278646,255406,4019971,3025334
25-11-2021,DII,14779,86849,45313,1615170,401,45591,0,0,0,0,671,0,106084,1702690
25-11-2021,FII,119675,52199,868300,845435,271450,443943,147840,183617,25225,28095,39138,21440,1756688,1289668
25-11-2021,Pro,24683,19810,272914,66950,285714,317624,327317,298901,73516,146396,220049,52870,1120847,985897
26-11-2021,DII,14779,86498,43428,1624963,401,45723,0,0,0,0,5509,0,104331,1716970
26-11-2021,Client,190918,168038,1491136,168351,2112790,1001217,2005612,1406422,571436,172894,355875,307680,5540390,4411977
26-11-2021,TOTAL,345028,345028,2729636,2729636,2991724,1973975,2991724,1973975,706849,416388,706849,416388,9163600,9163600
26-11-2021,Pro,41084,22344,288782,68724,521049,412448,699503,358584,100574,207656,289705,75902,1571593,1514762
26-11-2021,FII,98247,68148,906290,867598,357485,514588,286610,208970,34839,35838,55760,32806,1947287,1519892
29-11-2021,Pro,31006,19934,283821,68193,661835,489416,778370,475708,113992,212543,298627,85424,1792613,1726255
29-11-2021,TOTAL,336554,336554,2754455,2754455,3179130,2484610,3179130,2484610,774067,447490,774067,447490,9976305,9976305
29-11-2021,DII,17372,86629,44511,1647523,401,42623,0,0,0,0,7916,0,104907,1742068
29-11-2021,Client,172951,169856,1497388,164836,2169747,1449304,2133458,1756665,621036,194406,406952,326613,6104832,4958380
29-11-2021,FII,115225,60135,928735,873903,347147,503267,267302,252238,39039,40541,60572,35453,1973954,1549603
30-11-2021,FII,126715,52960,969560,861054,389986,535905,303658,295267,40387,43423,63518,36018,2105976,1612475
30-11-2021,DII,17643,86729,42349,1693449,401,43481,0,0,0,0,9901,0,103874,1790079
30-11-2021,TOTAL,349130,349130,2793366,2793366,3398619,2663799,3398619,2663799,827452,472322,827452,472322,10504688,10504688
30-11-2021,Client,172768,186766,1498095,167427,2387260,1546136,2326777,1876215,660570,207454,443584,344156,6472282,5344924
30-11-2021,Pro,32004,22675,283362,71436,620973,538278,768185,492318,126495,221445,310449,92148,1822557,1757211
01-12-2021,Client,169621,190895,1499433,170663,2284125,2093610,2338139,2336309,680227,228743,468991,360183,6955759,5865180
01-12-2021,FII,133624,49180,992556,857772,479736,610977,364649,388322,44417,43000,65060,36627,2304310,1761609
01-12-2021,DII,17828,86754,43060,1713005,401,51566,0,0,0,0,16031,0,112855,1815790
01-12-2021,TOTAL,351925,351925,2814287,2814287,3471583,3420572,3471583,3420572,861146,498488,861146,498488,11418001,11418001
01-12-2021,Pro,30852,25096,279238,72847,707323,664419,768796,695941,136502,226745,311064,101678,2045078,1975422
02-12-2021,FII,135245,48946,1000283,861541,314153,505808,176879,268503,47646,45029,65589,38684,2048164,1460141
02-12-2021,Pro,31136,22788,279297,75161,355639,403117,362946,430915,146040,225174,310109,107968,1440403,1309887
02-12-2021,DII,17654,86734,43876,1714632,401,58004,0,0,0,0,20184,0,119935,1821550
02-12-2021,Client,166902,192469,1502346,174468,986828,1106861,1117195,1374373,693714,249147,491518,372698,4705798,3722721
02-12-2021,TOTAL,350937,350937,2825802,2825802,1657020,2073790,1657020,2073790,887400,519350,887400,519350,8314298,8314298
03-12-2021,DII,17855,88117,43616,1716818,588,54110,0,0,0,0,23801,0,116169,1828736
03-12-2021,FII,114465,55054,990535,833679,371513,548342,272506,272595,48922,47270,69530,39100,2121047,1542464
03-12-2021,TOTAL,345056,345056,2825226,2825226,2829733,2365981,2829733,2365981,962417,542647,962417,542647,9871060,9871060
03-12-2021,Client,188595,176438,1504194,194312,1887389,1287332,1888135,1666784,768317,255696,529521,392690,5891523,4847880
03-12-2021,Pro,24141,25447,286881,80417,570244,476197,669092,426603,145178,239681,339565,110857,1742322,1651981
06-12-2021,FII,108307,62453,983584,841263,465202,592765,368930,275969,46997,49436,73287,38658,2246291,1660560
06-12-2021,Pro,27369,24829,297502,79154,674827,532326,912592,483394,141227,256702,368671,112275,1929953,1980915
06-12-2021,Client,202425,179940,1507626,195949,2620845,1389452,2479939,1802930,843805,254119,561550,409324,6818272,5629632
06-12-2021,TOTAL,356942,356942,2832437,2832437,3761461,2562292,3761461,2562292,1032029,560257,1032029,560257,11105418,11105418
06-12-2021,DII,18841,89720,43725,1716071,588,47749,0,0,0,0,28521,0,110903,1834312
07-12-2021,Client,176123,172465,1499179,189690,2113727,1992089,2187359,2271071,831721,269218,569363,409752,6882057,5799700
07-12-2021,TOTAL,343398,343398,2822767,2822767,3277397,3273404,3277397,3273404,1035222,565709,1035222,565709,11317897,11317897
07-12-2021,DII,18345,89720,43486,1720595,588,53749,0,0,0,0,40104,0,116168,1850419
07-12-2021,FII,123253,51030,993499,830323,494352,612648,337118,329464,51544,49642,72014,39647,2324938,1659596
07-12-2021,Pro,25677,30183,286603,82159,668730,614918,752920,672870,151957,246849,353741,116310,1994734,2008182
08-12-2021,Client,170921,173277,1492030,186392,1934498,2482580,2052913,2631139,810701,291345,572304,408256,7182075,6024281
08-12-2021,DII,19975,86268,43511,1714931,588,57900,0,0,0,0,45269,0,121974,1846468
08-12-2021,Pro,22942,33196,280294,85387,723282,722281,720721,874968,168324,239008,343955,128841,2156130,2187068
08-12-2021,TOTAL,340087,340087,2805165,2805165,3139803,3882280,3139803,3882280,1035779,579481,1035779,579481,11782595,11782595
08-12-2021,FII,126249,47346,989330,818455,481436,619520,366169,376174,56754,49128,74251,42384,2322417,1724779
09-12-2021,Pro,19970,30911,288538,92911,315321,344024,373045,406516,173915,244049,365291,136471,1385816,1405145
09-12-2021,FII,124380,53535,981274,816011,326840,519105,198427,242346,57528,51614,75861,43413,2060741,1429592
09-12-2021,DII,19074,86268,44400,1713608,588,55880,0,0,0,0,48025,0,119942,1847901
09-12-2021,Client,184962,177672,1507287,198969,1040540,1110052,1111816,1380199,841378,306250,583644,422029,4990469,3874329
09-12-2021,TOTAL,348386,348386,2821499,2821499,1683288,2029061,1683288,2029061,1072821,601913,1072821,601913,8556967,8556967
10-12-2021,FII,109437,53608,971276,812370,356615,552617,236571,275750,60214,55043,80627,46116,2105202,1505041
10-12-2021,TOTAL,340802,340802,2842519,2842519,2271754,2606746,2271754,2606746,1139746,636640,1139746,636640,9838207,9838207
10-12-2021,Pro,18895,36313,300516,99788,465094,494981,488121,514643,186508,257821,395524,148667,1723815,1683055
10-12-2021,Client,193773,164613,1527240,214979,1449458,1503268,1547063,1816354,893024,323776,612064,441857,5890539,4796930
10-12-2021,DII,18697,86268,43487,1715382,588,55880,0,0,0,0,51531,0,118652,1853181
13-12-2021,FII,108191,62933,953134,825429,457508,596453,350527,292769,64803,57062,88996,47617,2237151,1668270
13-12-2021,Pro,21382,32236,315019,103609,678752,559931,847273,545538,187919,275699,438237,153261,2038702,2120154
13-12-2021,TOTAL,334747,334747,2851965,2851965,3525062,2817475,3525062,2817475,1226559,653021,1226559,653021,11408829,11408829
13-12-2021,Client,186534,153298,1539952,212298,2388215,1602762,2327263,1979168,973837,320260,643031,452143,7011560,5767201
13-12-2021,DII,18640,86280,43860,1710629,588,58329,0,0,0,0,56295,0,121417,1853204
14-12-2021,Client,208273,153324,1562107,227498,2621742,1762058,2505483,2144684,1036578,322973,674782,465829,7513731,6171600
14-12-2021,FII,104561,78421,943160,843590,448923,629968,382529,322009,66091,59795,92403,48777,2252498,1767728
14-12-2021,TOTAL,355320,355320,2873932,2873932,3774967,3034900,3774967,3034900,1293480,669837,1293480,669837,12002435,12002435
14-12-2021,DII,17416,85286,43236,1700475,588,59329,0,0,0,0,63480,0,120569,1849241
14-12-2021,Pro,25070,38289,325429,102369,703715,583545,886955,568207,190811,287069,462815,155231,2115638,2213866
15-12-2021,Pro,25822,33570,337170,102204,795453,673759,1027306,612367,192561,302796,494006,156082,2327561,2425535
15-12-2021,TOTAL,360937,360937,2890010,2890010,4172861,3165456,4172861,3165456,1363984,684269,1363984,684269,12637517,12637517
15-12-2021,DII,16373,84608,42386,1697017,588,59349,0,0,0,0,66164,0,118696,1847789
15-12-2021,FII,101793,80360,929488,855104,509922,666661,399990,318336,69297,62227,97235,49718,2339388,1800743
15-12-2021,Client,216949,162399,1580966,235685,2866899,1765687,2745565,2234754,1102126,319246,706579,478469,7851873,6563451
16-12-2021,Pro,22338,28339,338855,107084,415298,377055,551980,364844,195312,303422,494294,159664,1652280,1706205
16-12-2021,DII,15200,85874,42086,1702949,588,58422,0,0,0,0,68232,0,116296,1857055
16-12-2021,Client,202267,156487,1580696,218384,1455539,1029088,1437650,1424381,1121330,323234,724193,480420,5712154,4441515
16-12-2021,FII,101763,70868,915410,848630,382268,559041,264063,234381,70421,64010,100344,50582,2092913,1568868
16-12-2021,TOTAL,341568,341568,2877047,2877047,2253693,2023606,2253693,2023606,1387063,690666,1387063,690666,9573642,9573642
17-12-2021,FII,99901,74317,909362,839006,460274,663241,385377,349348,69594,65847,105726,52925,2268219,1806699
17-12-2021,DII,15200,85446,45201,1686440,819,52232,0,0,0,0,73702,0,113452,1845588
17-12-2021,Pro,32718,27454,335091,111077,657841,522739,863041,460540,199816,309150,510700,161275,2057355,2134087
17-12-2021,TOTAL,359984,359984,2848640,2848640,3597010,2534326,3597010,2534326,1451705,692077,1451705,692077,11483742,11483742
17-12-2021,Client,212165,172767,1558986,212117,2478077,1296115,2348593,1724439,1182295,317080,761577,477877,7044717,5697369
20-12-2021,FII,89318,77743,915474,834252,518554,698207,443017,392487,68416,67487,112302,54829,2357456,1914630
20-12-2021,TOTAL,354648,354648,2808484,2808484,4262541,2749918,4262541,2749918,1458408,657658,1458408,657658,12291657,12291657
20-12-2021,DII,15645,77849,45729,1686098,819,42170,0,0,0,0,74676,0,104363,1838623
20-12-2021,Pro,45778,22906,332647,99709,781533,549548,1087427,538083,194083,303088,507969,153513,2206677,2409607
20-12-2021,Client,203907,176150,1514634,188425,2961636,1459993,2732098,1819348,1195909,287083,763461,449316,7623162,6128798
21-12-2021,Pro,37114,23187,320473,106065,692817,597360,919211,594662,198769,293744,494481,164889,2140277,2302495
21-12-2021,FII,98975,51173,937032,821414,502872,652918,395102,354343,66689,67922,108384,56195,2326408,1786611
21-12-2021,Client,185444,186189,1502521,192283,2677590,1742404,2559785,2087461,1175866,316589,762667,457171,7600414,6245556
21-12-2021,DII,15645,76629,47455,1687719,819,43784,0,0,0,0,75792,0,107703,1840140
21-12-2021,TOTAL,337178,337178,2807481,2807481,3874098,3036466,3874098,3036466,1441324,678255,1441324,678255,12174801,12174801
22-12-2021,Client,197041,178851,1505870,210916,2592290,2239679,2543219,2475838,1134680,344313,753490,463356,8013873,6625670
22-12-2021,Pro,31529,26514,315449,115280,748655,665250,903567,749930,208563,286260,474931,177812,2255706,2448034
22-12-2021,TOTAL,338428,338428,2813256,2813256,3818632,3602988,3818632,3602988,1410588,699792,1410588,699792,12683684,12683684
22-12-2021,DII,15645,77257,48581,1690422,819,46305,0,0,0,0,75792,0,111350,1843471
22-12-2021,FII,94213,55806,943356,796638,476869,651754,371846,377221,67345,69219,106375,58624,2302756,1766509
23-12-2021,DII,15058,75803,49196,1688533,819,50305,0,0,0,0,79754,0,115378,1844090
23-12-2021,Client,191681,175562,1491955,216203,1274309,1092505,1287303,1416721,1123322,357410,749111,464778,5531182,4309678
23-12-2021,TOTAL,337576,337576,2807395,2807395,2017019,2020417,2017019,2020417,1407890,712852,1407890,712852,9303148,9303148
23-12-2021,FII,104489,54600,950343,779941,402362,546004,246865,225425,67313,68885,104742,60693,2139396,1472265
23-12-2021,Pro,26348,31611,315901,122718,339530,331603,482851,378272,217255,286557,474283,187381,1517194,1677116
24-12-2021,DII,14638,75763,49010,1686321,819,58305,0,0,0,0,80419,0,122772,1842503
24-12-2021,FII,104203,53486,946178,771765,377753,548826,253419,257393,68314,68899,101943,59417,2114173,1497422
24-12-2021,Pro,28105,30302,319497,129722,486789,425604,602975,447493,221226,287425,471146,185981,1768646,1867619
24-12-2021,TOTAL,343945,343945,2807405,2807405,2664334,2496243,2664334,2496243,1400117,713261,1400117,713261,10425305,10425305
24-12-2021,Client,196999,184394,1492720,219597,1798974,1463509,1807941,1791358,1110577,356937,746609,467863,6419715,5217761
27-12-2021,TOTAL,361681,361681,2827599,2827599,2921458,3478388,2921458,3478388,1372776,730796,1372776,730796,11692698,11692698
27-12-2021,DII,14711,74663,50825,1694377,819,77564,0,0,0,0,81802,0,143919,1850842
27-12-2021,Pro,29196,40904,325325,140225,546376,643471,644258,773789,229248,289384,456618,197853,2063000,2253647
27-12-2021,Client,214272,193993,1496707,219522,1886179,2128379,1993762,2374350,1071469,370045,732883,470852,7167051,5985362
27-12-2021,FII,103502,52121,954742,773475,488085,628974,283438,330250,72059,71367,101473,62091,2318729,1602847
28-12-2021,TOTAL,362411,362411,2817004,2817004,3131510,3686436,3131510,3686436,1319400,739139,1319400,739139,12055900,12055900
28-12-2021,Client,213574,191927,1489011,216951,2053649,2321713,2134594,2556244,1001852,375352,698356,459912,7455151,6257984
28-12-2021,DII,14711,74981,53190,1691478,819,79564,0,0,0,0,81404,0,148284,1847863
28-12-2021,FII,105468,54463,956314,763743,535638,638375,325832,331174,73942,71963,103671,67334,2381700,1646216
28-12-2021,Pro,28658,41040,318489,144832,541405,646784,671084,799019,243606,291824,435969,211893,2070766,2303837
29-12-2021,Client,207693,184330,1483099,207608,2518943,2340974,2506541,2645697,924184,346249,645375,444045,7821142,6633596
29-12-2021,TOTAL,362930,362930,2807665,2807665,3768965,3735024,3768965,3735024,1254944,724230,1254944,724230,12653758,12653758
29-12-2021,Pro,28598,40074,319804,140351,638381,648732,872279,774521,255128,306190,426520,212232,2196833,2465976
29-12-2021,FII,112319,63201,950835,763160,610823,661854,390146,314807,75632,71791,101997,67953,2483254,1701263
29-12-2021,DII,14320,75325,53927,1696546,819,83464,0,0,0,0,81052,0,152530,1852923
30-12-2021,Client,154938,149602,1420795,155048,823230,890167,911811,1094770,386751,146457,264173,243413,3822338,2818817
30-12-2021,FII,111504,57225,910758,719847,220082,276554,106792,140137,28703,31467,35995,23034,1579067,1083030
30-12-2021,DII,14274,73011,37167,1675856,819,64363,0,0,0,0,0,0,116623,1748867
30-12-2021,TOTAL,304222,304222,2616439,2616439,1364951,1562792,1364951,1562792,485717,319608,485717,319608,6653729,6653729
30-12-2021,Pro,23506,24384,247719,65688,320821,331709,346348,327885,70263,141684,185549,53161,1135702,1003015
31-12-2021,FII,122392,57944,921474,713193,238980,313560,140223,197688,36912,40080,50673,32392,1673397,1192113
31-12-2021,Client,161888,156959,1432361,163188,1239818,1509480,1345698,1679267,457550,184876,317537,273132,4985973,3935781
31-12-2021,TOTAL,321868,321868,2644078,2644078,1922059,2401512,1922059,2401512,596089,383670,596089,383670,8269275,8269275
31-12-2021,DII,14824,71232,37367,1693256,819,72538,0,0,0,0,12523,0,125548,1777011
31-12-2021,Pro,22764,35733,252876,74441,442443,505935,436138,524557,101627,158714,215356,78146,1484358,1364371
03-01-2022,TOTAL,333065,333065,2653280,2653280,2237738,3301997,2237738,3301997,686514,428692,686514,428692,9641285,9641285
03-01-2022,Client,170144,163764,1448260,169503,1406545,2282579,1500671,2324827,508110,220003,358567,297100,6035640,4814432
03-01-2022,DII,14304,71357,38071,1691586,819,80747,0,0,0,0,34877,0,133941,1797820
03-01-2022,FII,127535,55563,913854,711756,306326,342071,216510,230730,43094,42159,54464,34277,1775038,1303300
03-01-2022,Pro,21082,42381,253095,80435,524049,596601,520558,746440,135310,166530,238606,97315,1696667,1725734
04-01-2022,DII,14293,71340,40006,1685602,819,79923,0,0,0,0,50840,0,135041,1807782
04-01-2022,Client,160275,169712,1457145,172744,1648607,2549074,1683383,2496883,556040,243668,389225,318353,6614808,5230300
04-01-2022,TOTAL,322706,322706,2659982,2659982,2432064,3610363,2432064,3610363,757137,466191,757137,466191,10248442,10248442
04-01-2022,Pro,20344,33498,259845,83788,486161,625218,531536,861408,154928,179249,258875,111297,1725745,1880401
04-01-2022,FII,127794,48156,902986,717848,296478,356149,217146,252072,46169,43274,58197,36541,1772849,1329960
05-01-2022,Pro,21228,29730,266214,92235,533418,715903,689904,1049779,180599,191567,279556,129294,1908929,2270497
05-01-2022,TOTAL,326959,326959,2686947,2686947,2792346,4218354,2792346,4218354,829011,510681,829011,510681,11364298,11364298
05-01-2022,DII,15476,71516,42220,1689257,819,81793,0,0,0,0,63976,0,140308,1824749
05-01-2022,Client,158949,179105,1477664,181799,1928066,3014072,1847145,2867530,597363,271949,421122,339007,7448063,5835707
05-01-2022,FII,131306,46608,900849,723656,330044,406587,255298,301046,51049,47165,64357,42380,1866999,1433345
06-01-2022,FII,107018,55951,897790,743153,235209,364489,151189,196637,55494,49471,69330,44034,1709470,1260294
06-01-2022,DII,17544,71516,42564,1691694,819,80226,0,0,0,0,68668,0,141153,1831878
06-01-2022,TOTAL,319091,319091,2735517,2735517,1654013,1997461,1654013,1997461,919301,542459,919301,542459,8167842,8167842
06-01-2022,Client,172394,155422,1508448,204441,1040832,1137761,1074248,1327251,680686,277982,460633,365387,4818103,3587381
06-01-2022,Pro,22135,36202,286715,96229,377155,414986,428577,473574,183121,215006,320670,133038,1499117,1488290
07-01-2022,Client,177818,168694,1509725,212375,1681644,1588597,1660630,1804288,743049,300460,502728,388287,6001292,4737002
07-01-2022,FII,106802,49564,904122,748871,231356,387453,181176,232808,56852,54575,74352,47791,1741159,1334562
07-01-2022,DII,20189,71527,43484,1690736,819,81618,0,0,0,0,75905,0,146110,1838168
07-01-2022,TOTAL,326402,326402,2757967,2757967,2435753,2641916,2435753,2641916,1005619,587201,1005619,587201,9754858,9754858
07-01-2022,Pro,21593,36617,300636,105985,521936,584249,593948,604820,205718,232166,352634,151123,1866297,1845127
10-01-2022,FII,107888,56493,906864,754041,292057,426241,216169,273077,62983,59422,80284,51897,1855454,1431961
10-01-2022,Pro,22286,43801,303354,117710,536411,646257,576660,741780,227781,244422,378647,178872,1980511,2037470
10-01-2022,DII,19558,71527,45003,1688418,819,77728,0,0,0,0,79732,0,143108,1839677
10-01-2022,Client,190899,168810,1525602,220654,1669384,2132035,1705841,2267403,791708,334880,543809,407955,6644507,5314472
10-01-2022,TOTAL,340631,340631,2780823,2780823,2498669,3282260,2498669,3282260,1082472,638724,1082472,638724,10623579,10623579
11-01-2022,DII,18824,71538,45973,1678435,819,77728,0,0,0,0,82074,0,143344,1832047
11-01-2022,FII,98591,51097,898348,767432,293319,410344,221553,273852,65984,60407,84956,53217,1826992,1452107
11-01-2022,TOTAL,327629,327629,2784304,2784304,2778371,3455097,2778371,3455097,1153514,667632,1153514,667632,11166547,11166547
11-01-2022,Client,188197,167429,1531294,224193,1922759,2314587,1914695,2423073,853428,351776,583626,428066,7162040,5741082
11-01-2022,Pro,22017,37565,308689,114244,561476,652439,642124,758172,234102,255449,402858,186349,2034172,2141312
12-01-2022,Pro,25809,33636,307258,127656,626965,706162,736601,872473,263299,263615,420976,214818,2193108,2406160
12-01-2022,Client,183748,169207,1531263,218944,2068946,2544711,2039475,2599474,891766,393483,627486,449360,7613917,6103945
12-01-2022,TOTAL,330845,330845,2787839,2787839,3027098,3776241,3027098,3776241,1227796,720727,1227796,720727,11870546,11870546
12-01-2022,DII,18720,71549,47060,1676834,819,78127,0,0,0,0,87850,0,144726,1836233
12-01-2022,FII,102568,56453,902258,764405,330370,447241,251023,304294,72731,63629,91484,56549,1918796,1524208
13-01-2022,TOTAL,329007,329007,2798519,2798519,1742503,2159855,1742503,2159855,1312482,758630,1312482,758630,9100996,9100996
13-01-2022,DII,18532,71607,48284,1667640,819,77727,0,0,246,0,89832,0,145608,1829079
13-01-2022,Client,166272,169283,1533151,211376,1051648,1206597,1119041,1419701,958698,415206,665052,461172,5331572,4045624
13-01-2022,Pro,23968,30119,311782,142107,415050,467393,447128,493255,277922,276390,457868,237428,1772505,1807905
13-01-2022,FII,120235,57998,905302,777396,274988,408138,176335,246899,75616,67034,99730,60030,1851312,1418388
14-01-2022,Client,175040,166101,1555144,221825,1574688,1639631,1648884,1910685,1044740,425567,712078,488027,6414809,5147600
14-01-2022,FII,113719,58328,902015,784800,401280,484547,275055,294403,77379,71210,103580,64313,2050149,1580479
14-01-2022,DII,17726,72835,48353,1672840,819,75727,0,0,285,0,92432,0,142910,1838107
14-01-2022,TOTAL,326561,326561,2822467,2822467,2543035,2841063,2543035,2841063,1401830,784660,1401830,784660,10719616,10719616
14-01-2022,Pro,20076,29297,316955,143002,566249,641159,619097,635975,279426,287883,493740,232320,2111748,2153431
17-01-2022,TOTAL,330210,330210,2844179,2844179,3092251,3265326,3092251,3265326,1506483,820463,1506483,820463,11858912,11858912
17-01-2022,DII,17754,72863,50548,1667421,819,73727,0,0,285,0,97680,0,143133,1837964
17-01-2022,Pro,23422,30602,322789,149233,622692,764824,757294,783782,291281,299400,524429,246142,2324408,2491482
17-01-2022,FII,107845,61396,898165,797322,401851,491162,273195,280985,77586,76079,110316,68731,2052687,1591945
17-01-2022,Client,181189,165349,1572677,230203,2066890,1935614,2061763,2200559,1137331,444984,774058,505590,7338684,5937522
18-01-2022,DII,16682,68481,50396,1653121,819,75797,0,0,285,0,99203,0,143979,1820805
18-01-2022,FII,99782,55608,903336,815524,380133,506789,302643,306078,82768,82752,117896,72201,2055559,1669950
18-01-2022,TOTAL,324293,324293,2830750,2830750,3351342,2976313,3351342,2976313,1580972,814315,1580972,814315,11877985,11877985
18-01-2022,Pro,34517,30316,322533,139160,594214,594118,787387,570525,284708,313520,544954,232104,2143610,2304446
18-01-2022,Client,173312,169888,1554485,222945,2376177,1799610,2261313,2099710,1213211,418043,818919,510010,7534837,6082785
19-01-2022,Pro,24974,29431,321844,147349,654615,544827,1014199,596078,272152,313051,545632,230435,2131463,2563124
19-01-2022,Client,170031,149958,1571244,225284,3042250,1932318,2810627,2229470,1260701,420565,846851,513819,8397108,6776009
19-01-2022,DII,18514,64199,48755,1670648,819,75797,0,0,285,0,100049,0,144170,1834896
19-01-2022,TOTAL,306200,306200,2859982,2859982,4174118,3155782,4174118,3155782,1616242,817847,1616242,817847,12930171,12930171
19-01-2022,FII,92681,62612,918139,816701,476435,602841,349293,330234,83104,84231,123710,73593,2257430,1756143
20-01-2022,TOTAL,301110,301110,2903642,2903642,2312457,2037516,2312457,2037516,1665762,817677,1665762,817677,10038164,10038164
20-01-2022,DII,16465,63999,48817,1684440,819,71998,0,0,551,0,101103,0,138650,1849542
20-01-2022,Pro,21096,24702,336114,156891,426848,379140,584768,400149,273402,329676,568805,231190,1766276,1966505
20-01-2022,Client,181062,136713,1606715,219113,1517894,1100268,1449160,1412987,1309432,405524,869319,516550,6120894,4603842
20-01-2022,FII,82487,75696,911996,843198,366897,486111,278530,224380,82377,82477,126535,69937,2012344,1618276
21-01-2022,DII,16465,59764,50220,1672685,819,72448,0,0,551,0,100846,0,140503,1833295
21-01-2022,Client,184179,142008,1593490,214997,2032156,1416225,1966816,1738858,1344203,386510,877792,512215,6956762,5452686
21-01-2022,FII,80070,80451,931632,879875,413492,541248,317954,277876,81352,78258,128379,66633,2126051,1751168
21-01-2022,Pro,27242,25733,346820,154605,532597,448057,694294,461243,279119,335474,598208,221394,1969309,2155477
21-01-2022,TOTAL,307956,307956,2922162,2922162,2979063,2477977,2979063,2477977,1705225,800242,1705225,800242,11192625,11192625
24-01-2022,DII,16715,57532,50310,1674303,819,72056,0,0,551,0,95934,0,140451,1827769
24-01-2022,TOTAL,344743,344743,2921498,2921498,4170317,2590468,4170317,2590468,1666566,730982,1666566,730982,12424574,12424574
24-01-2022,Pro,39864,27172,348756,140654,723784,484086,1036049,495857,266038,330755,605444,202782,2193283,2507957
24-01-2022,Client,215658,169318,1579159,202155,2913385,1441630,2728576,1800667,1316734,321740,837847,469058,7788306,6207621
24-01-2022,FII,72506,90721,943273,904386,532330,592697,405693,293944,83243,78487,127341,59142,2302535,1881227
25-01-2022,FII,81391,102169,962887,915823,418744,588422,303800,319796,77438,72054,117570,60198,2200935,1819356
25-01-2022,DII,17025,54621,51645,1684996,819,64399,0,0,551,0,88486,0,134439,1828103
25-01-2022,Client,210026,151778,1582314,191589,2374344,1909513,2315217,2149484,1125735,316126,751760,447452,7518058,6007280
25-01-2022,TOTAL,345069,345069,2944769,2944769,3401523,3115560,3401523,3115560,1491736,724986,1491736,724986,12023642,12023642
25-01-2022,Pro,36627,36501,347923,152361,607617,553227,782506,646280,288012,336806,533920,217336,2170211,2368904
27-01-2022,DII,17362,61433,31217,1661459,819,29299,0,0,266,0,18827,0,78963,1741719
27-01-2022,Pro,38892,19907,271263,73603,307943,335087,382033,311228,74244,164879,221997,60692,1192307,1069460
27-01-2022,TOTAL,298323,298323,2791160,2791160,1429897,1453951,1429897,1453951,616354,367689,616354,367689,6957373,6957373
27-01-2022,FII,42913,86419,914167,903984,239128,359235,179011,121986,29690,28773,44186,27655,1613905,1363241
27-01-2022,Client,199156,130564,1574513,152114,882008,730331,868853,1020737,512154,174037,331344,279342,4072199,2782954
28-01-2022,FII,40493,104164,923409,897313,275367,395462,252682,158175,37398,38729,56858,37072,1710857,1506264
28-01-2022,Pro,44372,20597,283533,73208,525057,492203,661872,438947,112004,203086,291818,88170,1660255,1574611
28-01-2022,DII,17362,58215,32000,1681412,819,46476,0,0,266,0,34127,0,96923,1773754
28-01-2022,TOTAL,313339,313339,2820161,2820161,2341290,1936216,2341290,1936216,812129,444991,812129,444991,8668126,8668126
28-01-2022,Client,211112,130363,1581219,168228,1540048,1002076,1426737,1339094,662461,203176,429326,319749,5200092,3813497
31-01-2022,TOTAL,293900,293900,2823555,2823555,2801213,2292869,2801213,2292869,906283,469346,906283,469346,9587166,9587166
31-01-2022,FII,43305,91870,945857,888738,305372,411888,300430,207464,42130,39371,61227,37301,1787922,1587030
31-01-2022,DII,19262,57443,35049,1687456,819,46476,0,0,266,0,55700,0,101872,1800599
31-01-2022,Client,193188,125508,1560640,169595,1880067,1312598,1705301,1558757,731836,219372,472879,331005,5897701,4363045
31-01-2022,Pro,38145,19079,282009,77766,614956,521908,795483,526649,132051,210603,316477,101040,1799672,1836493
01-02-2022,Pro,51379,20310,279495,87670,717797,681915,964962,736069,158798,221354,341187,119759,2110738,2269956
01-02-2022,FII,46449,99799,974095,885132,352574,448103,312233,243887,50633,42503,68986,42212,1914356,1652249
01-02-2022,DII,18658,59198,38824,1689924,819,54510,0,0,266,0,77576,0,113077,1826698
01-02-2022,TOTAL,306576,306576,2843932,2843932,3550229,3068507,3550229,3068507,982646,503280,982646,503280,11255170,11255170
01-02-2022,Client,190090,127269,1551518,181206,2479040,1883980,2273035,2088551,772949,239423,494897,341309,7117000,5506267
02-02-2022,FII,57454,92021,976159,883387,353725,459550,293488,272519,56513,44062,72852,44969,1947462,1659236
02-02-2022,Client,188670,128863,1555623,186358,2291692,2525147,2186502,2568814,832129,268104,540531,362937,7661365,5974005
02-02-2022,DII,18236,60005,37680,1683813,819,54510,0,0,100,0,86721,0,111345,1830539
02-02-2022,TOTAL,304260,304260,2849384,2849384,3284506,3742647,3284506,3742647,1072027,548175,1072027,548175,11800999,11800999
02-02-2022,Pro,39900,23371,279922,95826,638271,703441,804517,901314,183285,236009,371923,140269,2080828,2337219
03-02-2022,TOTAL,325439,325439,2892228,2892228,1866155,1819961,1866155,1819961,1200861,592365,1200861,592365,8697009,8697009
03-02-2022,Pro,32857,28776,302329,96772,380661,421321,467939,406943,189380,267092,426401,148330,1593640,1575160
03-02-2022,FII,56850,104341,968223,897014,254828,386736,202828,172433,60351,48674,80919,47984,1775661,1505519
03-02-2022,DII,17988,59505,37956,1671939,819,54534,0,0,0,0,88704,0,111297,1820148
03-02-2022,Client,217744,132817,1583720,226503,1229848,957371,1195389,1240585,951130,276599,604837,396051,5216412,3796182
04-02-2022,Client,204342,141000,1583718,227334,2013941,1360135,1938644,1679312,1035536,296027,656193,417991,6493699,5060473
04-02-2022,FII,58713,85888,959367,892353,340759,467096,283999,245626,61527,51713,89555,54452,1939174,1651873
04-02-2022,Pro,29625,27257,308961,101425,600369,542546,733245,499397,200136,283835,459947,159132,1965472,1980402
04-02-2022,DII,17988,56523,39656,1670590,819,54558,0,0,0,0,91504,0,113021,1818617
04-02-2022,TOTAL,310668,310668,2891702,2891702,2955887,2424334,2955887,2424334,1297199,631575,1297199,631575,10511365,10511365
07-02-2022,Pro,24879,30705,321070,105673,762392,588362,1071230,596695,201696,298034,500085,163812,2196433,2468199
07-02-2022,Client,226136,147341,1581867,241146,3101585,1619615,2836396,1913509,1130634,295645,702056,431627,7955481,6272075
07-02-2022,DII,17888,51313,38402,1661349,819,54448,0,0,0,0,93543,0,111557,1806205
07-02-2022,FII,57966,97510,971672,904843,386262,511890,343432,264110,61663,58806,98309,57046,2048258,1765250
07-02-2022,TOTAL,326869,326869,2913011,2913011,4251057,2774314,4251057,2774314,1393993,652485,1393993,652485,12311728,12311728
08-02-2022,DII,17388,50693,39693,1671841,819,54376,0,0,0,0,95383,0,112276,1817917
08-02-2022,Pro,19830,28337,323697,112405,739576,566559,1028367,605643,206609,301726,503921,168641,2157997,2447313
08-02-2022,TOTAL,309739,309739,2920632,2920632,4229259,2993551,4229259,2993551,1415767,666928,1415767,666928,12535876,12535876
08-02-2022,Client,212710,136390,1571567,233162,3077513,1832898,2840087,2109081,1146556,304423,718415,439624,8145667,6476759
08-02-2022,FII,59811,94319,985675,903224,411352,539719,360806,278827,62602,60779,98048,58663,2119937,1793887
09-02-2022,FII,62826,81358,989359,891222,410502,554395,310464,310717,64975,64433,100964,61589,2146489,1756314
09-02-2022,DII,17388,53576,43872,1683610,819,54376,0,0,800,0,96183,0,117255,1833369
09-02-2022,Client,195211,136249,1562554,222596,2644990,2333091,2592149,2501629,1124246,332955,719263,449777,8193047,6621663
09-02-2022,TOTAL,300670,300670,2916844,2916844,3723800,3588739,3723800,3588739,1410593,696819,1410593,696819,12637465,12637465
09-02-2022,Pro,25245,29487,321059,119416,667490,646878,821188,776394,220572,299431,494183,185453,2180675,2426120
10-02-2022,Client,183593,149052,1564407,212056,1128108,1251315,1174666,1458627,1130460,350863,738830,455469,5608746,4188700
10-02-2022,DII,17879,53559,45031,1689674,401,54401,0,0,735,0,96492,0,118447,1839725
10-02-2022,FII,75970,69346,994049,888656,279398,418836,183352,217371,66373,64193,103449,61419,1898818,1523593
10-02-2022,Pro,25390,30875,314433,127534,385363,468396,435252,516950,237846,297858,496643,196026,1729286,1803279
10-02-2022,TOTAL,302832,302832,2917920,2917920,1793269,2192947,1793269,2192947,1435414,712914,1435414,712914,9355296,9355296
11-02-2022,Client,185939,148874,1562924,228424,1872173,1567995,1854018,1874300,1238887,342997,796168,467993,6770915,5369777
11-02-2022,DII,18255,50369,44430,1671719,819,54466,0,0,480,0,96492,0,118450,1818580
11-02-2022,TOTAL,303616,303616,2920107,2920107,2689974,2703032,2689974,2703032,1534642,721605,1534642,721605,10872976,10872976
11-02-2022,FII,69583,74952,989361,897629,330770,520660,259579,269870,66275,67817,109481,62122,2044465,1673633
11-02-2022,Pro,29839,29421,323392,122335,486213,559912,576378,558862,229000,310791,532501,191490,1939147,2010986
14-02-2022,DII,19206,50520,44957,1666060,819,48056,0,0,480,0,96539,0,113518,1813119
14-02-2022,Client,205819,161990,1526717,225496,2850770,1627766,2618585,1914684,1316859,306590,829999,450972,7834521,6201726
14-02-2022,FII,72004,80301,1005910,899902,383843,540172,314722,287768,68820,68044,119874,61989,2138792,1764556
14-02-2022,TOTAL,325148,325148,2910402,2910402,3941004,2818637,3941004,2818637,1615882,694940,1615882,694940,12306013,12306013
14-02-2022,Pro,28119,32337,332818,118944,705573,602644,1007698,616185,229723,320306,569470,181979,2219183,2526612
15-02-2022,Pro,30213,31994,313966,125057,784809,691219,905243,818914,242157,301607,512320,194056,2363971,2587583
15-02-2022,TOTAL,323080,323080,2906643,2906643,3605164,3581296,3605164,3581296,1526309,704792,1526309,704792,12647284,12647284
15-02-2022,FII,88289,76181,1020668,875831,482347,580504,332199,321365,70540,70453,117360,64731,2312800,1787667
15-02-2022,DII,19135,47820,45496,1693031,819,42076,0,0,480,0,96781,0,108006,1837632
15-02-2022,Client,185443,167085,1526513,212724,2337190,2267498,2367723,2441017,1213132,332732,799848,446005,7862508,6434402
16-02-2022,TOTAL,335671,335671,2908516,2908516,4008023,3599672,4008023,3599672,1548284,714565,1548284,714565,13114731,13114731
16-02-2022,FII,98201,79767,1025711,871655,492022,583153,342037,331135,70955,71525,119907,66685,2341566,1811186
16-02-2022,DII,19228,59524,46436,1692108,819,48026,0,0,480,0,96981,0,114989,1848613
16-02-2022,Client,183937,167062,1522454,217718,2845456,2306701,2719078,2513961,1240099,336959,809589,453028,8435606,6880436
16-02-2022,Pro,34305,29318,313915,127035,669727,661793,946909,754576,236750,306081,521807,194852,2222571,2574496
17-02-2022,DII,21209,64339,46681,1686961,819,47958,0,0,480,0,97844,0,117147,1849144
17-02-2022,Client,180916,161678,1512713,225470,1348674,1158444,1382036,1446735,1261420,341623,821069,458237,5803790,4495225
17-02-2022,FII,110868,81710,1047061,880276,313509,464193,195024,219270,71594,73249,123301,67789,2080473,1567370
17-02-2022,TOTAL,339567,339567,2923982,2923982,2085794,2105604,2085794,2105604,1572845,721348,1572845,721348,9749140,9749140
17-02-2022,Pro,26574,31840,317527,131275,422793,435010,508735,439599,239351,306476,530631,195322,1747731,1837401
18-02-2022,FII,116656,79193,1058842,885303,378029,490909,271410,292326,67758,72150,119331,66357,2184343,1713920
18-02-2022,Pro,26325,28938,318354,142571,556252,580599,582581,541912,247216,301322,521481,196687,2030068,2014169
18-02-2022,DII,21209,63340,46452,1688901,819,41969,0,0,480,0,98050,0,110929,1850291
18-02-2022,Client,178465,171184,1523488,230361,1717441,1582197,1798550,1861435,1237355,344236,813947,454664,6583182,5330141
18-02-2022,TOTAL,342655,342655,2947136,2947136,2652540,2695673,2652540,2695673,1552809,717708,1552809,717708,10908521,10908521
21-02-2022,DII,20943,61825,45367,1688243,819,43919,0,0,480,0,97976,0,111528,1848044
21-02-2022,FII,113899,79049,1075618,882774,381466,532235,273189,326728,66726,71522,116094,64987,2241465,1742821
21-02-2022,TOTAL,341943,341943,2939080,2939080,3081820,3194816,3081820,3194816,1503160,699229,1503160,699229,11760048,11760048
21-02-2022,Client,176729,173678,1501596,227031,2060144,1901450,2094288,2163651,1191143,326693,785592,441280,7157755,5885520
21-02-2022,Pro,30372,27391,316499,141032,639392,717213,714344,704437,244811,301014,503498,192962,2249301,2283663
22-02-2022,Pro,32679,26474,324649,140177,680623,722832,782417,721197,258310,311410,502251,196439,2330503,2368955
22-02-2022,Client,177838,161082,1463788,227083,2393577,2016515,2405231,2295196,1125844,298060,739110,421651,7475622,6249353
22-02-2022,TOTAL,346790,346790,2930150,2930150,3492518,3362589,3492518,3362589,1454139,680486,1454139,680486,12266672,12266672
22-02-2022,DII,20943,62728,46036,1693447,819,42184,0,0,260,0,97196,0,110242,1853371
22-02-2022,FII,115330,96506,1095677,869443,417500,581059,304870,346196,69725,71016,115582,62396,2350306,1794993
23-02-2022,TOTAL,355119,355119,2909023,2909023,4244171,3600990,4244171,3600990,1350938,665033,1350938,665033,13125273,13125273
23-02-2022,DII,19715,64788,47550,1707016,819,42193,0,0,256,0,96432,0,110533,1868236
23-02-2022,Client,185198,163232,1448736,215778,2946735,2185429,2833159,2500485,1012996,277643,677947,403447,8056737,6794048
23-02-2022,Pro,29889,26847,311816,133992,803336,766728,1018825,758944,271021,318131,470034,203817,2500921,2612459
23-02-2022,FII,120317,100252,1100921,852237,493282,606640,392187,341561,66665,69259,106525,57769,2457083,1850531
24-02-2022,Client,188404,159177,1287667,167009,1342805,896924,1284570,1174699,388535,127601,234661,226555,4231936,3246670
24-02-2022,FII,81815,89420,1160257,848578,243829,384475,172980,163797,22149,23260,37790,25408,1915784,1337973
24-02-2022,DII,21895,51123,33557,1643594,819,36722,0,0,0,0,10197,0,92993,1704914
24-02-2022,TOTAL,320489,320489,2718965,2718965,1976865,1696002,1976865,1696002,484218,307547,484218,307547,7504086,7504086
24-02-2022,Pro,28375,20769,237484,59784,389414,377881,519316,357506,73534,156686,201570,55584,1263374,1214529
25-02-2022,TOTAL,348936,348936,2740315,2740315,2572374,2446966,2572374,2446966,600682,371278,600682,371278,9080551,9080551
25-02-2022,DII,21895,66593,33803,1654961,819,38704,0,0,0,0,23637,0,95221,1745191
25-02-2022,Pro,33551,28258,236796,63506,498049,565099,592797,561363,119290,178318,230569,86080,1631103,1562573
25-02-2022,FII,93287,58359,1191952,839918,321382,436234,227267,267543,29319,28432,44993,31978,2100605,1470058
25-02-2022,Client,200203,195726,1277764,181930,1752125,1406930,1752310,1618060,452073,164528,301483,253220,5253623,4302729
28-02-2022,FII,95164,68769,1235683,828352,384102,484774,270708,292477,32903,31109,48025,35767,2263734,1544098
28-02-2022,Pro,33607,36549,233036,75680,612888,685519,702262,699481,153445,194018,249189,110139,1912512,1873300
28-02-2022,Client,234742,211678,1284305,203839,2007275,1749136,2032113,1965275,487814,202100,343669,281321,5965372,5037895
28-02-2022,TOTAL,385465,385465,2788368,2788368,3005083,2957232,3005083,2957232,674162,427227,674162,427227,10237537,10237537
28-02-2022,DII,21952,68469,35344,1680497,819,37804,0,0,0,0,33279,0,95919,1782245
02-03-2022,Pro,41763,47670,245347,84842,795645,666352,1078476,707530,170986,216927,291212,127202,2137020,2336932
02-03-2022,TOTAL,462479,462479,2861999,2861999,4254089,3184177,4254089,3184177,789863,476921,789863,476921,12029528,12029528
02-03-2022,DII,21222,61298,38019,1672135,819,37824,0,0,0,0,43579,0,97884,1777012
02-03-2022,FII,90253,102746,1254559,854699,428764,519204,335193,312239,38845,35556,55574,40379,2367180,1700830
02-03-2022,Client,309241,250765,1324074,250323,3028862,1960798,2840421,2164408,580032,224438,399498,309340,7427445,6214755
03-03-2022,Pro,46735,49977,254115,91135,412538,438354,499082,395053,183627,232607,325664,139944,1567976,1500855
03-03-2022,TOTAL,488308,488308,2900397,2900397,2057834,1879044,2057834,1879044,887749,509774,887749,509774,8723106,8723106
03-03-2022,Client,328283,255020,1350299,266012,1324236,967156,1362319,1290238,663285,239459,452695,328830,4872718,3955114
03-03-2022,FII,95033,116014,1257567,866008,320242,430991,196434,193753,40837,37708,60123,41000,2182377,1473332
03-03-2022,DII,18257,67297,38416,1677242,819,42544,0,0,0,0,49267,0,100036,1793806
04-03-2022,Client,344512,261215,1351702,265944,1988477,1256783,1967558,1573134,729271,242064,498575,336390,5912809,4902816
04-03-2022,Pro,43961,55277,259024,91386,589858,522774,728943,474643,199004,249049,353296,149937,1863670,1853481
04-03-2022,TOTAL,497552,497552,2909812,2909812,2964018,2281221,2964018,2281221,974693,530450,974693,530450,10157746,10157746
04-03-2022,FII,92739,120773,1258192,862260,384865,463171,267518,233445,46418,39337,65341,44123,2284721,1593460
04-03-2022,DII,16340,60287,40894,1690222,819,38494,0,0,0,0,57481,0,96547,1807990
07-03-2022,Pro,56393,49885,273264,95671,777895,511263,1063622,485375,211051,261791,385964,159103,2091656,2239620
07-03-2022,TOTAL,520126,520126,2927280,2927280,4044692,2363465,4044692,2363465,1052944,547683,1052944,547683,11456189,11456189
07-03-2022,FII,94204,144256,1266682,880999,479737,519098,365043,255511,51823,43513,72845,47651,2455056,1766305
07-03-2022,DII,18105,47064,41899,1695866,819,41169,0,0,0,0,62754,0,101992,1805684
07-03-2022,Client,351424,278921,1345435,254744,2786242,1291936,2616027,1622579,790070,242379,531381,340929,6807486,5644581
08-03-2022,DII,18072,42858,47861,1701188,819,52561,0,0,0,0,69194,0,119313,1813240
08-03-2022,Client,382865,306728,1355409,255215,2875186,1686162,2784807,2027838,836960,250265,564085,353005,7386847,6291678
08-03-2022,Pro,61274,49831,278448,100332,915072,631672,1153683,639374,227791,272828,410240,166666,2387085,2520126
08-03-2022,TOTAL,559528,559528,2941862,2941862,4356552,2960440,4356552,2960440,1121204,569043,1121204,569043,12508629,12508629
08-03-2022,FII,97317,160111,1260144,885127,565476,590046,418062,293228,56453,45950,77685,49372,2615385,1883585
09-03-2022,TOTAL,589525,589525,2934182,2934182,4148004,3585497,4148004,3585497,1118698,589957,1118698,589957,12965863,12965863
09-03-2022,Client,407593,328759,1359337,264818,2737507,2215759,2692338,2465497,823351,270201,559041,358171,7813748,6668624
09-03-2022,FII,103170,157636,1257550,879901,535895,587049,362176,304420,56724,48069,79420,51963,2588456,1835516
09-03-2022,Pro,61024,50342,268406,107234,873744,728094,1093491,815581,238623,271687,409024,179823,2441578,2655494
09-03-2022,DII,17738,52788,48889,1682229,859,54596,0,0,0,0,71213,0,122082,1806230
10-03-2022,TOTAL,563747,563747,2925632,2925632,2174497,2004178,2174497,2004178,1133349,606506,1133349,606506,9407908,9407908
10-03-2022,Client,382572,315738,1359727,272445,1384840,1047048,1386830,1328272,827293,289206,565644,363825,5290686,4232754
10-03-2022,DII,30539,56991,53352,1667713,819,54546,0,0,0,0,81736,0,139256,1806440
10-03-2022,Pro,50777,55305,261295,119495,441315,424203,565868,437432,249190,266984,404054,189295,1693763,1771449
10-03-2022,FII,99859,135713,1251258,865979,347524,478382,221799,238474,56866,50316,81915,53386,2284204,1597266
11-03-2022,Client,408592,343811,1372080,288343,1891413,1490214,1902063,1740657,875442,316366,600719,383391,6354107,5258983
11-03-2022,DII,31495,55491,54077,1668159,819,54546,0,0,0,0,90123,0,140937,1813773
11-03-2022,Pro,56513,66396,261253,128497,628489,553265,750094,591376,263622,272272,423563,202512,2035413,2162438
11-03-2022,TOTAL,595471,595471,2935260,2935260,2896926,2606771,2896926,2606771,1201142,641475,1201142,641475,10877045,10877045
11-03-2022,FII,98871,129773,1247850,850261,376207,508747,244770,274739,62078,52837,86737,55572,2346589,1641852
14-03-2022,TOTAL,612501,612501,2942864,2942864,3166349,3382661,3166349,3382661,1242901,676723,1242901,676723,12023999,12023999
14-03-2022,DII,31116,61526,54494,1649349,959,55846,0,0,0,0,92896,0,142415,1803771
14-03-2022,FII,102870,127189,1237407,859020,396123,555779,241445,319964,67051,56848,88911,58973,2416077,1695502
14-03-2022,Pro,58738,71232,267576,137879,766148,722302,812115,802210,277577,278437,438510,215859,2370778,2477805
14-03-2022,Client,419777,352554,1383387,296616,2003121,2048735,2112790,2260487,898273,341438,622584,401891,7094730,6046922
15-03-2022,FII,93097,131897,1227978,862915,432107,589377,298674,338481,69100,59230,94411,60379,2470888,1786757
15-03-2022,Client,423728,344296,1380236,309167,2663124,2003890,2596676,2274470,975341,326040,658273,411355,7772359,6594236
15-03-2022,TOTAL,602504,602504,2939028,2939028,3935883,3379156,3935883,3379156,1318183,683695,1318183,683695,12858449,12858449
15-03-2022,DII,30616,56131,54605,1636154,959,55834,0,0,0,0,96391,0,142014,1788676
15-03-2022,Pro,55063,70180,276209,130792,839695,730055,1040534,766205,273742,298425,469108,211961,2473189,2688780
16-03-2022,Client,392985,339628,1362563,280528,2456683,2442805,2561949,2637260,933495,359389,654457,417802,7947920,6891624
16-03-2022,FII,90695,108029,1230324,844826,496622,632586,320507,380735,70370,60926,93045,62919,2581522,1810061
16-03-2022,Pro,54589,63780,265665,144953,882380,773217,954198,886354,291948,289422,446338,229016,2557221,2724639
16-03-2022,DII,30388,57220,56574,1644819,969,55741,0,0,0,0,101973,0,143672,1804012
16-03-2022,TOTAL,568657,568657,2915126,2915126,3836653,3904349,3836653,3904349,1295813,709737,1295813,709737,13230335,13230335
17-03-2022,TOTAL,568828,568828,2863470,2863470,2036225,2433690,2036225,2433690,1265836,741764,1265836,741764,9909813,9909813
17-03-2022,DII,28883,66220,58180,1627603,969,53874,0,0,0,0,109723,0,141906,1803546
17-03-2022,FII,128787,96384,1225476,830516,403199,547294,211230,314157,71914,62106,92742,63748,2438775,1608777
17-03-2022,Client,356630,338118,1329271,233472,1185592,1360777,1334272,1599582,870602,397823,637066,418640,5500694,4561150
17-03-2022,Pro,54528,68106,250543,171879,446466,471746,490724,519951,323320,281835,426305,259376,1828438,1936341
21-03-2022,TOTAL,568310,568310,2889384,2889384,3741297,3034875,3741297,3034875,1391885,763522,1391885,763522,12389272,12389272
21-03-2022,DII,27799,66009,59084,1640988,939,57066,0,0,0,0,111525,0,144888,1818522
21-03-2022,Pro,51206,66420,268206,178557,818042,637108,993372,663194,321408,299043,482138,263634,2395013,2647315
21-03-2022,Client,364652,337456,1352585,234719,2386922,1710519,2402320,2032720,997290,400509,701202,434873,7212477,6143289
21-03-2022,FII,124653,98425,1209509,835120,535395,630182,345606,338961,73187,63970,97020,65015,2636895,1780147
22-03-2022,Client,369333,352374,1368047,224825,2350758,2082547,2418464,2392741,999189,414741,713691,443287,7584615,6545381
22-03-2022,FII,132238,95581,1199089,843438,512011,641844,336426,326066,77239,67019,100252,68149,2629439,1769912
22-03-2022,DII,25430,75736,58048,1646883,939,57026,0,0,0,0,116696,0,141443,1839315
22-03-2022,TOTAL,586938,586938,2902784,2902784,3668532,3514856,3668532,3514856,1405090,782086,1405090,782086,12860286,12860286
22-03-2022,Pro,59937,63247,277600,187638,804825,733440,913643,796050,328662,300326,474451,270650,2504790,2705678
23-03-2022,TOTAL,591677,591677,2910941,2910941,4772769,3566538,4772769,3566538,1466557,803788,1466557,803788,14112269,14112269
23-03-2022,DII,25230,76690,57858,1636686,979,57026,0,0,0,0,117771,0,141093,1831147
23-03-2022,Client,376193,351046,1376919,237474,3280383,2149792,3146301,2472953,1057698,424000,745538,453925,8664984,7407237
23-03-2022,FII,128453,104423,1189993,841336,530939,641330,365459,323412,78376,68168,104799,71141,2637258,1810570
23-03-2022,Pro,61801,59518,286171,195445,960469,718391,1261010,770173,330483,311620,498449,278722,2668935,3063316
24-03-2022,Client,388327,347327,1391651,239873,1532212,1222761,1616901,1592862,1089812,437862,766667,462502,6062625,5026131
24-03-2022,DII,24120,76716,57493,1629718,959,44144,0,0,0,0,119256,0,126716,1825690
24-03-2022,TOTAL,592114,592114,2945952,2945952,2517317,2340994,2517317,2340994,1505525,822705,1505525,822705,10724607,10724607
24-03-2022,Pro,54395,57222,294416,205673,531152,502859,620841,497180,336488,316721,511329,288668,2036031,2180912
24-03-2022,FII,125272,110849,1202392,870688,452995,571231,279576,250953,79225,68122,108273,71535,2499236,1691874
25-03-2022,DII,24120,74784,57784,1619249,979,44566,0,0,0,0,119788,0,127449,1813821
25-03-2022,Client,389500,346084,1392121,240948,2041419,1478567,2139983,1874909,1104082,436765,776386,462185,6842454,5840494
25-03-2022,TOTAL,588681,588681,2953679,2953679,3242598,2760931,3242598,2760931,1519900,824904,1519900,824904,11890692,11890692
25-03-2022,Pro,52029,56565,300519,216882,705054,641643,776092,608713,339418,321220,517739,291474,2359883,2467465
25-03-2022,FII,123032,111248,1203255,876600,495147,596155,326524,277309,76400,66919,105987,71245,2560907,1768913
28-03-2022,Pro,60410,67550,302187,232227,745146,623849,872538,677428,349841,319811,518327,296365,2401244,2664435
28-03-2022,FII,123986,96833,1211488,896337,512282,627379,315973,317499,72623,62496,96747,63124,2610253,1786513
28-03-2022,Client,389811,360144,1410359,232552,2316240,1875938,2386136,2177235,1070397,425596,758465,448414,7488341,6362945
28-03-2022,TOTAL,598327,598327,2982349,2982349,3574646,3172162,3574646,3172162,1492861,807903,1492861,807903,12628247,12628247
28-03-2022,DII,24120,73800,58315,1621233,979,44996,0,0,0,0,119322,0,128410,1814355
29-03-2022,FII,131993,97035,1201441,901735,551229,651594,325947,329966,71039,60485,90023,60004,2667780,1804710
29-03-2022,TOTAL,611083,611083,2981723,2981723,3648846,3573969,3648846,3573969,1436831,807963,1436831,807963,13060415,13060415
29-03-2022,Pro,61981,63338,296111,229959,790265,763532,886311,840453,363810,323993,504482,307191,2599692,2831734
29-03-2022,Client,392473,377453,1426303,226712,2306374,2113833,2436589,2403550,1001982,423485,725240,440768,7664450,6610312
29-03-2022,DII,24636,73257,57868,1623317,979,45011,0,0,0,0,117086,0,128494,1813660
30-03-2022,FII,134038,87298,1200189,871929,598208,680881,345633,369116,62346,57409,80052,57219,2733070,1811247
30-03-2022,Client,393753,389310,1382588,215386,2270100,2483066,2393239,2716317,860869,395904,637890,419069,7786280,6771211
30-03-2022,TOTAL,623435,623435,2931289,2931289,3583846,4037474,3583846,4037474,1301565,793462,1301565,793462,13271071,13271071
30-03-2022,DII,24635,78657,57593,1612798,979,43011,0,0,0,0,115202,0,126218,1806657
30-03-2022,Pro,71009,68170,290919,231176,714560,830517,844975,952041,378350,340149,468421,317174,2625504,2881957
31-03-2022,FII,100411,35925,1071287,806248,204371,253187,119767,113524,6114,8701,20032,12286,1644070,1107782
31-03-2022,Client,345407,354392,1317701,172780,1006067,965850,1068310,1147242,455286,136662,304721,207499,4226973,3254943
31-03-2022,TOTAL,536276,536276,2663345,2663345,1636513,1661944,1636513,1661944,566782,294234,566782,294234,7359094,7359094
31-03-2022,DII,30961,78112,42413,1592609,939,20892,0,0,0,0,9289,0,95205,1680010
31-03-2022,Pro,59497,67847,231944,91708,425137,422016,448437,401179,105382,148871,232740,74449,1392846,1316359
01-04-2022,TOTAL,441969,441969,2686035,2686035,2138045,2738704,2138045,2738704,708630,383165,708630,383165,9096548,9096548
01-04-2022,DII,29259,87092,44266,1595822,979,20892,0,0,0,0,23159,0,95396,1706073
01-04-2022,Client,269353,266625,1323150,178312,1314607,1739977,1437930,1849452,531300,181916,369157,246989,5360303,4348464
01-04-2022,FII,103468,42254,1079394,815429,225542,286690,137250,179892,14163,15284,31763,20789,1724540,1227377
01-04-2022,Pro,39889,45998,239225,96472,596918,691146,562866,709361,163167,185965,284551,115387,1916309,1814634
04-04-2022,Pro,33143,36153,242994,107581,605492,815261,736744,1037788,195031,207988,323669,144369,2099908,2386303
04-04-2022,TOTAL,374679,374679,2693008,2693008,2703347,3763127,2703347,3763127,816579,448263,816579,448263,10799003,10799003
04-04-2022,DII,22539,87132,43744,1583011,979,15854,0,0,0,0,36904,0,83116,1707047
04-04-2022,FII,112411,35205,1083078,817638,322164,389143,206662,276587,17764,18687,36565,24354,1943246,1397011
04-04-2022,Client,206586,216189,1323192,184778,1774713,2542870,1759942,2448753,603784,221588,419441,279540,6672733,5308642
05-04-2022,Client,197599,201944,1345694,185567,2423800,2338813,2309546,2376352,699788,244259,476101,311997,7249953,5861507
05-04-2022,DII,22115,82135,45437,1573267,979,20954,0,0,0,0,49017,0,89485,1704419
05-04-2022,Pro,27719,36799,245137,114312,779612,780881,1008421,928705,218160,235140,368936,160850,2286648,2618022
05-04-2022,FII,112311,38866,1063415,826537,383083,434108,269507,269698,21663,22389,45557,28941,2036968,1479106
05-04-2022,TOTAL,359744,359744,2699683,2699683,3587473,3574755,3587473,3574755,939611,501788,939611,501788,11663053,11663053
06-04-2022,Pro,22574,37835,258073,113688,860302,739688,1183528,866165,236579,261642,417822,175557,2378858,2794595
06-04-2022,Client,182361,182520,1383306,202608,3064792,2363791,2836988,2418894,797703,261067,530982,345027,8053020,6517019
06-04-2022,FII,110655,38569,1051687,843756,370245,450072,275802,289463,25569,25855,49804,30430,2034082,1527824
06-04-2022,DII,19856,76522,43947,1576961,979,20972,0,0,0,2450,61243,0,88204,1714726
06-04-2022,TOTAL,335446,335446,2737013,2737013,4296317,3574522,4296317,3574522,1059851,551014,1059851,551014,12554163,12554163
07-04-2022,TOTAL,333986,333986,2763110,2763110,2120263,1855265,2120263,1855265,1180885,593546,1180885,593546,8847055,8847055
07-04-2022,FII,95861,46097,1026040,861938,292010,379599,207155,181477,27002,28789,54461,32201,1849300,1383329
07-04-2022,Pro,23811,36691,277614,116722,438856,405637,584688,418361,248455,295155,473301,187726,1689528,1817489
07-04-2022,Client,192755,180268,1417510,199898,1388419,1047268,1328421,1255427,905428,267152,586335,373619,5218532,3923968
07-04-2022,DII,21559,70930,41946,1584552,979,22762,0,0,0,2450,66788,0,89696,1722270
08-04-2022,TOTAL,326533,326533,2795060,2795060,2861123,2708669,2861123,2708669,1267213,635540,1267213,635540,10594137,10594137
08-04-2022,FII,91889,40584,1013080,868891,341570,444267,249909,218629,29423,30159,58193,34263,1950388,1470468
08-04-2022,Pro,33223,35816,284235,126557,630799,634162,768105,657887,282225,305021,494098,204722,2169665,2287185
08-04-2022,DII,18942,73938,42122,1589507,979,25801,0,0,0,2450,82491,0,90294,1745936
08-04-2022,Client,182479,176195,1455623,210105,1887776,1604439,1843110,1832153,955565,297910,632431,396555,6383792,5090549
11-04-2022,Client,189015,157321,1467448,226128,2604120,1877502,2461985,2121675,1078252,318983,703576,428048,7535320,6098733
11-04-2022,TOTAL,317145,317145,2823633,2823633,3662464,3066512,3662464,3066512,1402160,680329,1402160,680329,11952242,11952242
11-04-2022,DII,19668,74055,42467,1584764,979,25801,0,0,0,2450,89196,0,91365,1748015
11-04-2022,FII,77836,50794,1017057,888385,311937,447307,247821,226831,32178,32575,64456,36113,1918890,1514399
11-04-2022,Pro,30626,34975,296661,124356,745429,715902,952659,718006,291730,326321,544932,216168,2406669,2591096
12-04-2022,Pro,27635,40687,305529,120570,771543,678161,1033866,750841,287988,344434,584096,212099,2415290,2742159
12-04-2022,FII,71201,61674,1011229,893705,285384,477303,246714,229519,32302,35166,65324,35327,1912585,1532262
12-04-2022,TOTAL,323234,323234,2828965,2828965,4004062,3326541,4004062,3326541,1481186,686244,1481186,686244,12650231,12650231
12-04-2022,DII,18532,65605,42672,1588131,979,25809,0,0,0,1225,95370,0,89217,1749106
12-04-2022,Client,205866,155268,1469535,226559,2946157,2145268,2723483,2346181,1160896,305419,736396,438818,8233141,6626705
13-04-2022,Pro,33482,39429,306256,123241,427785,435733,554569,418981,292899,353207,599543,214783,1849362,1950546
13-04-2022,Client,222461,152670,1476603,224246,1445350,1063145,1393915,1361523,1215191,312178,774407,449946,5734928,4356707
13-04-2022,FII,65013,77400,1013250,898929,291745,455554,217335,201377,32190,35256,67907,35912,1893008,1498859
13-04-2022,TOTAL,339491,339491,2838920,2838920,2165818,1981881,2165818,1981881,1540280,700641,1540280,700641,9567030,9567030
13-04-2022,DII,18535,69992,42811,1592504,939,27449,0,0,0,0,98423,0,89734,1760919
18-04-2022,TOTAL,350135,350135,2887361,2887361,3724515,2629014,3724515,2629014,1659892,710703,1659892,710703,11961619,11961619
18-04-2022,Client,237060,161217,1505730,218024,2606130,1505569,2450532,1811506,1313983,317945,838381,454471,7486417,5934131
18-04-2022,DII,18481,62988,42746,1617498,939,27483,0,0,0,0,93001,0,89649,1773487
18-04-2022,Pro,32689,46842,321141,130925,761725,584968,997142,579550,311489,357801,661396,222932,2369813,2638787
18-04-2022,FII,61905,79088,1017744,920914,355722,510994,276842,237958,34420,34957,67114,33300,2015742,1615215
19-04-2022,TOTAL,353330,353330,2921186,2921186,4106448,2598077,4106448,2598077,1714301,706800,1714301,706800,12400142,12400142
19-04-2022,Client,226045,178890,1519699,216880,2899949,1441157,2705884,1777457,1359418,308429,871271,451128,7754697,6201510
19-04-2022,DII,18481,68165,45720,1624245,939,27493,0,0,0,0,91905,0,92633,1784315
19-04-2022,Pro,41897,38513,321245,135174,797245,593004,1087554,560502,320505,362318,683099,226494,2436214,2731336
19-04-2022,FII,66907,67762,1034522,944887,408316,536423,313011,260118,34378,36053,68026,29178,2116599,1682981
20-04-2022,DII,17064,69309,47728,1622618,939,26073,0,0,0,0,93603,0,91804,1785530
20-04-2022,TOTAL,328247,328247,2933250,2933250,4410516,3295405,4410516,3295405,1717055,730401,1717055,730401,13414874,13414874
20-04-2022,FII,64527,64146,1057676,946391,415479,568053,310263,299814,36213,37113,64995,29570,2179061,1715178
20-04-2022,Pro,31990,33837,317650,139477,814066,667366,1117485,725727,323707,356749,673341,235751,2511528,2925618
20-04-2022,Client,214666,160955,1510196,224764,3180033,2033913,2982769,2269864,1357135,336539,885116,465080,8632482,6988548
21-04-2022,TOTAL,345826,345826,2964619,2964619,2063476,2155619,2063476,2155619,1661861,772723,1661861,772723,9964124,9964124
21-04-2022,Client,228668,156666,1514151,227939,1288713,1192569,1356232,1449658,1283566,382064,861186,481657,5889731,4533338
21-04-2022,FII,70692,69544,1082023,953007,360933,504139,228750,224328,37190,35832,64603,31085,2090809,1571316
21-04-2022,Pro,29402,50251,320772,161190,412852,433592,478495,481633,341105,354827,642314,259981,1892550,2073864
21-04-2022,DII,17064,69365,47673,1622483,979,25319,0,0,0,0,93758,0,91035,1785606
22-04-2022,TOTAL,347711,347711,2985253,2985253,3342436,2623215,3342436,2623215,1707989,773076,1707989,773076,11779680,11779680
22-04-2022,Pro,27276,49947,338187,165879,723214,635088,878768,616710,333784,370359,666511,251513,2427907,2629327
22-04-2022,FII,64929,74392,1083447,968747,417362,563640,304316,249831,36178,38095,66110,29293,2203651,1692688
22-04-2022,DII,17086,64771,47946,1616349,979,25295,0,0,0,0,95397,0,91306,1776517
22-04-2022,Client,238420,158601,1515673,234278,2200882,1399193,2159353,1756675,1338027,364622,879971,492270,7056817,5681148
25-04-2022,TOTAL,387053,387053,2999678,2999678,3898646,3215130,3898646,3215130,1716837,746608,1716837,746608,12963951,12963951
25-04-2022,DII,17568,55411,49705,1619385,979,24432,0,0,0,0,95869,0,92684,1770665
25-04-2022,Pro,41050,58591,346304,161899,854757,714115,1017189,760556,324706,366555,669973,237753,2647487,2905961
25-04-2022,Client,254743,175131,1502562,241185,2646599,1855289,2574739,2126758,1355309,341186,884175,479125,7955688,6481113
25-04-2022,FII,73692,97920,1101107,977209,396312,621294,306719,327816,36822,38867,66820,29730,2268094,1806213
26-04-2022,Client,239777,168164,1507523,232665,2686858,2149112,2623438,2435447,1248776,363158,838451,481536,8195204,6779701
26-04-2022,Pro,41610,51225,343909,175580,726231,741200,923299,835051,343463,363364,631513,253751,2559777,2870419
26-04-2022,DII,17559,58445,49984,1636080,939,25444,0,0,0,0,96801,0,93926,1791326
26-04-2022,FII,78182,99294,1107105,964196,471627,672830,338918,318088,36611,37076,62085,28311,2403431,1810891
26-04-2022,TOTAL,377128,377128,3008521,3008521,3885654,3588586,3885654,3588586,1628850,763598,1628850,763598,13252336,13252336
27-04-2022,FII,58824,119465,1099162,963404,586884,733738,400901,326066,33275,32055,53848,22439,2543938,1886122
27-04-2022,Pro,48709,36681,342033,170762,817285,843299,1179171,914615,348474,376343,614701,251967,2776142,3167896
27-04-2022,TOTAL,374663,374663,3013071,3013071,4700572,3908056,4700572,3908056,1549166,736653,1549166,736653,14282181,14282181
27-04-2022,Client,249403,162286,1522211,225366,3295465,2309927,3120501,2667376,1167417,328255,783372,462247,8872678,7421148
27-04-2022,DII,17727,56231,49665,1653539,939,21093,0,0,0,0,97245,0,89424,1807015
28-04-2022,FII,37386,69741,1060211,932181,187838,371233,117791,156403,6821,8103,18559,8428,1671592,1303102
28-04-2022,Pro,36207,22352,257582,90851,349677,448700,391088,449896,102740,160989,239418,76034,1355894,1269638
28-04-2022,Client,218218,145583,1448705,181702,1086068,1126234,1115643,1358818,497325,164077,338337,248707,4540627,3388789
28-04-2022,DII,17745,71880,40401,1602165,939,18949,0,0,0,0,10572,0,78034,1684617
28-04-2022,TOTAL,309556,309556,2806899,2806899,1624521,1965116,1624521,1965116,606886,333169,606886,333169,7646146,7646146
29-04-2022,Client,222298,157406,1544648,203036,2005831,1429204,1977697,1773945,661442,201733,441032,312754,6065156,4865869
29-04-2022,Pro,40524,27290,288639,99487,628128,643180,784637,598538,153439,222058,335800,111134,1975968,1956886
29-04-2022,FII,39150,66548,1095339,984620,391402,484299,263966,206654,14390,15177,31500,15080,2039756,1568368
29-04-2022,DII,22200,72928,42113,1683596,939,22454,0,0,0,0,20939,0,87706,1777463
29-04-2022,TOTAL,324172,324172,2970739,2970739,3026299,2579137,3026299,2579137,829271,438968,829271,438968,10168585,10168585
02-05-2022,DII,19914,73708,43215,1696163,939,26984,0,0,0,0,33944,0,91052,1803815
02-05-2022,FII,38304,75061,1106182,987100,293680,492065,224691,234105,17133,17150,33827,16962,1964513,1571746
02-05-2022,Client,230898,158460,1545696,213763,2371098,1844624,2286727,2134037,749439,219014,490940,338557,6960769,5622484
02-05-2022,Pro,45142,27029,301429,99496,668321,678781,822620,674311,177980,245112,385841,125757,2116765,2135054
02-05-2022,TOTAL,334258,334258,2996522,2996522,3334037,3042453,3334037,3042453,944552,481276,944552,481276,11133098,11133098
04-05-2022,DII,20702,68565,43304,1696148,939,31593,0,0,0,0,45070,0,96538,1809783
04-05-2022,Pro,48675,33104,318463,101331,933196,652243,1369418,652263,186328,278162,442220,134533,2417066,2732868
04-05-2022,FII,36835,111395,1107422,1002538,386999,513568,336596,224275,18035,18505,36721,17450,2081363,1728975
04-05-2022,TOTAL,386368,386368,3023105,3023105,5004566,2988888,5004566,2988888,1059554,515997,1059554,515997,12978477,12978477
04-05-2022,Client,280156,173304,1553916,223088,3683433,1791485,3298553,2112350,855191,219330,535543,364014,8383511,6706852
05-05-2022,TOTAL,375205,375205,3031203,3031203,2326460,1903239,2326460,1903239,1119444,539314,1119444,539314,9294864,9294864
05-05-2022,FII,38562,100925,1121976,981546,242365,397649,193837,169442,19026,19409,40020,18538,1838986,1504308
05-05-2022,Client,280147,170482,1545212,242411,1552932,1024336,1499081,1350835,897953,231504,568838,377715,5532084,4209362
05-05-2022,Pro,40247,30877,319133,106731,530225,449390,633543,382962,202465,288401,453969,143061,1829860,1751142
05-05-2022,DII,16249,72921,44882,1700515,939,31865,0,0,0,0,56617,0,93935,1830053
06-05-2022,Client,293208,170649,1548722,245729,2337322,1288600,2196473,1658758,1010224,245098,628909,392619,6723173,5293137
06-05-2022,TOTAL,397731,397731,3064664,3064664,3374002,2397077,3374002,2397077,1251631,570548,1251631,570548,11055653,11055653
06-05-2022,FII,36450,128678,1138120,1004627,334498,520614,286681,232463,21720,21844,44633,19946,2073245,1717028
06-05-2022,Pro,51458,29837,333396,111068,701245,552840,890849,505856,219687,303606,511693,157983,2162231,2207285
06-05-2022,DII,16615,68567,44426,1703240,939,35024,0,0,0,0,66396,0,97004,1838203
09-05-2022,FII,41441,142065,1153980,1025110,382324,567629,304313,263817,23987,23444,47163,21481,2192805,1803949
09-05-2022,DII,16726,63137,45312,1709224,939,35083,0,0,0,0,71809,0,98060,1844170
09-05-2022,TOTAL,407515,407515,3084922,3084922,3967855,2948917,3967855,2948917,1357097,590706,1357097,590706,12357011,12357011
09-05-2022,Client,294387,173773,1543049,240739,2805237,1664242,2611889,2019164,1097551,253556,675104,401887,7658021,6122556
09-05-2022,Pro,54961,28540,342581,109849,779356,681964,1051653,665936,235559,313706,563021,167338,2408126,2586336
10-05-2022,TOTAL,401690,401690,3112005,3112005,4357185,3252332,4357185,3252332,1440110,617089,1440110,617089,13180411,13180411
10-05-2022,FII,38497,134837,1171831,1046631,409083,611770,328163,287712,25191,26360,51037,22022,2282732,1870402
10-05-2022,DII,16518,55079,46065,1720877,939,33176,0,0,0,0,75305,0,96698,1851261
10-05-2022,Pro,62496,29304,351431,113726,885582,797474,1157958,753057,244211,327809,598454,176283,2669003,2828782
10-05-2022,Client,284179,182470,1542678,230771,3061582,1809913,2871064,2211563,1170708,262920,715314,418784,8131979,6629966
11-05-2022,TOTAL,415599,415599,3122306,3122306,4746250,3530940,4746250,3530940,1484744,633081,1484744,633081,13932920,13932920
11-05-2022,FII,38599,146815,1187311,1049491,493719,645152,373590,319595,27352,28217,52535,23548,2420350,1965574
11-05-2022,Pro,64600,31932,352855,115886,865407,690551,1194775,755178,254643,337224,616821,183375,2565280,2897967
11-05-2022,DII,18088,54484,46208,1728578,979,33228,0,0,0,0,78662,0,98503,1861724
11-05-2022,Client,294312,182368,1535932,228351,3386146,2162010,3177885,2456167,1202749,267640,736726,426158,8848788,7207655
12-05-2022,DII,21082,42593,46339,1710503,979,30724,0,0,0,0,83639,0,99124,1836735
12-05-2022,Client,305927,188263,1524518,226256,1760308,886140,1642117,1287777,1262116,265328,772277,426137,6004336,4542827
12-05-2022,TOTAL,419632,419632,3127139,3127139,2808619,1993803,2808619,1993803,1557821,637846,1557821,637846,10544860,10544860
12-05-2022,Pro,60817,32331,359284,111113,620113,461807,802984,411944,266614,341064,647480,188166,2109699,2194018
12-05-2022,FII,31806,156445,1196998,1079267,427220,615133,363518,294082,29091,31454,54425,23543,2331702,1971280
13-05-2022,FII,40685,129667,1221983,1092226,432730,584158,364225,283157,31431,33859,61727,25964,2344846,1956966
13-05-2022,TOTAL,398085,398085,3145736,3145736,3669262,2432199,3669262,2432199,1602680,670513,1602680,670513,11918475,11918475
13-05-2022,Pro,49925,29665,358626,116479,752080,557888,989022,495868,279740,345653,655811,204444,2343912,2491289
13-05-2022,Client,286441,199809,1518833,230559,2483474,1261652,2316015,1653174,1291509,291001,801793,440105,7132909,5641455
13-05-2022,DII,21034,38944,46294,1706472,979,28502,0,0,0,0,83349,0,96809,1828765
16-05-2022,FII,51199,128446,1249165,1087051,418321,569031,357391,278170,34265,33428,60925,27959,2355409,1939942
16-05-2022,Client,276179,186922,1500614,234777,2690809,1661976,2541990,1989254,1291198,317982,812534,456686,7738758,6222163
16-05-2022,DII,20852,40454,46885,1705467,979,28502,0,0,0,0,84016,0,97218,1829937
16-05-2022,Pro,36155,28563,354238,123607,817630,610589,1028357,602674,290645,351136,658633,217901,2460393,2659735
16-05-2022,TOTAL,384385,384385,3150902,3150902,3927738,2870098,3927738,2870098,1616108,702546,1616108,702546,12651776,12651776
17-05-2022,TOTAL,376823,376823,3141582,3141582,3603931,3989812,3603931,3989812,1525529,731533,1525529,731533,13369210,13369210
17-05-2022,Pro,40630,35779,340239,131784,811088,767296,889236,935388,306290,343659,609123,238828,2609202,2840138
17-05-2022,FII,49902,114528,1266398,1073488,454146,617032,340984,358576,34788,31144,58850,30037,2453410,1976463
17-05-2022,Client,263016,181330,1487759,229055,2337719,2575483,2373711,2695848,1184451,356730,772247,462668,8205157,6714859
17-05-2022,DII,23275,45186,47186,1707255,979,30002,0,0,0,0,85309,0,101442,1837750
18-05-2022,TOTAL,356262,356262,3153288,3153288,4524583,3875729,4524583,3875729,1592272,759690,1592272,759690,14261823,14261823
18-05-2022,Pro,30842,30905,356688,142955,868891,659429,1190043,823443,308057,359620,640214,245172,2583526,3072731
18-05-2022,DII,23226,49168,49072,1693658,979,30270,0,0,0,0,87063,0,103547,1829889
18-05-2022,Client,251266,161592,1476848,248984,3160653,2518157,2931705,2675044,1249385,367418,805502,483370,9023726,7306197
18-05-2022,FII,50928,114597,1270680,1067691,494061,667874,402835,377242,34830,32652,59493,31148,2551025,2053006
19-05-2022,Client,265749,172719,1463688,256574,1701234,1032305,1622338,1355467,1339092,345817,841807,480031,6147885,4728936
19-05-2022,FII,54218,129605,1306589,1110625,399948,562931,306786,258522,34556,34072,62945,29394,2392314,1897877
19-05-2022,DII,23777,43568,51254,1684636,859,30236,0,0,0,0,87733,0,106126,1815937
19-05-2022,Pro,31798,29650,381611,151307,577445,424752,750361,436235,310859,373195,692022,243659,2099659,2303233
19-05-2022,TOTAL,375542,375542,3203142,3203142,2679485,2050223,2679485,2050223,1684507,753084,1684507,753084,10745983,10745983
20-05-2022,Pro,34036,32998,374472,172529,672958,609299,692306,694872,338813,370777,640910,265748,2400354,2499362
20-05-2022,TOTAL,358849,358849,3211874,3211874,2893590,3091948,2893590,3091948,1605831,782894,1605831,782894,11944985,11944985
20-05-2022,FII,71416,109794,1338770,1094496,493781,613723,318388,329520,35479,31199,57849,29785,2584368,1939832
20-05-2022,DII,22846,50562,51239,1704512,859,30615,0,0,0,0,91909,0,105559,1846983
20-05-2022,Client,230551,165495,1447393,240337,1725993,1838312,1882896,2067556,1231539,380918,815163,487361,6854705,5658808
23-05-2022,FII,67567,106672,1359169,1109161,491099,633154,312694,327457,36227,33005,57824,29774,2620221,1943582
23-05-2022,Pro,34256,30133,376477,181996,614386,669162,812433,732479,347115,381456,648928,281919,2422852,2687888
23-05-2022,TOTAL,361596,361596,3231452,3231452,3389823,3299560,3389823,3299560,1606313,806531,1606313,806531,12695275,12695275
23-05-2022,Client,232423,168919,1445119,239030,2283480,1969548,2264696,2239624,1222971,392070,806844,494838,7545610,6213951
23-05-2022,DII,27350,55872,50687,1701265,859,27697,0,0,0,0,92717,0,106593,1849854
24-05-2022,Pro,40141,28894,371506,186449,758924,766602,953657,805527,357615,385153,644575,291596,2679941,2910698
24-05-2022,TOTAL,372627,372627,3226668,3226668,3992061,3597033,3992061,3597033,1590131,808874,1590131,808874,13587394,13587394
24-05-2022,FII,68085,115427,1366781,1091406,567846,661978,365491,386160,33199,33300,56932,28711,2731189,2044127
24-05-2022,Client,237011,172057,1435104,247301,2664433,2136258,2672913,2405346,1199317,390421,793943,488567,8062543,6780127
24-05-2022,DII,27390,56249,53277,1701512,859,32196,0,0,0,0,94681,0,113722,1852442
25-05-2022,TOTAL,396602,396602,3225209,3225209,4712821,3544731,4712821,3544731,1494761,763937,1494761,763937,14138061,14138061
25-05-2022,DII,27427,55999,56374,1702624,859,34779,0,0,0,0,94798,0,119439,1853421
25-05-2022,Client,243679,189492,1431215,233972,3285211,2143620,3123448,2411746,1096915,345038,728584,449737,8545677,7136979
25-05-2022,Pro,40299,33007,358843,187092,859387,706694,1180190,767781,368669,387150,618034,289575,2721042,3075679
25-05-2022,FII,85197,118104,1378777,1101521,567365,659639,409183,365204,29177,31749,53345,24625,2751904,2071982
26-05-2022,Client,221191,191409,1364140,192500,1046622,1029450,1113918,1238474,378411,161665,278690,235771,4201478,3250762
26-05-2022,DII,25546,59106,44351,1677401,819,29102,0,0,0,0,1508,0,99818,1738015
26-05-2022,TOTAL,357739,357739,3024314,3024314,1683997,1820377,1683997,1820377,496690,335032,496690,335032,7718148,7718148
26-05-2022,Pro,44607,25419,255063,86544,443481,489338,445216,457605,111176,163317,201549,91960,1506981,1308292
26-05-2022,FII,66395,81805,1360760,1067869,193076,272488,124863,124298,7103,10050,14943,7301,1909872,1421079
27-05-2022,Pro,41058,24881,259875,96735,667983,703359,617459,691493,160142,198600,257590,132780,2031016,1820937
27-05-2022,FII,71165,76212,1375838,1072421,276592,404118,166894,231525,15103,15569,21672,13164,2158385,1581888
27-05-2022,DII,25558,62614,45591,1683465,839,29102,0,0,0,0,4545,0,101090,1750624
27-05-2022,Client,218045,192119,1367615,196298,1467875,1617614,1628935,1831174,469022,205764,360460,273989,5345934,4482975
27-05-2022,TOTAL,355826,355826,3048919,3048919,2413288,2754192,2413288,2754192,644267,419933,644267,419933,9636424,9636424
30-05-2022,FII,83968,66716,1398796,1072099,303374,412405,193182,235713,16828,18201,24246,17100,2233572,1609056
30-05-2022,TOTAL,365783,365783,3069126,3069126,2974606,3404062,2974606,3404062,710714,467070,710714,467070,10991360,10991360
30-05-2022,DII,25898,69756,46209,1693497,819,29122,0,0,0,0,9869,0,102048,1773122
30-05-2022,Pro,47503,25095,253635,104272,735348,758259,788137,838406,190684,204624,273113,156229,2190052,2185251
30-05-2022,Client,208414,204216,1370486,199258,1935066,2204277,1993287,2329943,503202,244245,403486,293741,6465689,5423931
31-05-2022,TOTAL,347620,347620,3053277,3053277,3579162,3424101,3579162,3424101,782142,511892,782142,511892,11698194,11698194
31-05-2022,DII,26322,68647,44361,1722767,819,29238,0,0,0,0,14348,0,100740,1805762
31-05-2022,Pro,42035,30317,254383,113366,736714,729640,924420,785339,209276,225345,297414,173849,2197393,2324705
31-05-2022,FII,76339,73200,1413627,1012072,316439,438831,222701,248024,18431,21641,27839,19064,2285308,1602900
31-05-2022,Client,202924,175456,1340906,205072,2525191,2226393,2432041,2390738,554435,264906,442541,318979,7114754,5964827
01-06-2022,FII,68792,81636,1404073,1028702,352050,476717,283699,266663,20077,24517,30537,21726,2346226,1712963
01-06-2022,Client,209087,159813,1354562,210013,2988491,2443441,2823386,2581362,650546,274967,491601,341810,7921093,6607985
01-06-2022,Pro,37553,28718,265204,115070,873032,698628,1107306,801903,223225,245683,338937,181631,2343325,2573565
01-06-2022,TOTAL,341471,341471,3066968,3066968,4214391,3649928,4214391,3649928,893848,545167,893848,545167,12711773,12711773
01-06-2022,DII,26039,71304,43129,1713183,819,31143,0,0,0,0,32773,0,101130,1817260
02-06-2022,Client,229309,158948,1357215,229932,1145381,1119829,1213310,1374467,684510,299598,517909,360203,4835841,3854769
02-06-2022,Pro,41738,33246,270014,119675,532081,552589,526389,509248,238676,252104,347169,193842,1887202,1729569
02-06-2022,FII,54502,83258,1403595,1020112,238602,354919,177183,174764,21548,26173,32090,23830,2099339,1511237
02-06-2022,TOTAL,351374,351374,3074143,3074143,1916882,2058479,1916882,2058479,944734,577875,944734,577875,8923487,8923487
02-06-2022,DII,25825,75922,43319,1704424,819,31143,0,0,0,0,47566,0,101106,1827912
03-06-2022,DII,25212,75826,45882,1717272,819,31173,0,0,0,0,70710,0,103086,1863808
03-06-2022,Client,224260,157516,1346417,242623,2141107,1501987,2092058,1820375,766024,325959,555237,385700,6305753,5253509
03-06-2022,Pro,44472,34338,270884,133091,779652,719127,894240,652872,254513,267200,381981,208925,2335848,2305447
03-06-2022,TOTAL,343361,343361,3064689,3064689,3248727,2666339,3248727,2666339,1043394,621067,1043394,621067,10987577,10987577
03-06-2022,FII,49417,75681,1401506,971703,327150,414053,262429,193092,22857,27908,35466,26442,2242891,1564813
06-06-2022,DII,22652,81217,45466,1741649,819,31173,0,0,0,0,86121,0,100110,1908987
06-06-2022,FII,54706,85914,1403360,937316,302729,408294,249990,205689,23450,28284,36856,27371,2220823,1543136
06-06-2022,Client,243036,156462,1349399,259298,2516099,1920206,2447302,2169065,818548,340247,580091,400084,7187534,6012302
06-06-2022,Pro,42625,39426,274000,133962,867970,753305,990324,738223,262069,276335,400999,217411,2476304,2520345
06-06-2022,TOTAL,363019,363019,3072225,3072225,3687616,3112977,3687616,3112977,1104067,644866,1104067,644866,11984770,11984770
07-06-2022,TOTAL,367839,367839,3080098,3080098,4199011,3043585,4199011,3043585,1177739,663163,1177739,663163,12531435,12531435
07-06-2022,DII,21652,75513,44925,1746606,819,31173,0,0,0,0,95126,0,98569,1917245
07-06-2022,Pro,45116,36654,287905,134418,881984,691132,1106784,657296,267136,292460,436020,220968,2465733,2592140
07-06-2022,Client,257066,151745,1368309,260225,2980808,1876257,2791298,2154687,886883,339301,606262,414885,7708623,6379102
07-06-2022,FII,44005,103927,1378959,938849,335401,445024,300929,231602,23720,31402,40331,27310,2258511,1642948
08-06-2022,TOTAL,368484,368484,3073833,3073833,4833732,3340939,4833732,3340939,1218089,679870,1218089,679870,13514947,13514947
08-06-2022,Client,260065,147392,1371892,257063,3610617,2213424,3207636,2371589,922551,341970,623992,425064,8720518,7032736
08-06-2022,DII,18952,72484,44277,1756538,819,31173,0,0,0,0,103632,0,95221,1932654
08-06-2022,FII,40587,109227,1366548,925018,319136,418010,316223,231715,24379,31983,41021,26788,2200643,1649992
08-06-2022,Pro,48880,39381,291116,135214,903161,678333,1309873,737635,271159,305917,449444,228018,2498566,2899565
09-06-2022,Client,270051,137648,1364757,267015,1196063,1266674,1220765,1474533,944555,359789,644260,437238,5401888,4181459
09-06-2022,TOTAL,371493,371493,3075893,3075893,1885838,2194272,1885838,2194272,1250199,700065,1250199,700065,9477760,9477760
09-06-2022,Pro,44585,39382,298189,137125,453422,538645,485877,542510,279734,307579,457356,235151,1922154,1897401
09-06-2022,FII,37905,117151,1368439,912853,235535,357841,179196,177229,25910,32697,40958,27676,2058327,1455063
09-06-2022,DII,18952,77312,44508,1758900,819,31113,0,0,0,0,107625,0,95392,1943837
10-06-2022,Client,278054,155091,1390612,256632,2283480,1551947,2127086,1883280,1037876,357735,690009,456555,6899703,5568653
10-06-2022,FII,35052,135068,1342919,941581,329271,464866,285624,202231,27658,37004,47191,27485,2236770,1639180
10-06-2022,DII,19226,67533,44729,1761042,819,31023,0,0,0,0,108223,0,95797,1936798
10-06-2022,TOTAL,386172,386172,3098630,3098630,3336652,2722811,3336652,2722811,1346316,722382,1346316,722382,11612963,11612963
10-06-2022,Pro,53840,28480,320370,139375,723083,674976,923942,637300,280782,327643,500893,238342,2380694,2468332
13-06-2022,FII,19379,141908,1349352,975601,408912,489001,345869,252983,29375,38040,48802,28454,2334059,1793617
13-06-2022,Client,285618,163799,1380359,251110,3312027,1883005,2991285,2121815,1123318,337921,717085,449316,8322247,6694410
13-06-2022,TOTAL,389329,389329,3114515,3114515,4563411,3043729,4563411,3043729,1431253,716066,1431253,716066,13258303,13258303
13-06-2022,DII,19437,56279,41917,1749362,859,38456,0,0,0,0,112287,0,100669,1917928
13-06-2022,Pro,64895,27343,342887,138442,841614,633268,1226257,668931,278560,340105,553079,238296,2501329,2852348
14-06-2022,TOTAL,383639,383639,3128673,3128673,4798777,3297264,4798777,3297264,1476563,730329,1476563,730329,13815245,13815245
14-06-2022,Client,281913,159077,1383230,245539,3567482,2075166,3197763,2342478,1158589,344872,745481,455300,8811251,7145638
14-06-2022,DII,20856,50687,40978,1756551,859,38466,0,0,0,0,106958,0,101159,1914196
14-06-2022,FII,17706,144627,1356293,984763,418658,525473,370581,253354,31246,38896,50878,29259,2388272,1833462
14-06-2022,Pro,63164,29248,348172,141820,811779,658160,1230433,701432,286728,346561,573246,245770,2514564,2921949
15-06-2022,DII,24176,49090,40768,1752992,899,38476,0,0,0,0,106425,0,104319,1908507
15-06-2022,Client,280263,154265,1384821,241265,3517639,2248728,3185442,2485155,1166261,353013,752621,458466,8950724,7277214
15-06-2022,TOTAL,378683,378683,3128766,3128766,4854596,3585226,4854596,3585226,1488794,738699,1488794,738699,14174764,14174764
15-06-2022,Pro,55655,29723,352449,145507,897884,734732,1300101,817684,290913,345948,578896,251147,2677581,3123058
15-06-2022,FII,18589,145605,1350728,989002,438175,563291,369053,282387,31620,39738,50852,29086,2442141,1865985
16-06-2022,Pro,57535,33716,373361,158241,636453,474198,831704,455420,289071,356090,612564,242380,2186708,2334025
16-06-2022,TOTAL,405742,405742,3150461,3150461,2835247,2058474,2835247,2058474,1539752,721897,1539752,721897,10711573,10711573
16-06-2022,DII,25872,38801,43068,1730053,819,36001,0,0,0,0,107843,0,105760,1876697
16-06-2022,Client,300274,164560,1370517,241779,1776977,1029289,1669740,1357370,1220002,324861,769183,451252,6021919,4653884
16-06-2022,FII,22061,168665,1363515,1020388,420999,518986,333803,245684,30679,40946,50162,28265,2397186,1846967
17-06-2022,FII,26029,167438,1364469,1010146,516090,577317,399549,306709,32560,41419,47930,27263,2557884,1959035
17-06-2022,DII,26507,26045,45311,1765367,819,36253,0,0,0,0,110667,0,108890,1902079
17-06-2022,TOTAL,391018,391018,3171061,3171061,3734023,2852609,3734023,2852609,1591183,740966,1591183,740966,12480860,12480860
17-06-2022,Client,284948,166415,1385969,225882,2371883,1585310,2281617,1871740,1244815,341911,800295,456975,7214836,5802924
17-06-2022,Pro,53534,31120,375312,169666,845232,653729,1052858,674160,313808,357636,632291,256728,2599251,2816823
20-06-2022,Client,287739,171152,1368996,235996,2818446,1996786,2681158,2237078,1266125,359778,816880,462038,8097869,6604302
20-06-2022,FII,29164,170854,1388043,1007301,495678,593914,414157,356214,31577,41423,47747,28446,2579799,2024719
20-06-2022,DII,25110,20721,47139,1761798,819,33257,0,0,0,0,110813,0,106325,1893332
20-06-2022,TOTAL,394499,394499,3185161,3185161,4274679,3401052,4274679,3401052,1627402,766246,1627402,766246,13649039,13649039
20-06-2022,Pro,52486,31772,380983,180066,959737,777096,1179364,807761,329700,365045,651962,275762,2865046,3126686
21-06-2022,FII,43870,158606,1403253,980261,478467,600026,374279,358367,30868,40776,48956,28668,2597260,1949137
21-06-2022,Pro,45812,39057,362192,187493,822576,847559,1055346,1052439,345347,359678,606227,294857,2783164,3235419
21-06-2022,DII,21043,24531,49818,1775793,819,33267,0,0,0,0,111218,0,104947,1911542
21-06-2022,Client,267662,156193,1359467,231183,2663368,2691724,2535604,2761770,1180290,388603,790104,465532,8551113,6940386
21-06-2022,TOTAL,378387,378387,3174730,3174730,3965229,4172576,3965229,4172576,1556505,789057,1556505,789057,14036484,14036484
22-06-2022,DII,21557,24580,50869,1764850,819,33327,0,0,0,0,112084,0,106572,1901514
22-06-2022,FII,43904,168627,1422312,988112,562982,662168,425757,392001,32869,43764,50439,28953,2767999,2053889
22-06-2022,TOTAL,402678,402678,3216747,3216747,4880058,4048410,4880058,4048410,1611795,790347,1611795,790347,14950035,14950035
22-06-2022,Client,290426,165207,1360897,264878,3367636,2591149,3138900,2737018,1237917,385916,815785,472419,9233940,7594207
22-06-2022,Pro,46791,44264,382669,198907,948622,761766,1315401,919391,341009,360667,633487,288975,2841524,3400425
23-06-2022,Pro,43736,41282,383378,216439,486835,461279,571202,503347,359995,355709,610096,302438,2090932,2244804
23-06-2022,Client,277294,155115,1357003,265259,1340895,1202310,1391021,1453314,1170336,412823,793092,479410,5760660,4537211
23-06-2022,TOTAL,393205,393205,3237232,3237232,2245490,2203526,2245490,2203526,1565337,813376,1565337,813376,10458166,10458166
23-06-2022,DII,21050,31511,48231,1768473,819,33327,0,0,0,0,112421,0,103427,1912405
23-06-2022,FII,51125,165297,1448620,987061,416942,506611,283267,246866,35006,44844,49728,31528,2503148,1763746
24-06-2022,TOTAL,402603,402603,3250734,3250734,2909987,3015473,2909987,3015473,1557452,832949,1557452,832949,11969198,11969198
24-06-2022,DII,20950,33443,48080,1778597,819,36327,0,0,0,0,119069,0,106176,1931109
24-06-2022,Client,284631,155738,1356654,268610,1878167,1838625,1911370,2066730,1156683,429220,779261,490330,6943979,5672039
24-06-2022,Pro,43819,54147,393440,238801,620337,614289,711309,680547,364090,360223,607227,312277,2396197,2604307
24-06-2022,FII,53203,159275,1452560,964726,410666,526233,287309,268197,36679,43506,51895,30342,2522847,1761743
27-06-2022,Client,267051,150983,1343964,258139,2439685,2216004,2368230,2419690,1124330,443747,760487,486243,7834780,6443772
27-06-2022,FII,44966,148186,1446415,945712,451827,564190,330438,296334,36813,43069,50653,28468,2587280,1799790
27-06-2022,DII,24594,34129,52507,1772574,819,34935,0,0,0,0,121374,0,112855,1928077
27-06-2022,TOTAL,380537,380537,3225644,3225644,3635786,3562008,3635786,3562008,1528358,843596,1528358,843596,13175929,13175929
27-06-2022,Pro,43926,47239,382758,249219,743457,746880,937119,845985,367215,356780,595844,328885,2641015,3004290
28-06-2022,TOTAL,406709,406709,3185816,3185816,4150099,3853159,4150099,3853159,1490818,847839,1490818,847839,13934440,13934440
28-06-2022,DII,24572,42943,57119,1758639,819,37110,0,0,0,0,109155,0,119620,1910737
28-06-2022,Pro,46721,58204,369286,245241,772956,713203,1037050,869596,370716,361640,582812,333979,2634522,3126882
28-06-2022,FII,49399,151357,1422525,917183,513177,603173,376370,319345,37664,41680,51042,28147,2667618,1843443
28-06-2022,Client,286017,154205,1336886,264753,2863149,2499673,2736680,2664219,1082438,444519,747809,485713,8512682,7053379
29-06-2022,DII,24450,51945,59938,1743289,819,37150,0,0,0,0,112757,0,122357,1907991
29-06-2022,FII,30858,163169,1400430,895757,544417,637263,380542,360317,35986,40301,49390,26146,2689255,1875320
29-06-2022,TOTAL,407927,407927,3138646,3138646,4424596,4158045,4424596,4158045,1419305,814279,1419305,814279,14362798,14362798
29-06-2022,Pro,54121,40603,347164,219679,763766,819408,1114614,965659,379529,369282,565745,325867,2733270,3232167
29-06-2022,Client,298498,152210,1331114,279921,3115596,2664224,2929441,2832070,1003790,404696,691413,462266,8817918,7347321
30-06-2022,Pro,28258,27697,245787,98748,411598,474585,444211,448093,87806,138129,187192,87027,1386162,1292968
30-06-2022,Client,266255,145864,1253625,235483,1133809,1053773,1176572,1271254,378794,164674,254025,219291,4250930,3302489
30-06-2022,DII,36131,52379,47816,1697934,719,32660,0,0,0,0,15131,0,117326,1765444
30-06-2022,TOTAL,352448,352448,2905627,2905627,1750317,1880408,1750317,1880408,470360,313245,470360,313245,7672404,7672404
30-06-2022,FII,21804,126508,1358399,873462,204192,319390,129534,161061,3760,10442,14012,6927,1917987,1311504
01-07-2022,TOTAL,377046,377046,2956734,2956734,2611389,2903840,2611389,2903840,671727,423313,671727,423313,9944049,9944049
01-07-2022,DII,41497,49044,50564,1715460,719,32620,0,0,0,0,32142,0,125400,1796646
01-07-2022,Pro,29474,39035,258163,108528,687282,697085,629576,708618,149089,183078,259337,136348,2004170,1881442
01-07-2022,Client,280929,151888,1266844,241322,1678844,1770303,1799617,1964946,508981,221619,352072,271744,5727520,4781589
01-07-2022,FII,25146,137079,1381163,891424,244545,403833,182196,230277,13657,18616,28176,15221,2086960,1484373
04-07-2022,DII,41386,43283,51570,1702416,719,32620,0,0,0,0,61837,0,126295,1807536
04-07-2022,Client,292759,156111,1281412,253396,2028928,2320979,2120163,2418114,594276,254781,402915,303244,6773135,5653943
04-07-2022,FII,23325,143040,1378329,897399,301251,426467,225171,252336,17149,20808,33675,17367,2167329,1568988
04-07-2022,Pro,30222,45258,263866,121966,805366,765905,790929,875521,186531,204453,299529,159431,2256342,2292634
04-07-2022,TOTAL,387692,387692,2975177,2975177,3136263,3545971,3136263,3545971,797956,480042,797956,480042,11323100,11323100
05-07-2022,DII,40586,47243,58005,1671054,719,32620,0,0,0,2483,75797,0,134413,1794094
05-07-2022,TOTAL,383038,383038,2971690,2971690,3857216,3586631,3857216,3586631,841975,509272,841975,509272,12149821,12149821
05-07-2022,Pro,30449,37619,259123,119219,760218,747225,1004594,828258,207264,215821,312261,173151,2220099,2475102
05-07-2022,Client,285589,163223,1269242,279258,2759194,2337778,2568651,2476251,614611,268811,418452,316888,7535225,6222723
05-07-2022,FII,26414,134953,1385320,902159,337086,469008,283971,282122,20100,22157,35465,19233,2260085,1657903
06-07-2022,FII,35883,123439,1401051,893120,363870,511231,288099,362848,22542,22579,35591,21487,2357156,1724584
06-07-2022,DII,38987,45479,59528,1664063,719,32620,0,0,0,2483,93128,0,134337,1802670
06-07-2022,Client,295540,172308,1266491,298004,2529461,3552217,2546904,3367812,618993,306189,442228,334786,8568891,7162042
06-07-2022,TOTAL,402397,402397,2989255,2989255,3772713,4951552,3772713,4951552,884544,551947,884544,551947,13552407,13552407
06-07-2022,Pro,31987,61171,262185,134068,878664,855484,937710,1220892,243009,220696,313597,195674,2492024,2863112
07-07-2022,DII,37947,46394,64318,1671623,719,32620,0,0,0,2483,101565,0,138087,1819582
07-07-2022,Pro,25734,48051,262054,148635,511009,522065,476938,595513,265886,231574,330578,221985,1818322,1821699
07-07-2022,TOTAL,377978,377978,2999420,2999420,1913793,2342934,1913793,2342934,937537,597948,937537,597948,9169609,9169609
07-07-2022,FII,37356,109056,1396787,885225,251400,373101,190758,220218,24255,24265,37696,22825,2107164,1465778
07-07-2022,Client,276941,174477,1276261,293937,1150666,1415148,1246097,1527204,647396,339626,467698,353138,5106038,4062551
08-07-2022,FII,37822,100535,1399725,879605,278600,361293,201370,236518,27068,29449,39158,25770,2133957,1482956
08-07-2022,Pro,23294,53096,263534,164254,683264,701454,664727,765987,288306,250748,368873,250335,2210600,2267271
08-07-2022,DII,36869,51414,64299,1665226,719,32620,0,0,0,2483,108506,0,136990,1825146
08-07-2022,TOTAL,361559,361559,3001039,3001039,2663271,3065509,2663271,3065509,1033882,658728,1033882,658728,10783987,10783987
08-07-2022,Client,263574,156514,1273481,291954,1700689,1970142,1797174,2063005,718508,376048,517345,382623,6302442,5208615
11-07-2022,TOTAL,389425,389425,3033311,3033311,3084147,3876504,3084147,3876504,1123296,696031,1123296,696031,12202713,12202713
11-07-2022,FII,38235,107572,1393388,892156,329740,435967,247170,282518,29298,31270,40645,26643,2257898,1596704
11-07-2022,DII,36969,59020,64360,1659625,719,32620,0,0,0,2483,117207,0,137151,1835852
11-07-2022,Client,286637,161482,1301283,314114,2035896,2586803,2114235,2631318,789695,395581,555375,405047,7395895,6181571
11-07-2022,Pro,27584,61351,274280,167416,717793,821114,722742,962669,304303,266697,410069,264341,2411771,2588587
12-07-2022,Pro,27872,42815,285088,166876,803890,762634,1002429,800322,305080,288172,450173,267627,2472736,2730241
12-07-2022,FII,33660,136828,1375587,896478,373556,433803,341911,244225,28872,34115,41484,25400,2279593,1686326
12-07-2022,DII,37028,56560,62426,1651565,719,32620,0,0,0,2483,118917,0,135276,1827042
12-07-2022,TOTAL,384477,384477,3044039,3044039,4019719,3522937,4019719,3522937,1211199,718963,1211199,718963,12901333,12901333
12-07-2022,Client,285917,148274,1320938,329120,2841555,2293880,2675379,2478391,877247,394193,600625,425936,8013730,6657725
13-07-2022,FII,29650,125925,1370717,887074,336026,441195,362659,242497,30777,35732,44735,26568,2244097,1689458
13-07-2022,Client,280502,161084,1329714,323022,3552751,2439328,3199850,2601873,916928,405059,630596,439217,8924282,7355642
13-07-2022,DII,38077,42760,62012,1669694,719,34720,0,0,0,2483,120203,0,138011,1832657
13-07-2022,TOTAL,375387,375387,3056768,3056768,4816565,3687837,4816565,3687837,1264932,743972,1264932,743972,13945460,13945460
13-07-2022,Pro,27158,45618,294325,176978,927070,772594,1254056,843468,317227,300698,469398,278187,2639072,3067704
14-07-2022,TOTAL,389990,389990,3060607,3060607,2164572,2192059,2164572,2192059,1317083,754103,1317083,754103,9878413,9878413
14-07-2022,Pro,27522,57447,303751,179853,520096,497115,562692,510028,316792,312693,490735,276351,1977969,2077105
14-07-2022,FII,26390,129833,1359481,882944,226446,363361,190530,181030,31358,36454,46375,27527,2043490,1458239
14-07-2022,DII,36355,41192,63705,1656405,719,42709,0,0,0,2483,120926,0,145971,1818523
14-07-2022,Client,299723,161518,1333670,341405,1417312,1288874,1411350,1501002,968933,402473,659047,450225,5710985,4524547
15-07-2022,Client,297619,152666,1340148,334566,1835477,1877828,1899413,2111239,1008400,435024,696709,472073,6794496,5666666
15-07-2022,FII,26732,135184,1365266,884246,300920,454881,253856,240188,32741,38382,51569,30773,2218922,1595816
15-07-2022,Pro,27740,63088,307621,194680,675283,657381,659129,683313,334755,322338,503688,295381,2325118,2399278
15-07-2022,DII,36239,37392,61795,1661338,719,44649,0,0,0,2483,123930,0,145885,1822660
15-07-2022,TOTAL,388330,388330,3074830,3074830,2812398,3034739,2812398,3034739,1375896,798227,1375896,798227,11484419,11484419
18-07-2022,Pro,34000,64586,305444,215892,732794,788629,748276,982295,351325,317929,482293,320692,2530121,2814033
18-07-2022,Client,280696,156423,1333533,311023,2034219,2748632,2130327,2768676,972169,474711,701098,477759,7843960,6545306
18-07-2022,DII,36194,38352,61349,1667017,719,45510,0,0,0,2483,126457,0,146255,1831826
18-07-2022,FII,26363,117892,1373951,880345,373619,462072,262747,293873,36321,36616,49967,33288,2308942,1638112
18-07-2022,TOTAL,377253,377253,3074277,3074277,3141350,4044843,3141350,4044843,1359815,831739,1359815,831739,12829276,12829276
19-07-2022,DII,36139,40342,62033,1651989,719,49677,0,0,0,2483,130225,0,151051,1822556
19-07-2022,Pro,35787,70472,310394,221280,769596,882798,807370,1188515,358321,327860,490625,330504,2684756,3108765
19-07-2022,TOTAL,393311,393311,3088769,3088769,3416655,4694417,3416655,4694417,1390997,864523,1390997,864523,13848671,13848671
19-07-2022,Client,290555,163569,1343367,325559,2241412,3248472,2326534,3155313,994160,495968,717671,500200,8613934,7188846
19-07-2022,FII,30830,118928,1372975,889941,404929,513470,282751,350590,38516,38212,52476,33819,2398932,1728505
20-07-2022,FII,36344,91242,1378599,889589,388142,495878,305445,345275,36116,36754,50613,34334,2371833,1716498
20-07-2022,DII,34126,37726,65892,1629177,719,57927,0,0,0,2483,135433,0,161147,1802336
20-07-2022,Client,246768,164005,1323801,320936,2702493,3519963,2587081,3351238,943332,520843,690946,502112,9257200,7616318
20-07-2022,TOTAL,350817,350817,3064388,3064388,3859968,4930093,3859968,4930093,1339954,883145,1339954,883145,14428364,14428364
20-07-2022,Pro,33579,57844,296096,224686,768615,856325,967442,1233581,360506,323065,462962,346699,2638186,3293213
21-07-2022,Client,249455,184384,1326696,334406,1210049,1610234,1303894,1655278,941055,570231,702954,524152,5907720,4705068
21-07-2022,DII,33767,38657,65092,1615135,719,57947,0,0,0,2483,136524,0,160008,1790316
21-07-2022,FII,53795,80042,1389520,897977,255131,327425,153490,205959,39264,36909,50712,38785,2102044,1426965
21-07-2022,Pro,34813,68747,302172,235962,447133,498675,455647,633045,372103,326608,462232,373294,1981504,2228926
21-07-2022,TOTAL,371830,371830,3083480,3083480,1913031,2494281,1913031,2494281,1352422,936231,1352422,936231,10151274,10151274
22-07-2022,Client,244380,188744,1331598,337858,1743055,2400997,1862248,2371582,988474,577856,731547,535755,7286360,6027734
22-07-2022,DII,33799,39507,64510,1608995,719,56017,0,0,0,2483,139929,0,157528,1788431
22-07-2022,TOTAL,370107,370107,3105433,3105433,2698579,3589473,2698579,3589473,1418796,954858,1418796,954858,12137246,12137246
22-07-2022,FII,58738,71036,1403983,900837,339901,405425,215625,292942,42148,36486,53108,38465,2286681,1572013
22-07-2022,Pro,33190,70820,305342,257743,614905,727035,620706,924950,388174,338033,494212,380638,2406678,2749069
25-07-2022,DII,33539,39471,64371,1613274,719,81956,0,0,0,2483,140386,0,183068,1793131
25-07-2022,Client,232201,167112,1344691,336838,2394022,2612789,2369044,2681459,1043406,563510,753197,535584,8190619,6843234
25-07-2022,FII,54485,78316,1403957,912076,340464,443084,255265,277266,43064,37228,53942,36895,2322282,1613760
25-07-2022,TOTAL,348488,348488,3124496,3124496,3492864,3960012,3492864,3960012,1474309,951058,1474309,951058,13351226,13351226
25-07-2022,Pro,28263,63589,311477,262308,757660,822183,868555,1001288,387839,347837,526784,378579,2655259,3101102
26-07-2022,Pro,28957,49416,312075,264382,754021,783162,967405,895928,380867,358755,550911,369876,2617837,3097917
26-07-2022,TOTAL,325756,325756,3098153,3098153,3939351,3769373,3939351,3769373,1501176,928499,1501176,928499,13562307,13562307
26-07-2022,FII,44881,79081,1380841,911314,369581,467245,286246,277879,40080,36875,51888,32855,2339503,1639263
26-07-2022,DII,39094,38655,64592,1606762,719,75956,0,0,0,2483,141636,0,182844,1787053
26-07-2022,Client,212824,158604,1340645,315695,2815031,2443010,2685700,2595567,1080229,530386,756741,525768,8422125,7038075
27-07-2022,TOTAL,348131,348131,3068409,3068409,3919258,4823670,3919258,4823670,1344648,899479,1344648,899479,14403595,14403595
27-07-2022,FII,71749,86605,1377581,891953,429414,538738,290430,379869,36880,36234,40287,32060,2490596,1721204
27-07-2022,DII,39024,39055,65402,1611379,719,73208,0,0,0,0,139246,0,178353,1789680
27-07-2022,Client,207632,165626,1314822,295778,2601459,3317703,2675433,3252640,923460,501415,670299,502877,8866491,7562653
27-07-2022,Pro,29726,56845,310604,269299,887667,894022,953395,1191162,384308,361830,494816,364542,2868156,3330059
28-07-2022,DII,33225,42688,47861,1559921,774,49334,0,0,0,0,5526,0,131194,1608135
28-07-2022,Client,162134,152124,1213216,215819,1112620,1512711,1212777,1506544,447605,198908,322178,239970,4647194,3649412
28-07-2022,FII,66520,49403,1268861,858334,223276,236755,123953,177578,6443,8358,12531,8432,1810213,1230231
28-07-2022,TOTAL,282079,282079,2760185,2760185,1804647,2353793,1804647,2353793,576115,356710,576115,356710,8133529,8133529
28-07-2022,Pro,20200,37864,230247,126111,467978,554994,467917,669672,122067,149444,235880,108308,1544929,1645752
29-07-2022,Pro,26863,46080,244577,147054,646038,683625,668119,826538,194265,195310,319843,161831,1990678,2169464
29-07-2022,TOTAL,311455,311455,2793735,2793735,2766939,3322128,2766939,3322128,764561,461761,764561,461761,10420579,10420579
29-07-2022,Client,165677,173320,1229675,223302,1793374,2238694,1881870,2230682,555260,252684,406795,284936,6235363,5200904
29-07-2022,FII,77505,50338,1271166,860611,326755,338075,216951,264909,15036,13767,22890,14994,2042304,1430693
29-07-2022,DII,41410,41717,48317,1562768,774,61734,0,0,0,0,15033,0,152235,1619518
01-08-2022,FII,103158,51693,1269975,856287,345668,375617,223485,320363,18960,15021,26749,17384,2128399,1495961
01-08-2022,TOTAL,348430,348430,2804270,2804270,3162153,4430229,3162153,4430229,886991,538890,886991,538890,12170963,12170963
01-08-2022,DII,42676,47103,48630,1557549,774,67946,0,0,0,0,22656,0,160026,1627308
01-08-2022,Client,179767,193950,1233019,235539,2075796,3140615,2140235,2915858,638163,301879,465202,322119,7569238,6272902
01-08-2022,Pro,22829,55684,252646,154895,739917,846051,798434,1194009,229868,221990,372384,199387,2313301,2774792
02-08-2022,Pro,25643,49769,261460,153283,752839,948245,875577,1253708,252837,252757,423946,214265,2493781,2970547
02-08-2022,DII,46947,49608,48903,1546800,774,56555,0,0,0,0,40065,0,153179,1636473
02-08-2022,FII,80085,60098,1270318,857833,348869,422015,216383,306135,22018,17281,33502,17653,2160586,1491604
02-08-2022,Client,196050,189250,1244045,266810,2389913,3215139,2400434,3082112,734745,319898,512087,358018,8099789,6808710
02-08-2022,TOTAL,348725,348725,2824726,2824726,3492393,4641954,3492393,4641954,1009600,589936,1009600,589936,12907334,12907334
03-08-2022,FII,74959,60974,1263193,868536,353640,413234,253096,309644,24064,18486,35203,18402,2147576,1545855
03-08-2022,Pro,32443,41795,265326,151983,916604,865155,1043932,1230040,273925,271706,455660,226649,2625159,3150058
03-08-2022,Client,186904,184204,1250190,260123,2804453,3463396,2778442,3255035,807881,334456,558526,379597,8847279,7415926
03-08-2022,DII,45747,53080,48812,1546879,774,52933,0,0,0,0,56481,0,148266,1656440
03-08-2022,TOTAL,340053,340053,2827521,2827521,4075469,4794718,4075469,4794718,1105870,624648,1105870,624648,13768279,13768279
04-08-2022,Pro,32833,41251,266437,154297,571655,587255,604899,595924,285874,284353,471180,233718,2028406,2101269
04-08-2022,DII,44342,49162,47553,1536786,719,81542,0,0,0,0,68917,0,174156,1654865
04-08-2022,FII,71061,66353,1276426,871524,221252,283325,144773,195939,26729,21538,36911,20223,1900331,1335723
04-08-2022,Client,194072,185542,1247216,275025,1358368,1379238,1402321,1539497,842772,343418,578367,395368,5365083,4376119
04-08-2022,TOTAL,342308,342308,2837632,2837632,2151992,2331359,2151992,2331359,1155375,649309,1155375,649309,9467975,9467975
05-08-2022,DII,44232,50294,47322,1534110,719,93018,0,0,0,0,73483,0,185291,1657887
05-08-2022,Pro,31721,42458,264550,166389,750264,718703,848581,777182,303623,301179,492847,258422,2370040,2585878
05-08-2022,Client,194779,193022,1245993,278909,2211676,2108897,2185280,2211192,900460,379555,626869,423377,7041359,5918648
05-08-2022,FII,80383,65341,1283566,862023,273180,323591,201977,255836,29166,23296,40050,22231,2013182,1447458
05-08-2022,TOTAL,351115,351115,2841431,2841431,3235837,3244209,3235837,3244209,1233249,704030,1233249,704030,11609871,11609871
08-08-2022,Client,221626,202759,1252861,291500,2346240,3049440,2374126,2978531,937634,414947,658795,444738,8222747,6950448
08-08-2022,DII,43468,60060,47899,1527133,719,93018,0,0,0,0,79817,0,185104,1667010
08-08-2022,FII,86635,69907,1285054,860211,339246,398313,210437,324705,30851,23991,42379,24555,2164090,1532194
08-08-2022,Pro,31652,50655,262916,169886,792413,872235,894054,1109771,320551,307764,508045,277409,2587531,3009819
08-08-2022,TOTAL,383381,383381,2848730,2848730,3478616,4413006,3478616,4413006,1289036,746702,1289036,746702,13159471,13159471
10-08-2022,Pro,29373,47680,268554,172775,815197,916606,996338,1173637,327960,322439,544292,294684,2680129,3229405
10-08-2022,TOTAL,385251,385251,2855927,2855927,4024784,4720363,4024784,4720363,1362439,780758,1362439,780758,14129522,14129522
10-08-2022,FII,77819,70913,1277986,866049,328712,420277,234664,301140,32492,28416,44472,26738,2165702,1543976
10-08-2022,Client,234831,203714,1261201,310172,2880158,3290462,2793783,3245587,1001987,429903,692468,459336,9098541,7705059
10-08-2022,DII,43228,62944,48186,1506931,719,93018,0,0,0,0,81207,0,185151,1651082
11-08-2022,Client,244252,214276,1253994,319947,1315533,1661041,1374725,1730844,1025616,453160,713899,468872,5953595,4822562
11-08-2022,FII,85288,68741,1288537,863578,238521,291092,134525,220366,34603,30076,47569,29514,1968117,1364293
11-08-2022,DII,42473,66344,48089,1494850,719,107768,0,0,0,0,84789,0,199049,1645983
11-08-2022,Pro,30279,52931,269414,181659,502019,617984,547541,726676,334268,329814,548230,314664,2083778,2371700
11-08-2022,TOTAL,402292,402292,2860034,2860034,2056790,2677885,2056790,2677885,1394487,813050,1394487,813050,10204538,10204538
12-08-2022,FII,93503,66825,1295682,875644,322600,349509,181589,273540,34798,30471,48757,30291,2126563,1476646
12-08-2022,TOTAL,403996,403996,2881254,2881254,2899248,3587602,2899248,3587602,1454824,850684,1454824,850684,12077608,12077608
12-08-2022,Pro,29301,54788,275447,188200,675637,746087,705828,851589,347309,340860,566791,329666,2414641,2696861
12-08-2022,DII,42023,67244,49560,1487460,719,118043,0,0,0,0,86194,0,210345,1640898
12-08-2022,Client,239169,215139,1260565,329950,1900294,2373963,2011832,2462474,1072717,479353,753082,490727,7326060,6263203
16-08-2022,TOTAL,407700,407700,2878621,2878621,3517863,4180872,3517863,4180872,1467570,888489,1467570,888489,13341115,13341115
16-08-2022,DII,42257,69188,47862,1481403,719,120143,0,0,0,0,86194,0,210981,1636785
16-08-2022,Client,237666,217269,1255114,328241,2390813,2863352,2383748,2844066,1072299,514448,774172,505656,8333691,7053151
16-08-2022,FII,97350,68115,1305193,872397,344239,392173,209158,311436,38722,32138,50441,31682,2209815,1543229
16-08-2022,Pro,30427,53128,270452,196580,782094,805204,924958,1025371,356549,341903,556763,351151,2586629,3107950
17-08-2022,DII,42281,69183,47433,1466562,719,117207,0,0,0,0,88490,0,207640,1624235
17-08-2022,TOTAL,428883,428883,2871690,2871690,3760997,4920475,3760997,4920475,1501178,927032,1501178,927032,14410255,14410255
17-08-2022,Client,245139,227024,1254774,325709,2513629,3451543,2547292,3347263,1089511,539762,792365,525528,9094357,7765180
17-08-2022,FII,105646,76499,1295802,876653,394186,462024,239760,338461,42593,34537,56066,32916,2334788,1620355
17-08-2022,Pro,35817,56177,273681,202766,852465,889701,973946,1234752,369074,352733,564257,368588,2773471,3400485
18-08-2022,Pro,40414,51250,279763,203380,509163,598165,560327,720089,375859,370799,590231,376016,2174163,2501292
18-08-2022,DII,42556,72478,47278,1457913,719,115301,0,0,0,0,90696,0,205854,1621087
18-08-2022,FII,97232,86289,1276460,881525,277359,357980,154110,237921,45197,36030,57949,32219,2090258,1450013
18-08-2022,TOTAL,431230,431230,2868421,2868421,2157484,2833158,2157484,2833158,1561327,948031,1561327,948031,10799651,10799651
18-08-2022,Client,251028,221213,1264920,325603,1370245,1761712,1443048,1875149,1140271,541202,822451,539796,6329377,5227259
19-08-2022,DII,42529,68491,48252,1444445,719,113347,0,0,0,0,92928,0,204847,1605864
19-08-2022,TOTAL,429099,429099,2847477,2847477,4287503,3441981,4287503,3441981,1645219,913553,1645219,913553,13564832,13564832
19-08-2022,Client,251591,210671,1246282,318002,3048975,2125356,2843805,2332376,1229748,482802,871648,539532,8384753,7116033
19-08-2022,Pro,41398,50306,288399,202420,866659,777303,1128938,847750,370324,389210,616664,343652,2733293,3189729
19-08-2022,FII,93581,99631,1264544,882610,371152,425975,314761,261856,45147,41541,63979,30369,2241940,1653206
22-08-2022,Client,237730,195020,1228876,309150,3657344,2284151,3336097,2475137,1255331,457636,871893,521169,9121067,7708465
22-08-2022,FII,87239,87865,1270320,893185,414846,474374,353930,282946,44436,40669,63232,28736,2331884,1709894
22-08-2022,DII,42531,58585,49427,1437522,719,112147,0,0,0,0,93970,0,204824,1590077
22-08-2022,TOTAL,394460,394460,2832843,2832843,4960537,3619179,4960537,3619179,1657929,867460,1657929,867460,14332408,14332408
22-08-2022,Pro,26960,52990,284220,192986,887630,748507,1270511,861097,358162,369155,628834,317555,2674634,3323972
23-08-2022,DII,42598,58542,49881,1437827,719,85122,0,0,0,0,95516,0,178320,1591885
23-08-2022,TOTAL,400120,400120,2835422,2835422,4636180,4369720,4636180,4369720,1562575,851509,1562575,851509,14655526,14655526
23-08-2022,FII,86982,89003,1270127,889764,456840,537485,369792,303258,41370,37610,55663,28153,2430414,1735633
23-08-2022,Client,244648,186827,1233135,309143,3285163,2889156,3100008,2984244,1165410,451002,825449,507338,9268513,7913008
23-08-2022,Pro,25892,65748,282279,198688,893460,857957,1166381,1082219,355795,362897,585947,316018,2778280,3415000
24-08-2022,Pro,32025,48986,284399,201027,858466,947794,1168743,1212733,355318,367078,536393,309238,2845080,3477119
24-08-2022,FII,73606,90167,1246101,894012,472143,580645,353116,352016,36846,36078,48941,25056,2445419,1763308
24-08-2022,Client,235544,182849,1253035,296374,3446270,3191659,3255738,3240472,1028412,416663,737827,485525,9571582,8198784
24-08-2022,DII,42482,61655,49354,1441476,719,85122,0,0,0,0,97415,0,177677,1600546
24-08-2022,TOTAL,383657,383657,2832889,2832889,4777596,4805220,4777596,4805220,1420576,819819,1420576,819819,15039757,15039757
25-08-2022,DII,38236,60905,39787,1377246,719,75622,0,0,0,0,9444,0,154364,1447595
25-08-2022,Client,216587,149536,1192666,253309,1587392,1304390,1602083,1512566,494659,157534,331798,244513,4953228,4093805
25-08-2022,TOTAL,316007,316007,2622021,2622021,2414245,2290382,2414245,2290382,601534,338004,601534,338004,8582193,8582193
25-08-2022,Pro,23959,37495,235703,109029,548601,585965,635802,596098,101622,171969,246932,88126,1667819,1713481
25-08-2022,FII,37225,68071,1153865,882437,277535,324405,176361,181719,5253,8501,13360,5365,1806784,1327313
26-08-2022,TOTAL,319234,319234,2651319,2651319,3547320,3107245,3547320,3107245,763343,421583,763343,421583,10810044,10810044
26-08-2022,Pro,23714,42822,243901,120847,806142,760972,892706,770831,154514,213757,313868,123398,2203000,2264471
26-08-2022,FII,36659,56549,1155781,877664,387751,412945,266467,249583,12139,15413,22343,10293,2020688,1482899
26-08-2022,DII,38236,60632,40185,1386369,719,75622,0,0,0,0,15777,0,154762,1462778
26-08-2022,Client,220625,159231,1211452,266439,2352710,1857706,2388148,2086832,596690,192413,411355,287892,6431596,5599897
29-08-2022,Client,231534,163906,1233227,283633,3092638,2485702,2960393,2587906,715860,214338,476669,320836,7973299,6793343
29-08-2022,TOTAL,333487,333487,2687004,2687004,4390262,3924486,4390262,3924486,913984,475421,913984,475421,12724644,12724644
29-08-2022,DII,38975,57875,39596,1385805,719,79982,0,0,0,0,31799,0,159272,1475479
29-08-2022,Pro,28203,44037,262478,114327,916595,899169,1160441,1023062,181651,242005,379949,142330,2530101,2864145
29-08-2022,FII,34775,67669,1151703,903239,380312,459633,269429,313519,16473,19078,25567,12255,2061974,1591678
30-08-2022,TOTAL,355499,355499,2701416,2701416,3749471,5225376,3749471,5225376,912163,507480,912163,507480,13451405,13451405
30-08-2022,Client,246767,184013,1237982,291644,2413340,3545519,2521272,3442156,682151,244646,481953,335068,8370405,7256106
30-08-2022,FII,42869,56363,1167705,897956,393838,551716,242058,351676,19880,21229,28535,14080,2197237,1590668
30-08-2022,Pro,25750,47248,255884,120808,941576,1048159,986142,1431545,210132,241605,356517,158332,2723106,3100591
30-08-2022,DII,40113,67875,39845,1391008,719,79982,0,0,0,0,45158,0,160659,1504041
01-09-2022,Pro,29727,43032,278819,125550,578426,625941,599503,642693,216867,277919,422908,174518,2007699,2008203
01-09-2022,FII,36264,96773,1152407,935445,236790,335574,138269,152343,19829,24911,32678,15383,1805775,1370891
01-09-2022,DII,40366,64875,40709,1384544,719,79982,0,0,0,0,52223,0,161776,1501642
01-09-2022,TOTAL,366035,366035,2764811,2764811,2257028,2430853,2257028,2430853,1052031,564690,1052031,564690,9435448,9435448
01-09-2022,Client,259678,161355,1292876,319272,1441095,1389356,1519257,1635818,815335,261860,544222,374789,5460200,4554713
02-09-2022,TOTAL,369027,369027,2789920,2789920,3289418,3312977,3289418,3312977,1168791,616044,1168791,616044,11546177,11546177
02-09-2022,Client,267241,161667,1322557,328902,2200321,1990098,2242793,2258844,914289,284858,605691,404984,6979364,6002881
02-09-2022,Pro,32304,37948,287056,125529,780546,821621,849913,836298,233518,303954,467647,194041,2458999,2511375
02-09-2022,DII,43124,58375,41554,1376559,719,79982,0,0,0,0,57807,0,165379,1492741
02-09-2022,FII,26358,111037,1138753,958930,307834,421276,196713,217836,20984,27232,37646,17019,1942437,1539181
05-09-2022,TOTAL,382070,382070,2799929,2799929,3714940,4397751,3714940,4397751,1230632,647341,1230632,647341,13172663,13172663
05-09-2022,FII,30147,102178,1143671,946171,337672,456962,184268,272700,24125,27843,42738,19349,2020420,1567404
05-09-2022,Pro,31671,44892,288895,130381,898157,985184,958207,1174314,255369,313019,480343,205753,2772295,2993889
05-09-2022,DII,42503,60757,41494,1390721,719,79982,0,0,0,0,74605,0,164698,1526083
05-09-2022,Client,277749,174243,1325869,332656,2478394,2875623,2572466,2950738,951138,306479,632946,422239,8215252,7085288
06-09-2022,TOTAL,382068,382068,2819771,2819771,4413418,4404261,4413418,4404261,1304069,682676,1304069,682676,14006263,14006263
06-09-2022,DII,40258,65757,41075,1392058,719,79982,0,0,0,0,85422,0,162034,1543237
06-09-2022,Pro,38699,35672,298550,136809,986638,1000645,1189317,1124801,278256,329726,505622,219184,2932514,3211404
06-09-2022,FII,25534,108649,1139546,951843,382827,494140,251084,254859,27634,31795,47589,20913,2101476,1634937
06-09-2022,Client,277577,171990,1340600,339061,3043236,2829494,2973018,3024602,998179,321155,665436,442579,8810240,7616685
07-09-2022,Pro,35773,36725,316939,140367,989492,989505,1293700,1178065,296512,349125,545286,233370,2977346,3427512
07-09-2022,Client,277172,166821,1371812,343130,3519983,3068408,3342587,3224490,1081105,332579,712510,462238,9651058,8251775
07-09-2022,FII,26947,111108,1124437,982287,409754,541202,283660,276543,32526,36645,53547,22741,2171511,1729886
07-09-2022,DII,35421,60659,42341,1389745,719,79982,0,0,0,0,98800,0,158463,1549204
07-09-2022,TOTAL,375313,375313,2855529,2855529,4919946,4679097,4919946,4679097,1410143,718349,1410143,718349,14958377,14958377
08-09-2022,DII,34978,60002,46637,1385457,719,79982,0,0,0,0,108893,0,162316,1554352
08-09-2022,Client,279131,174975,1392556,341222,1390267,1740580,1509072,1913413,1104795,357275,729670,478971,6264603,5147322
08-09-2022,TOTAL,384181,384181,2875503,2875503,2277949,2919372,2277949,2919372,1452705,754104,1452705,754104,10663814,10663814
08-09-2022,Pro,36463,40590,322748,153013,659348,747738,637752,813663,313679,356488,558016,249651,2436464,2452684
08-09-2022,FII,33609,108614,1113562,995811,227617,351072,131126,192297,34231,40341,56126,25482,1800432,1509456
09-09-2022,FII,29944,105892,1113552,998063,359424,460300,239239,232791,35604,41109,58599,27894,2039933,1662478
09-09-2022,TOTAL,381504,381504,2882788,2882788,3500285,3702605,3500285,3702605,1510265,797038,1510265,797038,12774485,12774485
09-09-2022,Pro,38085,37193,330173,160515,873287,904368,939855,947002,322370,376430,577550,267539,2844713,2929653
09-09-2022,Client,278292,176078,1388923,343675,2266857,2259325,2321192,2522813,1152291,379499,760924,501605,7725186,6626286
09-09-2022,DII,35183,62341,50140,1380535,719,78612,0,0,0,0,113192,0,164654,1556068
12-09-2022,Client,282250,181373,1390924,344233,2510886,2793094,2595474,2964588,1162807,410265,778838,512794,8550225,7377299
12-09-2022,Pro,37719,41410,331748,171016,951266,963643,1017689,1088286,336615,372811,578837,282616,2993802,3179853
12-09-2022,DII,35483,66641,50653,1368639,719,78612,0,0,0,0,120663,0,165467,1555943
12-09-2022,TOTAL,389497,389497,2881023,2881023,3853814,4310157,3853814,4310157,1538179,825459,1538179,825459,13798129,13798129
12-09-2022,FII,34045,100073,1107698,997135,390945,474808,240652,257284,38757,42383,59841,30049,2088636,1685034
13-09-2022,Client,275378,190984,1399842,337614,2327253,3180673,2474324,3194358,1185204,431349,795606,521757,8799698,7514642
13-09-2022,TOTAL,389696,389696,2871615,2871615,3554212,4668836,3554212,4668836,1570674,849941,1570674,849941,13904974,13904974
13-09-2022,FII,40432,75071,1092617,998910,386453,472699,203420,298944,41150,43288,64331,31255,2076639,1671931
13-09-2022,DII,42162,75470,51045,1358734,719,78612,0,0,0,0,125663,0,172538,1559867
13-09-2022,Pro,31724,48171,328111,176357,839789,936852,876469,1175535,344320,375304,585074,296929,2856100,3158534
14-09-2022,Pro,41261,33237,346687,189539,815024,1047865,966293,1331760,350201,392769,610418,303237,2993807,3434483
14-09-2022,Client,274426,190791,1431592,344990,2798129,3565933,2787467,3591039,1245253,437496,829121,538842,9752828,8282249
14-09-2022,TOTAL,394997,394997,2925791,2925791,3988493,5206159,3988493,5206159,1638766,874995,1638766,874995,15029201,15029201
14-09-2022,DII,43769,78441,51529,1348820,719,78612,0,0,0,0,129780,0,174629,1557041
14-09-2022,FII,35541,92528,1095983,1042442,374623,513749,234734,283361,43312,44730,69447,32916,2107938,1755428
15-09-2022,Client,278348,185483,1471913,355580,1616626,1474235,1643267,1771250,1353194,439647,887299,558178,6633962,5401056
15-09-2022,TOTAL,388524,388524,2966411,2966411,2482879,2592273,2482879,2592273,1761428,903743,1761428,903743,11095258,11095258
15-09-2022,FII,30388,97793,1077713,1083123,274654,393810,177394,182340,46084,48347,73191,33208,1870996,1647049
15-09-2022,Pro,39544,30144,359740,192586,590882,640457,662219,638684,362150,415749,668656,312357,2408522,2504645
15-09-2022,DII,40244,75104,57045,1335122,719,83771,0,0,0,0,132282,0,181779,1542508
16-09-2022,Client,252461,174619,1469900,324516,3088359,1931850,2985936,2301995,1483486,410162,969004,569757,8636218,7325827
16-09-2022,FII,37554,95868,1062346,1121261,414049,520557,294581,257818,46173,51448,75186,34170,2132127,1878884
16-09-2022,Pro,33826,36321,366850,188569,858335,817101,1080944,795312,352177,435353,697009,293036,2863642,3091190
16-09-2022,TOTAL,366453,366453,2960174,2960174,4361460,3355124,4361460,3355124,1881836,896963,1881836,896963,13822010,13822010
16-09-2022,DII,42612,59645,61078,1325828,719,85616,0,0,0,0,140637,0,190025,1526110
19-09-2022,Pro,33637,34119,356733,184035,850018,845451,1017044,904051,371339,426185,706461,310177,2883363,3155886
19-09-2022,FII,40029,85402,1058853,1118366,348875,518625,234035,291346,46591,51140,73880,35551,2064113,1838580
19-09-2022,TOTAL,355799,355799,2949111,2949111,4310518,3923287,4310518,3923287,1924084,922306,1924084,922306,14385105,14385105
19-09-2022,DII,42882,60862,63914,1321473,719,86498,0,0,0,0,142577,0,194013,1524912
19-09-2022,Client,239251,175416,1469611,325237,3110908,2472713,3059440,2727891,1506154,444981,1001166,576578,9243618,7865728
20-09-2022,FII,42871,67882,1060402,1100289,345114,531773,206967,305166,46638,51230,73032,34905,2078028,1788241
20-09-2022,Client,234636,180872,1460258,314236,2691493,2799095,2709788,2967475,1432413,466634,981805,573097,9084529,7727273
20-09-2022,Pro,28578,29551,341121,189457,778560,864771,899130,1011197,377599,416656,658385,326518,2807285,3114237
20-09-2022,DII,42882,70662,67451,1325250,719,88198,0,0,0,0,143428,0,199250,1539340
20-09-2022,TOTAL,348967,348967,2929232,2929232,3815884,4283837,3815884,4283837,1856650,934520,1856650,934520,14169090,14169090
21-09-2022,Client,227127,162774,1470570,316142,3150792,2583269,3089391,2874728,1451544,456838,977773,572771,9340140,7993579
21-09-2022,Pro,28045,29102,349246,189007,931521,913528,1108947,985323,364382,415300,664509,318093,3002021,3294981
21-09-2022,DII,42452,68691,67103,1325558,719,85193,0,0,0,0,143195,0,195467,1537444
21-09-2022,FII,41084,78141,1052576,1108788,397521,567948,282214,289887,44387,52476,74836,33750,2155992,1867616
21-09-2022,TOTAL,338708,338708,2939495,2939495,4480551,4149938,4480551,4149938,1860313,924614,1860313,924614,14693619,14693619
22-09-2022,DII,39796,72341,66440,1345235,719,80193,0,0,0,0,145460,0,187148,1563036
22-09-2022,Pro,30150,35270,363061,199960,616907,652620,727813,661940,362005,420499,678321,317157,2445241,2620461
22-09-2022,FII,42550,106178,1059543,1101123,303794,443265,221355,178124,45634,54438,72709,31807,1949224,1711296
22-09-2022,Client,259878,158585,1494423,337149,1834234,1397791,1806485,1733805,1478762,452961,989911,578934,6918048,5604868
22-09-2022,TOTAL,372374,372374,2983467,2983467,2755652,2573868,2755652,2573868,1886401,927898,1886401,927898,11499660,11499660
23-09-2022,FII,34394,134340,1047050,1127866,441917,547774,340855,228028,45499,55764,72037,29270,2172398,1932396
23-09-2022,Client,279581,160799,1489792,321210,3488379,1807584,3302688,2275678,1528297,417519,1000819,575177,9011151,7636370
23-09-2022,TOTAL,389796,389796,2992165,2992165,4887950,3272599,4887950,3272599,1932858,903357,1932858,903357,14378725,14378725
23-09-2022,DII,40064,60028,67221,1338760,719,80233,0,0,0,0,144724,0,188237,1543512
23-09-2022,Pro,35757,34629,388102,204329,956937,837009,1244408,768894,359062,430074,715278,298910,3006940,3266448
26-09-2022,Pro,31162,39628,394013,190803,938248,789314,1363717,819423,358534,419271,732555,278556,2930541,3424682
26-09-2022,DII,39718,52119,65048,1347356,719,45215,0,0,0,0,145701,0,150700,1545176
26-09-2022,FII,37247,126810,1047583,1117672,549420,637683,414652,249892,47694,51125,68928,27039,2370752,2004993
26-09-2022,Client,265193,154763,1449352,300165,4040316,2073012,3750333,2475909,1496618,377633,955662,542434,9702123,8179265
26-09-2022,TOTAL,373320,373320,2955996,2955996,5528701,3545223,5528701,3545223,1902846,848029,1902846,848029,15154115,15154115
27-09-2022,Pro,32213,36328,379255,184274,915355,763377,1344704,791431,363708,413493,701502,280312,2867401,3338550
27-09-2022,DII,38916,52879,67274,1354872,719,39259,0,0,0,0,142945,0,146168,1550696
27-09-2022,Client,263728,145081,1430620,289474,4187990,2107495,3931106,2533916,1420701,375891,918146,531759,9786424,8349481
27-09-2022,TOTAL,372195,372195,2933683,2933683,5702085,3592315,5702085,3592315,1826188,835096,1826188,835096,15261562,15261562
27-09-2022,FII,37338,137907,1056534,1105063,598023,682184,426276,266969,41779,45712,63595,23025,2461570,2022835
28-09-2022,DII,38316,50567,69914,1357553,719,33576,0,0,0,0,122962,0,142525,1531082
28-09-2022,Client,255900,142936,1413012,271235,4274544,2223838,4032266,2660960,1261278,345704,826358,505914,9774275,8439668
28-09-2022,FII,61279,160721,1037294,1089238,653406,767956,420624,305671,37217,43591,60524,23327,2600743,2060105
28-09-2022,TOTAL,390795,390795,2891608,2891608,5870961,3787287,5870961,3787287,1657089,803681,1657089,803681,15401421,15401421
28-09-2022,Pro,35300,36571,371388,173582,942294,761918,1418072,820657,358594,414386,647245,274440,2883879,3370567
29-09-2022,Pro,29837,26166,272014,90620,460177,476723,560474,447677,95830,189417,266516,87328,1523997,1478781
29-09-2022,TOTAL,337523,337523,2679074,2679074,2222710,1967601,2222710,1967601,628468,365156,628468,365156,8200532,8200532
29-09-2022,Client,250244,113962,1355016,220734,1490571,1055531,1468387,1384384,526638,165547,331080,272893,4843546,3791439
29-09-2022,FII,21708,143630,1001123,1024216,271245,406662,193850,135541,6000,10192,14088,4935,1716930,1516260
29-09-2022,DII,35734,53765,50921,1343504,719,28686,0,0,0,0,16784,0,116060,1414053
30-09-2022,FII,26414,140803,1032309,1029661,322075,480416,213639,236823,14696,16685,23959,11370,1892595,1656255
30-09-2022,Client,261227,118723,1374489,247167,2056254,2199690,2082151,2396236,600335,200181,396074,303471,6692175,5543821
30-09-2022,DII,35716,59431,51984,1358893,719,32686,0,0,0,0,32584,0,121105,1450908
30-09-2022,TOTAL,353381,353381,2736474,2736474,3060409,3523653,3060409,3523653,762520,435835,762520,435835,10872272,10872272
30-09-2022,Pro,30024,34424,277692,100753,681363,810862,764620,890595,147489,218969,309903,120994,2166398,2221289
03-10-2022,Pro,29443,29496,292972,97968,823431,825504,1065502,800158,174583,247235,378604,141755,2393167,2513483
03-10-2022,TOTAL,369473,369473,2761907,2761907,4382552,3544107,4382552,3544107,915116,489913,915116,489913,12463068,12463068
03-10-2022,FII,23266,150695,1030327,1052615,400493,546250,335617,233356,16789,20346,29191,14011,2037471,1815485
03-10-2022,Client,276053,133179,1385188,265537,3157911,2139668,2981434,2510594,723744,222332,468005,334147,7904895,6692895
03-10-2022,DII,40711,56103,53420,1345787,719,32686,0,0,0,0,39316,0,127536,1441206
04-10-2022,Pro,24429,36779,277488,103077,823680,798234,872033,1010062,200821,245622,360583,158329,2370273,2540863
04-10-2022,DII,40751,68911,53880,1360775,719,33881,0,0,0,0,45164,0,129231,1474850
04-10-2022,FII,28809,120561,1038899,1029257,440994,570410,265514,294545,18085,22739,31444,14917,2119936,1756238
04-10-2022,Client,252975,120713,1371993,249151,2500584,2934700,2628429,3032618,702434,246386,484149,341501,8009071,6856560
04-10-2022,TOTAL,346964,346964,2742260,2742260,3765975,4337224,3765975,4337224,921340,514747,921340,514747,12628510,12628510
06-10-2022,Client,259080,123911,1382602,271537,1578821,1413681,1603081,1693115,759574,270242,520164,357873,5663999,4569680
06-10-2022,TOTAL,356378,356378,2750557,2750557,2355650,2392549,2355650,2392549,995287,548381,995287,548381,9398802,9398802
06-10-2022,FII,30435,124215,1033056,1018463,266465,410119,165047,164254,19974,22854,34303,15753,1782903,1522035
06-10-2022,DII,36810,81274,54110,1349985,719,33881,0,0,0,0,53603,0,125520,1484862
06-10-2022,Pro,30053,26978,280789,110572,509647,534869,587523,535181,215739,255285,387217,174755,1826381,1822226
07-10-2022,FII,31978,126568,1028425,1030359,311296,457581,208872,209210,23493,25759,38240,18716,1878532,1631965
07-10-2022,DII,36001,85730,54169,1352082,719,35381,0,0,0,0,64719,0,126270,1502531
07-10-2022,TOTAL,361260,361260,2771855,2771855,3545464,3312384,3545464,3312384,1085658,588273,1085658,588273,11664894,11664894
07-10-2022,Pro,29673,29594,287256,115742,894157,757730,752962,689208,230215,275700,419611,187900,2474730,2195017
07-10-2022,Client,263608,119368,1402005,273672,2339294,2061693,2583631,2413967,831950,286814,563088,381657,7185363,6335382
10-10-2022,Client,275844,119706,1430254,287123,2660850,2541368,2688208,2814877,910574,298554,606124,403014,8117443,6919051
10-10-2022,FII,30660,140690,1032233,1072561,425592,603504,292270,282996,26171,29732,40565,19380,2147892,1848462
10-10-2022,TOTAL,381502,381502,2828978,2828978,3930847,4040957,3930847,4040957,1180008,620606,1180008,620606,12982898,12982898
10-10-2022,Pro,39218,29594,311677,120503,843688,860797,950370,943085,243263,292320,462083,198212,2590962,2703847
10-10-2022,DII,35780,91512,54814,1348791,719,35289,0,0,0,0,71236,0,126602,1511539
11-10-2022,TOTAL,386515,386515,2857315,2857315,5240332,3766124,5240332,3766124,1305302,652822,1305302,652822,14208410,14208410
11-10-2022,Client,284618,128621,1431552,292095,3714303,2231285,3526485,2651711,1030696,291942,660912,427435,8984395,7687258
11-10-2022,FII,25140,146056,1034166,1101537,491484,606821,387108,270606,24844,33952,45060,21236,2216407,1971603
11-10-2022,DII,35777,87047,57440,1339460,719,34276,0,0,1400,0,76041,0,129612,1502548
11-10-2022,Pro,40980,24791,334157,124223,1033828,893743,1326740,843808,248362,326928,523289,204151,2877997,3047002
12-10-2022,FII,34065,142355,1047933,1078916,487969,650981,351066,332486,27487,34137,44705,22220,2282572,1971748
12-10-2022,TOTAL,392067,392067,2849486,2849486,4761418,4595925,4761418,4595925,1306276,671191,1306276,671191,14576363,14576363
12-10-2022,Pro,40103,31076,325690,129169,972397,910412,1097162,1035482,259480,324540,504986,210737,2832621,3008612
12-10-2022,Client,286123,132268,1417585,296823,3300335,3000257,3313191,3227958,1017909,312514,671737,438234,9334722,8080210
12-10-2022,DII,31776,86368,58278,1344578,719,34276,0,0,1400,0,84848,0,126449,1515794
13-10-2022,TOTAL,397115,397115,2874170,2874170,2708845,2578357,2708845,2578357,1392351,700026,1392351,700026,10650864,10650864
13-10-2022,FII,33806,148538,1049781,1094848,393589,548921,272932,219938,28842,39146,47379,23643,2094085,1807278
13-10-2022,Client,292695,132834,1426542,306534,1702021,1372434,1742005,1756991,1100587,318693,717694,458774,6212971,5114831
13-10-2022,Pro,38756,32693,337860,136080,612518,623741,693909,601429,261522,342187,538046,217609,2216583,2219766
13-10-2022,DII,31858,83050,59987,1336708,719,33262,0,0,1400,0,89232,0,127226,1508990
14-10-2022,FII,38374,129956,1070013,1077842,438169,556864,292364,230379,28450,42468,50565,25202,2174338,1806308
14-10-2022,TOTAL,375259,375259,2862822,2862822,3593195,3156912,3593195,3156912,1422137,717434,1422137,717434,12127759,12127759
14-10-2022,Client,274139,120538,1408441,294268,2389851,1888479,2426199,2247646,1118834,335729,739406,461438,7415472,6289494
14-10-2022,Pro,30989,35401,323927,145847,764458,678308,874633,678888,273453,339237,536041,230794,2410371,2501604
14-10-2022,DII,31757,89364,60441,1344865,719,33262,0,0,1400,0,96125,0,127579,1530354
17-10-2022,DII,31757,87314,61516,1350424,719,33262,0,0,1400,0,102737,0,128654,1540475
17-10-2022,FII,39381,127180,1083831,1059518,478834,669430,292034,368031,30561,42595,46490,25724,2344632,1918977
17-10-2022,Client,278578,129556,1401549,303241,2588300,3077624,2725770,3221680,1114746,361921,753596,466054,8822717,7599896
17-10-2022,Pro,34673,40339,319730,153443,922697,1051080,972745,1241685,278242,326700,522126,239438,2933121,3169776
17-10-2022,TOTAL,384389,384389,2866626,2866626,3990548,4831395,3990548,4831395,1424949,731216,1424949,731216,14229123,14229123
18-10-2022,Pro,27500,35953,316469,169894,786930,829098,910498,1096920,291298,318604,509430,254908,2569898,2977603
18-10-2022,FII,44117,104520,1090832,1057075,500296,625631,294206,349799,30839,44429,48377,26665,2336144,1880642
18-10-2022,DII,31757,84360,64852,1360007,719,33262,0,0,700,0,106781,0,131290,1551148
18-10-2022,TOTAL,356049,356049,2871658,2871658,4006011,4771264,4006011,4771264,1404115,747332,1404115,747332,14156429,14156429
18-10-2022,Client,252675,131216,1399505,284682,2718067,3283274,2801307,3324546,1081278,384299,739527,465759,9119098,7747037
19-10-2022,DII,31710,89219,66953,1354458,719,33862,0,0,700,0,109750,0,133944,1553427
19-10-2022,Client,251038,129798,1400680,306208,3153725,3431132,3168337,3520766,1114583,389045,755509,476433,9740203,8357051
19-10-2022,TOTAL,357422,357422,2903536,2903536,4597612,5048022,4597612,5048022,1448449,770274,1448449,770274,15125315,15125315
19-10-2022,Pro,28977,29952,327931,173819,887027,857919,1064272,1146752,300955,333369,531805,267346,2736177,3213946
19-10-2022,FII,45697,108453,1107972,1069051,556142,725110,365003,380505,32211,47860,51385,26495,2514992,2000892
20-10-2022,Pro,37421,37142,324870,181431,472585,540011,570405,611682,312985,330891,525703,270573,2018762,2196936
20-10-2022,TOTAL,389080,389080,2908581,2908581,2408969,2739812,2408969,2739812,1444715,768656,1444715,768656,10659812,10659812
20-10-2022,FII,48897,130790,1117696,1052939,393738,583104,218364,222324,35042,48057,51493,26591,2226534,1702501
20-10-2022,DII,31701,90785,66496,1352779,719,34862,0,0,700,0,109968,0,134478,1553532
20-10-2022,Client,271061,130363,1399519,321432,1541928,1581835,1620200,1905806,1095988,389708,757551,471492,6280039,5206844
21-10-2022,TOTAL,398622,398622,2895928,2895928,3491084,3733696,3491084,3733696,1457853,793082,1457853,793082,12770264,12770264
21-10-2022,Client,265355,141006,1389939,289330,2259246,2266001,2397656,2634146,1084701,397344,751434,474582,7662586,6688154
21-10-2022,FII,59630,136480,1124279,1059012,527075,731922,294951,311392,36000,51776,51826,26730,2530682,1880391
21-10-2022,Pro,41995,27443,311877,196274,704045,707411,798477,788158,336452,343962,545206,291770,2445741,2647328
21-10-2022,DII,31642,93693,69833,1351312,719,28362,0,0,700,0,109387,0,131256,1554392
24-10-2022,DII,31642,93693,69833,1351312,719,28362,0,0,700,0,109387,0,131256,1554392
24-10-2022,FII,63478,122733,1127006,1060135,486854,685731,261389,307239,36573,51538,49680,27319,2451180,1828495
24-10-2022,TOTAL,391822,391822,2891394,2891394,3583279,4377243,3583279,4377243,1409351,799820,1409351,799820,13452908,13452908
24-10-2022,Client,244110,145870,1383464,265668,2334353,2770339,2499946,2987143,1022384,411123,724801,467454,8165773,7090882
24-10-2022,Pro,52592,29526,311091,214279,761354,892811,821944,1082861,349694,337159,525483,305047,2704700,2979140
25-10-2022,FII,61020,118618,1133004,1019714,492532,635690,287295,282952,29246,43309,38411,23968,2394801,1770958
25-10-2022,Client,248201,142994,1357300,257131,2824549,2590895,2921408,2900141,897543,397732,646958,446508,8316220,7315140
25-10-2022,DII,31388,97985,68949,1363088,719,29092,0,0,0,0,108084,0,130148,1569157
25-10-2022,TOTAL,388745,388745,2851570,2851570,4127457,4058947,4127457,4058947,1273330,781308,1273330,781308,13481356,13481356
25-10-2022,Pro,48136,29148,292317,211637,809658,803270,918754,875854,346541,340267,479877,310832,2640188,2826102
27-10-2022,TOTAL,311531,311531,2628187,2628187,2128985,2259177,2128985,2259177,501169,321010,501169,321010,8150058,8150058
27-10-2022,Pro,20685,35395,240044,115535,569670,535733,552163,544960,93672,151144,199160,85758,1610947,1532971
27-10-2022,DII,27016,93995,53071,1332922,719,22398,0,0,0,0,2945,0,103204,1429862
27-10-2022,FII,74828,51543,1071976,954602,257451,325968,114265,139725,4049,7208,10652,6766,1741480,1277553
27-10-2022,Client,189002,130598,1263096,225128,1301146,1375078,1462557,1574492,403448,162658,288412,228486,4694428,3909673
28-10-2022,TOTAL,327810,327810,2831172,2831172,3457782,3218071,3457782,3218071,723348,455089,723348,455089,11013271,11013271
28-10-2022,Client,200063,142465,1376434,256611,2221706,1979294,2381064,2246914,550905,226761,395800,304743,6555163,5727597
28-10-2022,Pro,25857,31975,265602,129917,853281,811443,845320,783940,155528,210569,291165,135466,2322279,2217783
28-10-2022,FII,74816,57422,1134666,1005016,382077,402436,231398,187217,16915,17759,22475,14880,2028669,1518408
28-10-2022,DII,27074,95948,54470,1439628,719,24898,0,0,0,0,13908,0,107161,1549484
31-10-2022,TOTAL,339965,339965,2854383,2854383,3646188,4158299,3646188,4158299,832752,520074,832752,520074,12351660,12351660
31-10-2022,Client,209227,152054,1379306,275826,2291286,2790071,2530749,2893876,626538,268608,456141,337196,7565036,6645842
31-10-2022,DII,27016,95104,54619,1446334,719,27369,0,0,0,0,21559,0,109723,1562997
31-10-2022,Pro,23002,45891,272454,139334,960344,911416,887827,1028534,185822,229412,328503,164717,2582449,2594806
31-10-2022,FII,80720,46916,1148004,992889,393840,429443,227612,235889,20392,22054,26549,18161,2094453,1548016
01-11-2022,FII,94223,49042,1152740,975566,563438,561838,319619,317608,23666,24304,29943,21056,2420209,1712834
01-11-2022,Pro,26548,46821,272863,153864,903191,868708,965925,1048273,219476,247732,355955,197111,2538517,2767949
01-11-2022,Client,205885,163520,1378474,277085,2698260,2969429,2880063,3063440,669720,308098,503984,361967,8229866,7250059
01-11-2022,TOTAL,353455,353455,2860940,2860940,4165607,4429321,4165607,4429321,912872,580134,912872,580134,13302328,13302328
01-11-2022,DII,26799,94072,56863,1454425,719,29346,0,0,10,0,22990,0,113737,1571487
02-11-2022,Client,204350,160032,1389111,271949,3104568,2906844,3226826,3112962,751807,320141,546281,385248,8676821,7703298
02-11-2022,TOTAL,339270,339270,2867047,2867047,4611074,4425966,4611074,4425966,1012053,619398,1012053,619398,13874807,13874807
02-11-2022,DII,23984,93796,57488,1457828,719,29435,0,0,10,0,30105,0,111636,1581729
02-11-2022,FII,84543,46411,1140802,980645,535609,572489,304160,290531,24199,27576,32184,21800,2385218,1675731
02-11-2022,Pro,26393,39031,279646,156625,970179,917198,1080088,1022473,236037,271681,403483,212350,2701133,2914050
03-11-2022,TOTAL,356206,356206,2901181,2901181,2356929,2808236,2356929,2808236,1090928,653669,1090928,653669,10167148,10167148
03-11-2022,FII,88280,61506,1138034,987626,353086,415762,170628,199530,26399,29995,35381,23830,2051556,1478501
03-11-2022,DII,23468,93697,57643,1467111,719,33813,0,0,10,0,38891,0,115653,1599699
03-11-2022,Pro,29446,37418,289538,167398,558092,653610,590349,724463,249678,286715,433073,221990,2067078,2174691
03-11-2022,Client,215012,163585,1415966,279046,1445033,1705051,1595952,1884243,814841,336959,583583,407849,5932862,4914258
04-11-2022,TOTAL,365388,365388,2940198,2940198,3713089,3831611,3713089,3831611,1178981,710515,1178981,710515,12739781,12739781
04-11-2022,Pro,30062,48136,298202,181049,820010,822616,869314,898444,276521,303010,469019,247360,2550420,2713322
04-11-2022,DII,22947,93749,61767,1473378,719,33798,0,0,10,0,40731,0,119241,1607858
04-11-2022,Client,222035,157969,1437385,289371,2319255,2412925,2507207,2626930,874071,375831,631860,438415,7641502,6651752
04-11-2022,FII,90344,65534,1142844,996400,573106,562272,336568,306237,28379,31674,37371,24740,2428619,1766850
07-11-2022,Pro,28781,45236,305128,187079,789946,819188,828165,909865,294011,324718,509510,273952,2561771,2753807
07-11-2022,Client,226880,162693,1444471,293051,2567462,2753188,2763151,2950134,952274,406404,682832,464157,8350679,7316018
07-11-2022,TOTAL,371610,371610,2961817,2961817,3905440,4160996,3905440,4160996,1274506,764250,1274506,764250,13438618,13438618
07-11-2022,DII,22934,93879,63009,1476076,719,33798,0,0,10,0,41731,0,120470,1611686
07-11-2022,FII,93015,69802,1149209,1005611,547314,554822,314124,300997,28211,33128,40433,26141,2405699,1757108
09-11-2022,Client,238954,177800,1461351,312438,3321532,2987730,3397088,3234345,1063524,436562,741537,494568,9509653,8357776
09-11-2022,FII,96202,68777,1156257,1012790,619717,625633,405597,308916,29503,33704,44822,27676,2561016,1868578
09-11-2022,DII,22916,93879,63439,1473886,719,36298,0,0,10,0,55439,0,123382,1623204
09-11-2022,Pro,32157,49773,312781,194714,992180,920159,1131462,1026559,311819,346631,563058,294653,2915726,3260219
09-11-2022,TOTAL,390229,390229,2993828,2993828,4934147,4569820,4934147,4569820,1404856,816897,1404856,816897,15109776,15109776
10-11-2022,Pro,31465,46298,330242,195604,656622,714016,703930,718722,318259,377665,621252,295761,2428268,2581567
10-11-2022,DII,22618,93167,66227,1479729,719,29298,0,0,10,0,60894,0,118872,1633790
10-11-2022,Client,244138,170695,1476106,322231,1659925,1589127,1811178,1863719,1181946,427909,800320,516902,6579151,5485045
10-11-2022,TOTAL,389997,389997,3028989,3028989,2736058,2812121,2736058,2812121,1532416,842468,1532416,842468,11342048,11342048
10-11-2022,FII,91776,79837,1156414,1031425,418793,479680,220950,229680,32201,36894,49950,29805,2215758,1641647
11-11-2022,TOTAL,410901,410901,3028333,3028333,3581815,4271529,3581815,4271529,1620110,920428,1620110,920428,13833115,13833115
11-11-2022,Pro,32131,65268,330492,208003,834369,828044,863145,1007182,361359,395653,650217,342218,2782047,3136033
11-11-2022,FII,108258,65419,1157392,1015089,548608,581537,306759,346531,34897,40846,53530,32877,2471538,1820205
11-11-2022,DII,22420,93164,71809,1476900,719,32298,0,0,10,0,70393,0,127256,1640457
11-11-2022,Client,248092,187050,1468640,328341,2198120,2829650,2411911,2917816,1223844,483929,845970,545333,8452275,7236421
14-11-2022,FII,103538,67627,1154030,1016453,562092,582781,369903,318136,36001,40415,53304,33367,2478857,1858790
14-11-2022,DII,22419,93067,72213,1476139,719,30048,0,0,10,0,82069,0,125409,1651275
14-11-2022,Pro,25837,56686,333756,213276,927750,908731,1074918,1049337,371767,402526,674633,366102,2970366,3434952
14-11-2022,TOTAL,398123,398123,3047619,3047619,4464540,4507094,4464540,4507094,1711720,973021,1711720,973021,15102116,15102116
14-11-2022,Client,246329,180743,1487620,341751,2973980,2985534,3019719,3139621,1303942,530080,901714,573552,9527485,8157100
15-11-2022,FII,106942,70456,1140817,1020747,564453,597731,324500,382699,37953,40097,53753,33526,2487993,1885681
15-11-2022,TOTAL,418181,418181,3049018,3049018,3961250,5089772,3961250,5089772,1738472,994107,1738472,994107,15250799,15250799
15-11-2022,DII,22419,93467,72126,1469510,719,30048,0,0,10,0,91955,0,125322,1654932
15-11-2022,Pro,31976,68681,330792,214884,866904,933839,848926,1184595,374847,408313,669868,370457,2946670,3357411
15-11-2022,Client,256844,185577,1505283,343877,2529175,3528154,2787824,3522478,1325662,545697,922896,590124,9690815,8352776
16-11-2022,FII,119655,64710,1137234,1030392,602269,638828,320153,416806,37494,41840,56032,32540,2577320,1920633
16-11-2022,TOTAL,407543,407543,3044917,3044917,4424667,5492212,4424667,5492212,1783736,986947,1783736,986947,16140021,16140021
16-11-2022,Pro,28661,57620,333052,213854,945318,999309,984271,1267513,370994,408012,690335,360198,3085345,3573791
16-11-2022,DII,22418,93317,74560,1460516,719,33698,0,0,10,0,96642,0,131405,1650475
16-11-2022,Client,236809,191896,1500071,340155,2876362,3820377,3120243,3807893,1375238,537095,940727,594209,10345952,8995123
17-11-2022,Client,239134,186544,1503847,345175,1678747,1753168,1822447,1967621,1418075,536064,961173,602639,7129035,5885599
17-11-2022,FII,116729,65772,1141120,1028650,419967,486112,224763,236770,37421,41785,54627,31430,2243134,1642012
17-11-2022,DII,22417,94316,76274,1465447,719,38098,0,0,9,0,107364,0,137517,1667127
17-11-2022,TOTAL,403411,403411,3062162,3062162,2719606,2885451,2719606,2885451,1823634,985463,1823634,985463,11879726,11879726
17-11-2022,Pro,25131,56779,340921,222890,620174,608073,672396,681060,368129,407614,700470,351394,2370041,2684989
18-11-2022,TOTAL,396545,396545,3066171,3066171,4045124,3635858,4045124,3635858,1803392,952791,1803392,952791,13899880,13899880
18-11-2022,Client,230048,179388,1499571,328436,2667369,2296791,2784517,2552173,1394482,508701,935258,588234,8596962,7368006
18-11-2022,Pro,28640,58284,347836,237614,769161,703840,875893,765622,371947,401363,707779,336128,2622786,2981320
18-11-2022,DII,22415,95413,78132,1470040,727,36098,0,0,3,0,107219,0,137375,1672672
18-11-2022,FII,115442,63460,1140632,1030081,607868,599129,384714,318063,36960,42727,53136,28429,2542758,1877883
21-11-2022,Pro,29747,57386,338787,222799,898650,862202,1060092,921343,361779,396455,695174,328432,2887619,3285226
21-11-2022,TOTAL,395928,395928,3038019,3038019,4926346,4183047,4926346,4183047,1773154,935866,1773154,935866,15252359,15252359
21-11-2022,Client,236948,178831,1486665,323581,3396138,2653407,3431165,2925255,1373052,497513,920222,581565,9643723,8360619
21-11-2022,FII,106819,63411,1132932,1021233,630832,635340,435089,336449,38320,41898,51238,25869,2586141,1933289
21-11-2022,DII,22414,96300,79635,1470406,727,32098,0,0,3,0,106520,0,134877,1673226
22-11-2022,TOTAL,406249,406249,3009316,3009316,4446298,4551226,4446298,4551226,1677844,926846,1677844,926846,15017778,15017778
22-11-2022,Pro,29507,67823,326202,219577,811989,791260,825370,952225,368628,394997,653265,332519,2722582,3050779
22-11-2022,DII,22394,95572,78619,1473142,727,32098,0,0,3,0,106556,0,133841,1675270
22-11-2022,FII,112116,52606,1123481,994800,620869,644411,384001,423230,34670,38024,48233,24105,2573571,1926975
22-11-2022,Client,242232,190248,1481014,321797,3012714,3083457,3236927,3175771,1274543,493825,869790,570222,9587785,8364755
23-11-2022,DII,22393,96072,75391,1469479,727,32098,0,0,3,0,107124,0,130612,1672675
23-11-2022,Client,244150,196745,1474559,320080,3274558,3343425,3464802,3501945,1115866,463259,773265,538111,9915817,8794948
23-11-2022,TOTAL,419417,419417,2968395,2968395,4905090,5026832,4905090,5026832,1511315,885686,1511315,885686,15716735,15716735
23-11-2022,FII,123278,60933,1113034,965618,719716,726364,426115,423545,27840,30729,39172,20945,2740961,1936328
23-11-2022,Pro,29596,65667,305411,213218,910090,924945,1014173,1101342,367606,391698,591754,326630,2929346,3312784
24-11-2022,Pro,32677,58295,251589,131844,511270,602752,481277,740004,117075,180533,231726,97386,1695895,1740532
24-11-2022,TOTAL,375769,375769,2750039,2750039,2214147,3037606,2214147,3037606,577329,386342,577329,386342,9341231,9341231
24-11-2022,Client,194992,189257,1394710,249921,1336525,2008694,1556584,2004223,454841,200607,333145,282490,5590369,4615620
24-11-2022,FII,126557,38599,1058523,922193,365634,399841,176286,293379,5413,5202,7654,6466,1961170,1444577
24-11-2022,DII,21543,89618,45217,1446081,719,26319,0,0,0,0,4804,0,93798,1540503
25-11-2022,DII,21541,86818,45315,1449746,719,29624,0,0,0,0,12877,0,97199,1549441
25-11-2022,TOTAL,373473,373473,2777655,2777655,3765251,3917575,3765251,3917575,749328,485273,749328,485273,12068554,12068554
25-11-2022,FII,124150,51923,1059536,921579,551137,495410,361403,330841,17245,15896,20787,13202,2263374,1699735
25-11-2022,Client,196259,187381,1409769,258241,2455762,2625431,2574438,2731987,559948,245801,418356,331726,7492970,6502129
25-11-2022,Pro,31523,47351,263035,148089,757634,767110,829410,854747,172135,223576,297308,140345,2215012,2317250
28-11-2022,DII,21522,86817,45377,1447089,719,29624,0,0,0,0,17047,0,97242,1550953
28-11-2022,TOTAL,389346,389346,2786156,2786156,4451635,4824939,4451635,4824939,871606,550734,871606,550734,13874416,13874416
28-11-2022,FII,139957,52630,1039671,923058,599612,573322,385745,409496,20868,19957,28116,15883,2393387,1814928
28-11-2022,Client,197558,199398,1424525,263058,2981005,3337803,3063421,3359224,651077,280854,476622,370934,8872822,7732657
28-11-2022,Pro,30309,50501,276583,152951,870300,884191,1002469,1056220,199661,249923,349821,163917,2510966,2775879
29-11-2022,Client,190218,205993,1431627,271159,3110291,3364477,3189342,3392626,720352,306536,523183,402112,9123501,7984415
29-11-2022,DII,24520,86817,45683,1446963,719,31953,0,0,0,0,18443,0,102875,1552223
29-11-2022,TOTAL,394686,394686,2806652,2806652,4555177,4843787,4555177,4843787,967059,604785,967059,604785,14172145,14172145
29-11-2022,Pro,35011,47857,285047,157249,868882,912080,992766,1051311,223122,275898,393028,184621,2600039,2826832
29-11-2022,FII,144937,54019,1044295,931281,575286,535277,373069,399850,23585,22351,32405,18052,2345731,1808676
30-11-2022,Client,195661,220156,1424765,280306,2884111,4056505,3142721,3900785,735539,335783,553535,420530,9632364,8518033
30-11-2022,FII,152091,49427,1052242,926059,562275,627300,291659,518087,25164,24460,33195,21102,2443532,1839529
30-11-2022,DII,24519,83143,47118,1444552,719,38727,0,0,0,0,22605,0,111083,1550300
30-11-2022,TOTAL,405549,405549,2814011,2814011,4324167,5686224,4324167,5686224,1008016,645001,1008016,645001,14882967,14882967
30-11-2022,Pro,33278,52823,289886,163094,877063,963692,889787,1267352,247313,284758,398681,203369,2695989,2975106
01-12-2022,Pro,31604,51533,290490,171906,526763,636263,575597,716295,272880,299301,422411,227899,2057300,2165641
01-12-2022,Client,204521,224684,1423529,282594,1651710,1806482,1801320,1933075,783473,364845,584695,438690,6234560,5265058
01-12-2022,TOTAL,406756,406756,2814454,2814454,2604585,2932303,2604585,2932303,1082354,689657,1082354,689657,10530109,10530109
01-12-2022,FII,145008,48066,1053180,909386,425394,446538,227668,282934,26001,25511,36549,23068,2121632,1527671
01-12-2022,DII,25623,82473,47255,1450568,719,43021,0,0,0,0,38699,0,116618,1571740
02-12-2022,TOTAL,385803,385803,2817805,2817805,4244587,3691748,4244587,3691748,1178006,730103,1178006,730103,13048052,13048052
02-12-2022,Client,207357,195499,1434857,281364,2961643,2349988,2951063,2601184,867187,372279,629732,466206,8193311,7125048
02-12-2022,Pro,36155,47211,303288,169097,756779,781326,893038,795062,282737,330326,463397,239902,2490610,2607707
02-12-2022,FII,116671,60767,1032730,913841,525447,514514,400486,295503,28082,27498,40736,23995,2244942,1735328
02-12-2022,DII,25620,82326,46930,1453503,719,45921,0,0,0,0,44141,0,119190,1579970
05-12-2022,Client,213741,196460,1459699,279520,3171158,3025657,3256879,3166796,936146,388670,666698,488687,9195071,8055040
05-12-2022,TOTAL,392002,392002,2831772,2831772,4676252,4495747,4676252,4495747,1266616,771460,1266616,771460,14433849,14433849
05-12-2022,Pro,37462,56732,309991,175700,934258,861201,1017067,974659,299951,352641,497933,257067,2795503,2979158
05-12-2022,FII,115374,58134,1014751,909024,570118,562969,402306,354293,30519,30149,43812,25706,2323880,1793275
05-12-2022,DII,25425,80676,47331,1467528,719,45921,0,0,0,0,58173,0,119396,1606377
06-12-2022,TOTAL,376938,376938,2850544,2850544,4887175,4314970,4887175,4314970,1369569,797511,1369569,797511,14596707,14596707
06-12-2022,Pro,37153,46071,323688,172934,835670,817174,962798,855324,311849,378835,547707,263716,2704368,2848550
06-12-2022,DII,25157,76176,47540,1473653,719,45921,0,0,0,0,68604,0,119337,1618433
06-12-2022,Client,204860,186702,1475279,275367,3474586,2847469,3497117,3111697,1026554,387090,706581,507581,9415838,8285045
06-12-2022,FII,109768,67989,1004037,928590,576201,604407,427260,347950,31166,31586,46677,26214,2357165,1844680
07-12-2022,Client,209450,187304,1487526,279873,4252829,2963362,4109676,3234234,1106239,386773,746134,525493,10406179,9082714
07-12-2022,DII,25151,70326,49168,1473571,719,46542,0,0,0,0,74182,0,121580,1618079
07-12-2022,Pro,39152,45369,330613,173477,977498,854847,1247651,896139,315750,398261,583073,265576,2916120,3211285
07-12-2022,TOTAL,377962,377962,2862322,2862322,5853035,4478725,5853035,4478725,1452267,817329,1452267,817329,15841640,15841640
07-12-2022,FII,104209,74963,995015,935401,621990,613975,495708,348353,30278,32295,48878,26260,2397762,1929563
08-12-2022,Client,222599,192845,1506823,284069,1711573,1890582,1874918,2063611,1130784,409868,773047,539380,6872229,5727870
08-12-2022,DII,24807,70922,51662,1479902,719,47573,0,0,0,0,80231,0,124761,1631055
08-12-2022,Pro,32553,52609,335548,184529,567323,623462,604149,688697,332113,407674,591415,282320,2298672,2403719
08-12-2022,TOTAL,387850,387850,2884524,2884524,2717741,3035583,2717741,3035583,1495153,850389,1495153,850389,11371240,11371240
08-12-2022,FII,107891,71474,990491,936024,438127,473967,238674,283276,32256,32847,50460,28689,2075579,1608597
09-12-2022,TOTAL,383593,383593,2891069,2891069,4642018,3843092,4642018,3843092,1599533,874062,1599533,874062,14233366,14233366
09-12-2022,Client,224164,192083,1508034,285341,3226996,2349362,3204104,2691654,1234663,408250,816661,557880,8951469,7747723
09-12-2022,DII,24806,67872,52185,1475375,719,47573,0,0,0,0,81407,0,125283,1624654
09-12-2022,FII,101239,74703,983198,956163,608567,633384,471115,351692,31111,35590,54646,29632,2393089,1937951
09-12-2022,Pro,33384,48935,347652,174190,805737,812773,966799,799746,333759,430222,646819,286550,2763526,2923039
12-12-2022,TOTAL,381092,381092,2911922,2911922,4951732,4912570,4951732,4912570,1649940,901793,1649940,901793,15709048,15709048
12-12-2022,FII,101171,68571,984268,963393,692495,685095,472150,430860,33015,35923,53096,30476,2531967,2018546
12-12-2022,Client,225824,192005,1525072,288089,3339606,3229234,3461521,3359642,1271626,436723,853191,572005,10028085,8726453
12-12-2022,DII,24806,65872,51702,1481606,719,47573,0,0,0,500,81937,0,125300,1629415
12-12-2022,Pro,29291,54644,350880,178834,918913,950668,1018061,1122068,345299,428647,661716,299312,3023697,3334635
13-12-2022,TOTAL,386528,386528,2920963,2920963,4403011,5183245,4403011,5183245,1689037,925201,1689037,925201,15507984,15507984
13-12-2022,Client,226088,193350,1543270,283248,2845859,3525778,3141815,3559375,1298827,454161,875247,583466,9893983,8636501
13-12-2022,FII,104007,65960,975355,978509,648029,701022,403312,495291,34024,36700,54036,30258,2499137,2027366
13-12-2022,DII,27236,65772,49151,1478539,719,47573,0,0,0,500,82134,0,125179,1626445
13-12-2022,Pro,29197,61446,353187,180667,908405,908872,857884,1128579,356186,433840,677620,311477,2989686,3217673
14-12-2022,DII,27453,70772,48636,1481118,719,47573,0,0,0,695,84931,0,125076,1636821
14-12-2022,Pro,30134,49407,355747,182664,948301,950399,1021216,1153081,368248,438157,675112,332481,3090985,3413961
14-12-2022,TOTAL,389129,389129,2931332,2931332,4969597,5416255,4969597,5416255,1713264,960622,1713264,960622,16380198,16380198
14-12-2022,Client,228356,198200,1546767,292559,3440943,3736734,3547073,3812254,1310507,485229,897913,596500,10748536,9344499
14-12-2022,FII,103186,70750,980182,974991,579635,681549,401308,450920,34509,36541,55308,31641,2415602,1984918
15-12-2022,Client,234358,190983,1549140,296343,2321984,1634309,2269297,1929765,1420641,462674,949542,608782,7623106,6244712
15-12-2022,FII,93499,80904,969207,991377,397302,501969,278108,253859,32786,42407,59262,31831,2037170,1695341
15-12-2022,DII,27379,68727,48302,1472606,719,49573,0,0,0,765,85850,0,126738,1627183
15-12-2022,Pro,34956,49578,367473,173796,605464,571738,778063,573965,360596,463306,719369,328539,2403532,2623310
15-12-2022,TOTAL,390192,390192,2934122,2934122,3325468,2757589,3325468,2757589,1814023,969152,1814023,969152,12190545,12190545
16-12-2022,Client,228029,182712,1542547,291375,3487367,2337377,3389297,2655696,1491431,446902,985368,607898,9533653,8112346
16-12-2022,TOTAL,373752,373752,2949768,2949768,4868251,3804548,4868251,3804548,1882081,958604,1882081,958604,14837003,14837003
16-12-2022,DII,27287,65938,48406,1480574,719,53573,0,0,0,1000,87445,0,130985,1633957
16-12-2022,Pro,25372,49171,373718,175270,835552,811630,1066418,801888,357832,468016,749876,318638,2872119,3161261
16-12-2022,FII,93064,75931,985097,1002549,544614,601968,412536,346964,32818,42686,59392,32068,2300247,1929440
19-12-2022,DII,27279,65938,47940,1492779,719,46723,0,0,0,1000,87645,0,123661,1646362
19-12-2022,FII,91451,62835,993933,989895,627411,664414,427712,433608,36295,40714,56134,33586,2454218,2003770
19-12-2022,Client,232848,191876,1556206,293952,3555585,3434930,3634727,3506972,1483743,495570,1009698,617215,10758882,9254440
19-12-2022,Pro,27282,58211,363634,185087,883433,900360,1004708,1105847,376601,451348,743162,337831,3002657,3434846
19-12-2022,TOTAL,378860,378860,2961713,2961713,5067147,5046427,5067147,5046427,1896639,988632,1896639,988632,16339417,16339417
20-12-2022,FII,77755,79659,989703,1003178,605424,677996,440423,410689,37219,41318,57984,32140,2429415,2024073
20-12-2022,Client,240167,175103,1562334,297249,3507817,3225503,3579012,3389008,1499905,480050,1017353,614103,10515776,9071828
20-12-2022,Pro,28691,47712,367060,178021,830776,853183,925300,999744,371439,450124,742399,326249,2901272,3219425
20-12-2022,TOTAL,373891,373891,2965804,2965804,4944735,4799441,4944735,4799441,1908563,972492,1908563,972492,15964925,15964925
20-12-2022,DII,27278,71417,46707,1487356,719,42759,0,0,0,1000,90827,0,118463,1649600
21-12-2022,DII,27596,68706,45366,1497507,719,43388,0,0,0,1000,91881,0,118069,1658094
21-12-2022,FII,74288,81721,990834,989742,763323,708298,620521,393335,36115,43979,59772,30336,2616837,2175427
21-12-2022,Client,242383,178356,1544770,283762,5204709,2785029,4955491,3108207,1500741,446234,1011347,596441,11723866,10133604
21-12-2022,TOTAL,375512,375512,2952460,2952460,7190377,4375635,7190377,4375635,1903853,938398,1903853,938398,17736234,17736234
21-12-2022,Pro,31245,46729,371490,181449,1221627,838920,1614365,874093,366997,447185,740853,311621,3277463,3769110
22-12-2022,Pro,24854,53782,379852,185457,610440,535739,761256,571911,362411,443450,749286,302371,2356745,2624063
22-12-2022,DII,28661,70075,46266,1505735,719,43388,0,0,0,1000,95338,0,120034,1671148
22-12-2022,Client,250418,166380,1532372,281253,2130574,1574984,2168249,1854242,1507729,434551,1001570,588150,7430628,6059844
22-12-2022,FII,73036,86732,1002242,988287,508647,520982,320874,248940,34362,40911,58308,29391,2180180,1732532
22-12-2022,TOTAL,376969,376969,2960732,2960732,3250379,2675093,3250379,2675093,1904502,919912,1904502,919912,12087586,12087586
23-12-2022,Pro,23372,62146,402783,187952,842711,701210,1084545,739881,372865,441298,786974,282581,2784238,3144079
23-12-2022,TOTAL,390183,390183,2968969,2968969,4895867,3418360,4895867,3418360,1914574,874052,1914574,874052,14462005,14462005
23-12-2022,DII,31460,57137,47911,1525658,719,40497,0,0,1000,1000,96644,0,122587,1679439
23-12-2022,FII,72466,92744,1017782,988646,661951,643781,461711,322031,34628,37942,56857,28846,2468550,1950835
23-12-2022,Client,262885,178156,1500493,266713,3390488,2032872,3349612,2356448,1506081,393812,974099,562625,9086631,7687653
26-12-2022,Client,245809,159030,1473023,263257,3269069,3397852,3383847,3428650,1415821,431367,939237,566245,10232941,8740266
26-12-2022,Pro,23070,54640,385179,181845,882162,1002899,957034,1232934,373295,428084,735563,300154,3094689,3462169
26-12-2022,DII,28599,73477,48220,1535397,719,40497,0,0,1000,1000,97843,0,120035,1706717
26-12-2022,TOTAL,368097,368097,2938345,2938345,4740667,5110615,4740667,5110615,1823571,893411,1823571,893411,15874706,15874706
26-12-2022,FII,70619,80950,1031923,957846,588719,669367,399787,449032,33455,32960,50928,27012,2427043,1965555
27-12-2022,Pro,24512,49250,366448,182363,767626,907484,779684,1163234,380104,422405,688491,314104,2868579,3177125
27-12-2022,DII,28577,82377,48449,1534305,719,43497,0,0,1000,1000,98092,0,123242,1714774
27-12-2022,TOTAL,360309,360309,2919661,2919661,4391910,5275089,4391910,5275089,1729594,902191,1729594,902191,15578754,15578754
27-12-2022,Client,241246,153834,1469129,260016,3036766,3657591,3202714,3639963,1313838,448778,892788,561433,10167348,8710748
27-12-2022,FII,65974,74848,1035635,942977,586801,666517,409513,471893,34652,30008,50223,26654,2419587,1976108
28-12-2022,DII,30445,81968,49801,1528486,719,45497,0,0,1000,1000,95740,0,128462,1706194
28-12-2022,Pro,29833,48152,357936,179768,860195,977636,984376,1233647,376760,419623,652121,307618,3021983,3405682
28-12-2022,TOTAL,363635,363635,2899118,2899118,5079964,5738219,5079964,5738219,1617096,866705,1617096,866705,16564737,16564737
28-12-2022,Client,236803,161512,1455618,249956,3630241,4043130,3685297,4020822,1207667,419218,823740,534698,10992677,9476025
28-12-2022,FII,66554,72003,1035763,940908,588810,671956,410291,483751,31669,26864,45495,24389,2421616,1976837
29-12-2022,DII,31018,81956,35713,1465644,401,35023,0,0,4600,1000,3257,0,107755,1550857
29-12-2022,Client,210237,156326,1405333,206134,1234837,1703462,1349058,1739328,456853,203876,314091,289676,5214597,4054613
29-12-2022,FII,61505,46939,985590,914118,229665,302517,127681,227219,3484,5435,8481,5910,1588196,1330348
29-12-2022,TOTAL,324380,324380,2696421,2696421,1840586,2566908,1840586,2566908,570374,396448,570374,396448,8395117,8395117
29-12-2022,Pro,21620,39159,269785,110525,375684,525906,363848,600361,105437,186137,244545,100862,1484569,1459299
30-12-2022,DII,32093,80232,36190,1485889,401,35023,0,0,4999,1000,10485,0,109706,1576606
30-12-2022,FII,59856,58909,1000421,924620,416803,454932,363939,290366,11471,13077,19611,11646,1956560,1669091
30-12-2022,Client,217686,149244,1418983,208081,2888585,2180934,2831177,2389960,576545,238439,389553,336654,7521171,6304669
30-12-2022,Pro,17595,38845,282197,119201,802200,772758,912873,763321,146751,233546,320117,137762,2255047,2292118
30-12-2022,TOTAL,327230,327230,2737791,2737791,4107988,3443647,4107988,3443647,739766,486062,739766,486062,11842484,11842484
02-01-2023,Pro,21654,38539,284564,124281,970701,946920,1038373,1015366,179356,249497,353851,166196,2652692,2736605
02-01-2023,FII,57929,64612,1013011,929335,452603,513885,399577,360530,18371,18268,25825,17396,2074067,1797275
02-01-2023,Client,218870,146815,1427008,215954,3265259,3020038,3251014,3145172,651220,280392,440521,365565,8862786,7565041
02-01-2023,DII,32045,80532,36338,1491351,401,40225,0,0,8428,1000,37178,0,118437,1609061
02-01-2023,TOTAL,330498,330498,2760921,2760921,4688963,4521068,4688963,4521068,857375,549157,857375,549157,13707982,13707982
03-01-2023,FII,58593,72683,1020163,938442,539645,544095,398710,388923,21866,21729,29621,19332,2206091,1847711
03-01-2023,Pro,24750,44577,290465,131565,820518,890139,843740,1008468,210893,271593,390968,188086,2508358,2607403
03-01-2023,TOTAL,342758,342758,2788504,2788504,4421804,4751563,4421804,4751563,961872,596618,961872,596618,13863119,13863119
03-01-2023,DII,32072,79632,37536,1494854,401,41371,0,0,9649,1000,56565,0,122029,1631051
03-01-2023,Client,227343,145866,1440340,223643,3061241,3275958,3179355,3354172,719464,302296,484718,389200,9026641,7776954
04-01-2023,FII,53136,94729,1021577,970858,586219,615838,533451,376930,23411,26765,35406,20295,2326946,2031669
04-01-2023,TOTAL,354274,354274,2817839,2817839,6883272,4618830,6883272,4618830,1087304,632127,1087304,632127,16393646,16393646
04-01-2023,Pro,32853,34237,302083,128582,1237060,936281,1636477,975536,225294,300796,451522,195920,3034367,3422273
04-01-2023,Client,236213,147763,1456070,230676,5059593,3028011,4713345,3266364,828950,303566,528393,415912,10912402,9302453
04-01-2023,DII,32072,77545,38109,1487723,401,38700,0,0,9649,1000,71983,0,119931,1637251
05-01-2023,Client,235622,158770,1460973,227284,2004739,1490731,2088882,1778052,877482,322852,566008,433201,6392398,5252197
05-01-2023,FII,58131,83191,1038747,978568,365752,422909,246048,232164,25256,28334,37897,22411,1939129,1600279
05-01-2023,Pro,27601,39716,304285,132949,641884,617715,677846,554497,244025,314534,469388,211108,2150044,2085503
05-01-2023,DII,36971,76648,38177,1503381,401,33358,0,0,9649,1000,83119,0,119556,1663148
05-01-2023,TOTAL,358325,358325,2842182,2842182,3012775,2564713,3012775,2564713,1156412,666720,1156412,666720,10601127,10601127
06-01-2023,Client,247629,162842,1478395,232764,3825999,2192382,3845189,2594243,968021,333559,614350,453578,9045984,7902966
06-01-2023,Pro,18808,44150,315069,137853,1021211,843795,1139355,773101,257023,333142,514235,221582,2789048,2830275
06-01-2023,TOTAL,365411,365411,2875036,2875036,5467081,3672965,5467081,3672965,1260989,699095,1260989,699095,14340577,14340577
06-01-2023,FII,60503,86360,1042040,988052,619471,606490,482538,305621,26296,31394,41804,23935,2386194,1928310
06-01-2023,DII,38471,72059,39532,1516367,401,30298,0,0,9649,1000,90600,0,119351,1679026
09-01-2023,Client,232535,165178,1478040,227961,3652752,2903473,3693856,3136537,965371,369513,640203,458389,9601683,8322124
09-01-2023,DII,38471,75959,39518,1531957,401,30298,0,0,8045,1000,98632,0,117733,1706548
09-01-2023,Pro,16497,43926,301415,144156,1032788,896982,1154297,974176,281380,327970,503398,247567,2857032,3067519
09-01-2023,TOTAL,355182,355182,2878031,2878031,5285315,4479816,5285315,4479816,1285363,733273,1285363,733273,15016980,15016980
09-01-2023,FII,67679,70119,1059058,973957,599375,649063,437163,369103,30567,34790,43130,27317,2440532,1920789
10-01-2023,Pro,18538,42533,309505,145141,1133493,885180,1426202,879933,284201,334648,527880,246105,2965565,3267793
10-01-2023,Client,242568,158227,1476339,219626,4535582,2524279,4366242,2897104,1021208,370253,665161,470165,10170228,8776525
10-01-2023,TOTAL,367425,367425,2891261,2891261,6346548,4136345,6346548,4136345,1341417,744840,1341417,744840,15827836,15827836
10-01-2023,DII,38469,69991,39622,1540226,401,29835,0,0,4917,1000,101514,0,114244,1711731
10-01-2023,FII,67850,96674,1065795,986268,677073,697051,554105,359308,31091,38939,46862,28570,2577799,2071787
11-01-2023,Client,239814,148800,1488031,219491,4553654,3226456,4429328,3445100,1061601,389071,697179,486547,10958626,9426445
11-01-2023,Pro,16902,44285,313907,150544,1093063,928641,1351941,1058670,299700,346441,547829,260456,2998654,3413724
11-01-2023,FII,63676,94383,1062470,985049,664092,728995,529941,409926,32609,39876,49772,29385,2591718,2098456
11-01-2023,TOTAL,358951,358951,2904178,2904178,6311209,4913696,6311209,4913696,1397909,776388,1397909,776388,16662331,16662331
11-01-2023,DII,38559,71483,39770,1549094,401,29604,0,0,3999,1000,103129,0,113333,1723706
12-01-2023,Pro,16856,42322,328008,153834,642949,606301,735833,576126,307076,364243,586362,267002,2265433,2361478
12-01-2023,FII,61007,97461,1058605,1002185,417001,491223,278828,233290,34680,41732,53833,30327,2104248,1695924
12-01-2023,TOTAL,365300,365300,2931440,2931440,2923190,2558163,2923190,2558163,1481701,798850,1481701,798850,11058644,11058644
12-01-2023,DII,39659,71412,40152,1556866,401,29604,0,0,3999,1000,103648,0,114815,1731926
12-01-2023,Client,247778,154105,1504675,218555,1862840,1431035,1908530,1748747,1135946,391875,737858,501521,6574148,5269316
13-01-2023,DII,39649,69369,40350,1570870,401,30004,0,0,3999,1000,106438,0,115403,1746677
13-01-2023,Pro,18540,53802,327416,169336,780963,838485,798396,906914,327858,371893,598281,283981,2665155,2810709
13-01-2023,Client,251188,166149,1531619,231387,2537380,2565707,2685308,2762633,1155807,418229,766624,515039,8459929,7127140
13-01-2023,TOTAL,376297,376297,2963909,2963909,3915193,4060656,3915193,4060656,1525789,832427,1525789,832427,13674271,13674271
13-01-2023,FII,66920,86977,1064524,992316,596450,626460,431490,391109,38125,41305,54446,33407,2433784,1989745
16-01-2023,TOTAL,377142,377142,2971222,2971222,6036319,4478944,6036319,4478944,1598922,848680,1598922,848680,16311229,16311229
16-01-2023,DII,39649,67369,41473,1568581,401,30004,0,0,3999,1000,106446,0,116526,1742396
16-01-2023,Client,253405,166289,1527944,234405,4297339,2775449,4051942,3070704,1227119,423389,802674,527241,10504644,8853255
16-01-2023,FII,64335,97020,1061462,998862,632219,702083,569835,399196,37129,43180,56361,31670,2540408,2152944
16-01-2023,Pro,19753,46464,340343,169374,1106361,971408,1414543,1009044,330675,381111,633441,289769,3149651,3562634
17-01-2023,Client,242982,168597,1526813,238804,3337529,3159149,3410383,3321892,1198086,437993,804103,532048,9902551,8475827
17-01-2023,DII,39687,71369,41090,1568404,401,30652,0,0,3999,1000,107765,0,116829,1747538
17-01-2023,TOTAL,371622,371622,2984620,2984620,4781327,4783285,4781327,4783285,1586351,862024,1586351,862024,15369229,15369229
17-01-2023,FII,68630,85164,1074423,1000875,601248,709987,475570,443131,38677,42846,54056,33298,2535811,2092094
17-01-2023,Pro,20323,46492,342294,176537,842150,883497,895375,1018262,345589,380185,620427,296678,2814038,3053770
18-01-2023,DII,39686,75790,43090,1562252,401,31052,0,0,3999,1000,110437,0,119228,1748479
18-01-2023,Pro,17552,46191,349869,197851,943568,1082324,954559,1414844,363442,383623,613558,323987,3140378,3550989
18-01-2023,FII,78543,75119,1096143,1013259,658263,724105,485660,567488,40210,44500,55784,35816,2641764,2233126
18-01-2023,Client,232516,171197,1534165,249905,3385012,4254196,3547025,4109345,1184104,475139,811976,544459,11065131,9433907
18-01-2023,TOTAL,368297,368297,3023267,3023267,4987243,6091677,4987243,6091677,1591755,904262,1591755,904262,16966501,16966501
19-01-2023,TOTAL,360847,360847,3059985,3059985,2571677,2780302,2571677,2780302,1642781,922148,1642781,922148,11337740,11337740
19-01-2023,FII,76223,77349,1102981,1032664,306294,472758,223351,235452,41147,46107,57123,36876,2045510,1662815
19-01-2023,DII,39685,75742,45762,1556595,401,31052,0,0,3999,1000,109055,0,121899,1741392
19-01-2023,Client,228423,158994,1534821,257454,1704772,1655339,1756554,1905816,1229411,472583,825723,555024,6825348,5459565
19-01-2023,Pro,16516,48762,376421,213272,560211,621154,591773,639034,368224,402458,650880,330248,2344984,2473969
20-01-2023,Client,230033,165493,1543546,265168,3021715,2394317,3031974,2712989,1273668,469244,847284,558102,8932522,7581010
20-01-2023,Pro,17182,49452,377101,220885,848940,841462,984523,861409,378520,409962,691148,336648,2873167,3144064
20-01-2023,TOTAL,372555,372555,3080569,3080569,4470290,3924942,4470290,3924942,1698183,930642,1698183,930642,14477181,14477181
20-01-2023,FII,85656,77033,1114640,1031044,599235,659031,453794,350544,41996,50436,58300,35892,2550994,2006607
20-01-2023,DII,39684,80577,45282,1563472,401,30132,0,0,3999,1000,101451,0,120498,1745500
23-01-2023,Pro,17921,54001,363735,227370,965225,911295,1127254,1063927,375213,398632,652045,348808,3032021,3473404
23-01-2023,FII,85169,67410,1139442,1020183,715531,731844,504650,420223,42433,48597,57015,36636,2763016,2106117
23-01-2023,DII,39683,81122,45665,1572662,401,30905,0,0,3999,1000,101330,0,121653,1755114
23-01-2023,Client,230158,170398,1538923,267550,3447091,3131704,3496344,3321598,1200142,479005,811397,541790,10027022,8609077
23-01-2023,TOTAL,372931,372931,3087765,3087765,5128247,4805748,5128247,4805748,1621787,927234,1621787,927234,15943712,15943712
24-01-2023,DII,39682,83717,48392,1574412,401,30905,0,0,3999,1000,98929,0,124379,1757058
24-01-2023,FII,86660,63153,1155536,1015652,768526,744107,531217,364649,37370,43163,51533,31362,2835362,2057566
24-01-2023,Pro,21890,54830,353889,219218,949723,806468,1143120,872361,364999,397783,609304,335304,2894752,3234136
24-01-2023,TOTAL,367577,367577,3066585,3066585,5554382,4364763,5554382,4364763,1482733,878674,1482733,878674,15714714,15714714
24-01-2023,Client,219345,165877,1508768,257303,3835733,2783283,3880046,3127753,1076365,436728,722967,512008,9860221,8665954
25-01-2023,Client,198799,126011,1420450,189809,1821394,1173957,1817493,1545889,501222,177772,309280,286819,5293593,4275301
25-01-2023,DII,40034,68147,37983,1539145,401,20819,0,0,0,0,3315,0,99237,1610607
25-01-2023,Pro,14961,35573,290669,119313,576276,548958,731183,518464,113379,202818,293821,100459,1747061,1798813
25-01-2023,FII,38098,62161,1081148,981983,480354,481437,329749,160817,6254,13729,14439,7041,2101020,1556190
25-01-2023,TOTAL,291892,291892,2830250,2830250,2878424,2225170,2878424,2225170,620855,394319,620855,394319,9240910,9240910
27-01-2023,TOTAL,342289,342289,2902671,2902671,5065651,3124079,5065651,3124079,831299,527064,831299,527064,12793053,12793053
27-01-2023,Pro,24523,44011,308713,127795,1040811,722264,1331781,702962,177132,278068,386496,166112,2551511,2759156
27-01-2023,Client,246537,150024,1448172,182451,3336431,1699370,3197392,2125559,630542,210402,404706,342017,7571453,6402149
27-01-2023,FII,30308,88930,1106152,1022811,686429,672936,536479,295559,23025,38594,32966,18935,2557444,1995680
27-01-2023,DII,40921,59324,39634,1569614,1981,29510,0,0,600,0,7131,0,112646,1636069
30-01-2023,DII,50321,46982,39611,1604018,1981,27875,0,0,600,0,11302,0,120388,1662302
30-01-2023,Pro,22901,50738,318624,132103,1131162,803299,1452514,886716,209464,305154,428865,197459,2790604,3148394
30-01-2023,TOTAL,343810,343810,2942505,2942505,5477688,3746199,5477688,3746199,948216,599284,948216,599284,14057702,14057702
30-01-2023,FII,21921,97558,1119970,1025207,700218,717736,498305,318055,32111,50575,40445,25037,2642531,2004607
30-01-2023,Client,248667,148532,1464300,181177,3644328,2197290,3526870,2541429,706041,243555,467604,376788,8504180,7242400
31-01-2023,TOTAL,348464,348464,2965352,2965352,4876736,3633355,4876736,3633355,1036736,650720,1036736,650720,13511363,13511363
31-01-2023,FII,25416,119046,1110111,1021136,715304,706897,489101,330487,35144,62592,44247,25940,2655464,2029957
31-01-2023,Client,248108,144379,1484211,187710,3205808,2136201,3167437,2437237,767128,271754,517563,403082,8113209,6857408
31-01-2023,Pro,21339,53857,326878,137270,954024,762383,1220199,865632,233864,316374,454592,221698,2614862,2953247
31-01-2023,DII,53601,31182,44152,1619236,1601,27875,0,0,600,0,20334,0,127829,1670752
01-02-2023,FII,26071,111875,1134267,1040640,650458,689291,521060,361002,37873,67983,51940,29331,2605943,2115848
01-02-2023,Pro,28634,48143,326157,130656,1123189,736524,1481519,773661,263539,340321,503584,242118,2818364,3179680
01-02-2023,Client,231116,150517,1451224,201280,4226625,2303053,3999294,2622080,834043,273790,551453,410645,9319850,7935269
01-02-2023,TOTAL,339027,339027,2957395,2957395,6001872,3756742,6001872,3756742,1136055,682094,1136055,682094,14873185,14873185
01-02-2023,DII,53206,28492,45747,1584819,1601,27875,0,0,600,0,29078,0,129029,1642389
02-02-2023,DII,53370,23710,48340,1596192,1601,27875,0,0,600,0,35095,0,131786,1654997
02-02-2023,TOTAL,350074,350074,2989728,2989728,2973843,2478756,2973843,2478756,1259551,775774,1259551,775774,10827726,10827726
02-02-2023,Client,242728,141246,1464690,201491,1821017,1269535,1852637,1695119,921310,312400,618852,459232,6031679,4968577
02-02-2023,Pro,26094,44537,335314,139922,663277,618600,780562,577472,295362,372173,546259,279973,2310820,2368724
02-02-2023,FII,27882,140581,1141384,1052123,487949,562747,340645,206166,42279,91201,59345,36569,2353442,1835429
03-02-2023,TOTAL,327579,327579,2971873,2971873,3581914,4065399,3581914,4065399,1353518,855668,1353518,855668,13155951,13155951
03-02-2023,Client,225394,151081,1452671,208055,2292388,2614333,2403590,2818129,976289,366208,673361,497579,7927282,6751795
03-02-2023,Pro,23919,38053,333728,144293,804296,825830,820305,866559,326767,391004,574212,314617,2705544,2758038
03-02-2023,FII,26215,113984,1135758,1039080,483630,597362,358020,380712,49862,98456,66348,43472,2391283,2001616
03-02-2023,DII,52051,24461,49716,1580445,1601,27875,0,0,600,0,39597,0,131843,1644503
06-02-2023,FII,24788,136180,1135789,1042561,556949,694134,488019,406384,51223,100616,70259,44265,2563499,2187668
06-02-2023,Pro,31690,41954,341848,145348,977652,923208,1177269,951929,334862,404959,617162,332501,3014219,3266162
06-02-2023,Client,235568,143528,1455827,218971,3492309,2929564,3363093,3215168,1082282,401917,737691,530726,9597466,8209177
06-02-2023,DII,52077,22461,48840,1575424,1471,26575,0,0,600,0,43855,0,129563,1641740
06-02-2023,TOTAL,344123,344123,2982304,2982304,5028380,4573480,5028380,4573480,1468967,907492,1468967,907492,15304746,15304746
07-02-2023,FII,25925,136605,1126531,1039076,667679,707262,487683,399511,50248,81094,72644,43794,2658739,2179313
07-02-2023,TOTAL,346436,346436,2987006,2987006,4960233,4267342,4960233,4267342,1530643,913597,1530643,913597,15005257,15005257
07-02-2023,Client,238704,150378,1466362,223417,3412501,2707491,3417253,3037026,1142128,415577,765142,534924,9382762,8128140
07-02-2023,DII,51769,22551,50127,1576155,1471,26575,0,0,600,0,50799,0,130542,1649505
07-02-2023,Pro,30038,36902,343986,148358,878583,826015,1055298,830806,337667,416926,642058,334879,2833215,3048300
08-02-2023,Client,232432,149766,1452490,231722,3748416,3857311,3721706,3932861,1135417,459825,777695,542761,10885891,9356510
08-02-2023,TOTAL,341850,341850,2982252,2982252,5411031,5712136,5411031,5712136,1534861,938176,1534861,938176,16920306,16920306
08-02-2023,DII,51444,29961,52366,1577691,1471,26575,0,0,600,0,52832,0,132456,1660484
08-02-2023,Pro,28283,35748,336963,151043,977171,1049333,1140609,1274733,348062,417270,634117,349945,3157082,3586194
08-02-2023,FII,29691,126375,1140433,1021796,683974,778917,548717,504543,50782,61081,70217,45470,2744878,2317118
09-02-2023,Client,228570,151880,1459920,230404,1690854,1604134,1805097,1926291,1178431,487180,815103,562760,6649089,5491534
09-02-2023,Pro,30252,33771,338128,159973,577436,644867,622237,633406,358336,425477,648928,361180,2374496,2459494
09-02-2023,DII,51344,29461,52358,1576194,1471,26575,0,0,600,0,55429,0,132348,1661084
09-02-2023,FII,29628,124682,1142547,1026382,471547,524854,313974,240734,52158,58941,70065,47658,2279675,1823495
09-02-2023,TOTAL,339794,339794,2992953,2992953,2741307,2800430,2741307,2800430,1589525,971598,1589525,971598,11435607,11435607
10-02-2023,DII,54344,29601,52985,1568381,1471,26575,0,0,600,0,57146,0,135975,1655128
10-02-2023,Client,229258,142965,1458087,234655,2669111,2354654,2712401,2734877,1268732,503069,867924,583764,8482911,7276585
10-02-2023,Pro,28703,34199,342168,158753,755722,850729,820035,807850,368181,438382,691942,368147,2783885,2880925
10-02-2023,FII,29039,134579,1138962,1030413,544530,669699,438398,358931,51618,59717,72119,49257,2493565,2083697
10-02-2023,TOTAL,341344,341344,2992202,2992202,3970833,3901657,3970833,3901657,1689131,1001168,1689131,1001168,13896335,13896335
13-02-2023,DII,53837,36405,52629,1559709,1471,26575,0,0,600,0,61244,0,135112,1657358
13-02-2023,Client,235110,156005,1459976,234878,4063949,2682466,3939919,3143302,1380714,491892,916321,585554,10314107,8975978
13-02-2023,Pro,41433,33218,355462,160155,1121512,1004613,1389539,950083,368133,441912,747689,360012,3333065,3640695
13-02-2023,FII,29245,133997,1137062,1050387,735094,765654,592568,385924,51147,60559,75340,48797,2778761,2287013
13-02-2023,TOTAL,359625,359625,3005129,3005129,5922025,4479308,5922025,4479308,1800594,994363,1800594,994363,16561044,16561044
14-02-2023,FII,36278,99953,1158219,1041980,613299,701315,435774,464672,53942,58432,72152,49856,2621485,2164387
14-02-2023,DII,51803,38430,53234,1557782,1471,26575,0,0,600,0,65490,0,133683,1661702
14-02-2023,Client,211473,158423,1447903,238978,2889283,3166526,3079970,3344158,1348402,519336,917687,590947,9582923,8330162
14-02-2023,Pro,31132,33880,346005,166621,877871,909391,866180,994978,374929,432191,722544,369156,2971519,3153358
14-02-2023,TOTAL,330686,330686,3005361,3005361,4381923,4803807,4381923,4803807,1777873,1009959,1777873,1009959,15309609,15309609
15-02-2023,DII,51727,39480,54823,1556725,1471,26575,0,0,600,0,65448,0,135196,1661653
15-02-2023,Client,215940,158565,1432920,245130,3219400,4055719,3382990,4067680,1311156,552663,908767,604322,10787798,9367453
15-02-2023,FII,35353,101610,1167932,1021217,635491,760851,461085,506113,56066,57830,69519,50016,2713523,2209560
15-02-2023,TOTAL,335321,335321,2999596,2999596,4834407,5882885,4834407,5882885,1754908,1041586,1754908,1041586,16848703,16848703
15-02-2023,Pro,32301,35666,343921,176524,978046,1039740,990333,1309093,387086,431093,711174,387248,3212187,3610037
16-02-2023,DII,51598,39410,53181,1554311,1471,26575,0,0,600,0,66157,0,133425,1659878
16-02-2023,Client,225153,159457,1434568,250038,2106882,1698204,2151939,2062732,1301879,575818,906606,614495,7342504,6145266
16-02-2023,FII,36723,106047,1180577,1021680,565385,646335,366675,267954,55347,59701,70037,50036,2544068,1882429
16-02-2023,Pro,26298,34858,349795,192092,634911,621619,790035,662048,391369,431657,706395,402645,2455649,2788072
16-02-2023,TOTAL,339772,339772,3018121,3018121,3308648,2992733,3308648,2992733,1749195,1067176,1749195,1067176,12475645,12475645
17-02-2023,FII,35187,115851,1180278,1042369,713853,804601,588175,359429,56284,56457,69558,44725,2846660,2220107
17-02-2023,DII,50779,36398,53199,1547910,1471,26575,0,0,600,0,66442,0,132624,1650750
17-02-2023,TOTAL,361068,361068,3040287,3040287,5694198,4148074,5694198,4148074,1777583,1024489,1777583,1024489,16045699,16045699
17-02-2023,Client,241312,173913,1440632,253688,3955316,2422359,3801175,2915494,1335630,530672,913052,599306,9925921,8656627
17-02-2023,Pro,33790,34906,366178,196320,1023559,894539,1304849,873152,385069,437360,728531,380458,3140495,3518215
20-02-2023,Client,246952,174412,1437515,252249,5278717,2747827,4938417,3251764,1298506,514801,891523,588567,11524318,10096931
20-02-2023,FII,34613,123170,1183590,1035116,826391,887383,672764,418185,55632,58045,68532,43073,3045654,2360840
20-02-2023,TOTAL,371969,371969,3040858,3040858,7371908,4616615,7371908,4616615,1733283,1002365,1733283,1002365,18136998,18136998
20-02-2023,DII,46158,37842,55027,1550438,1471,26575,0,0,600,0,66442,0,129831,1654722
20-02-2023,Pro,44246,36545,364726,203055,1265330,954830,1760728,946667,378545,429519,706786,370725,3437196,4024505
21-02-2023,Client,246434,187209,1437077,252353,4471006,2713082,4315646,3153370,1228437,487240,852467,566978,10583276,9328022
21-02-2023,Pro,42410,29494,355402,199320,942880,847586,1261717,863569,371121,419006,671715,353164,2978405,3378978
21-02-2023,FII,34297,112547,1184908,1033331,688642,845535,526636,416341,53158,54527,65453,40631,2861067,2194939
21-02-2023,TOTAL,369192,369192,3033971,3033971,6103998,4433279,6103998,4433279,1653316,960773,1653316,960773,16554529,16554529
21-02-2023,DII,46051,39942,56584,1548967,1471,27076,0,0,600,0,63681,0,131782,1652590
22-02-2023,TOTAL,394626,394626,3031665,3031665,7822639,4694790,7822639,4694790,1535202,883122,1535202,883122,18362044,18362044
22-02-2023,Pro,45346,32539,355953,183439,1229489,914576,1801470,961536,358359,417476,645235,323772,3321199,3947990
22-02-2023,DII,46554,34311,62578,1548151,1471,25943,0,0,600,0,62000,0,137146,1644462
22-02-2023,Client,257968,174514,1421459,240732,5758885,2763215,5357766,3250679,1131721,416453,770923,529564,11749701,10324177
22-02-2023,FII,44758,153262,1191675,1059343,832795,991056,663404,482576,44522,49193,57044,29786,3153999,2445415
23-02-2023,FII,33087,137938,1135671,1009499,521487,654135,399364,245820,3264,8399,11401,6381,2356043,1810403
23-02-2023,DII,44807,27877,44593,1525521,401,20853,0,0,0,0,1283,0,110654,1554681
23-02-2023,Pro,33830,32515,291061,111943,627155,616928,798765,618059,100961,192528,239058,87503,1862463,1887843
23-02-2023,Client,226585,139979,1359438,183800,2079662,1384134,2030576,1812171,444055,181381,296538,288424,5675255,4751487
23-02-2023,TOTAL,338309,338309,2830763,2830763,3228704,2676049,3228704,2676049,548280,382308,548280,382308,10004413,10004413
24-02-2023,DII,44838,27897,45636,1525023,401,20853,0,0,0,0,4742,0,111728,1557662
24-02-2023,Client,278751,191483,1366790,191960,3700312,2146838,3527794,2583227,547491,218073,374157,336009,8258255,7204629
24-02-2023,FII,30396,138157,1142888,1019010,609350,721743,503061,331227,13853,19725,23316,12609,2537955,2027380
24-02-2023,Pro,41478,37926,296805,116126,929301,811987,1208509,786968,144467,232645,303596,121825,2456683,2574949
24-02-2023,TOTAL,395463,395463,2852119,2852119,5239363,3701421,5239363,3701421,705811,470443,705811,470443,13364620,13364620
27-02-2023,FII,31152,147385,1154286,1027244,720485,826403,530757,423800,17964,22372,29330,15443,2772662,2173959
27-02-2023,DII,45626,22508,45572,1527563,401,24853,0,0,0,0,16163,0,116452,1566234
27-02-2023,Pro,42574,45446,303177,122686,1002038,948432,1212677,1067331,178166,261274,350289,144289,2735661,2942717
27-02-2023,TOTAL,434645,434645,2871219,2871219,5727942,4854944,5727942,4854944,824136,526880,824136,526880,15239766,15239766
27-02-2023,Client,315293,219306,1368184,193726,4005019,3055256,3984509,3363814,628006,243234,428354,367148,9614992,8556856
28-02-2023,Client,330769,233961,1377623,197998,4185325,2655962,4078671,3041879,706581,272583,477034,397313,9528843,8426855
28-02-2023,TOTAL,459953,459953,2893256,2893256,5906969,4342813,5906969,4342813,938941,583480,938941,583480,15125412,15125412
28-02-2023,DII,54072,21719,45784,1555222,401,24853,0,0,0,0,27703,0,125110,1604644
28-02-2023,FII,28698,160465,1163011,1011033,790168,827881,598033,408283,20616,26607,35295,18207,2856981,2231316
28-02-2023,Pro,46414,43808,306838,129003,931076,834117,1230266,892652,211744,284290,398909,167960,2614479,2862597
01-03-2023,DII,51196,21579,45973,1552383,401,24853,0,0,0,0,29396,0,122423,1603358
01-03-2023,Pro,37772,48063,311778,137956,1030945,995856,1106028,1206789,235701,294909,417988,190135,2906961,3106958
01-03-2023,FII,35780,161384,1169066,1004452,773006,913760,552180,500573,21844,25913,37170,20766,2939369,2276525
01-03-2023,Client,332226,225948,1381247,213273,3809354,3655013,3955498,3882121,731846,301811,504837,411732,10211497,9193408
01-03-2023,TOTAL,456974,456974,2908064,2908064,5613705,5589482,5613705,5589482,989391,622633,989391,622633,16180249,16180249
02-03-2023,Client,343249,226059,1417562,225872,2224360,1567808,2229021,1997237,818853,317094,543378,436488,6688926,5658054
02-03-2023,TOTAL,459625,459625,2926503,2926503,3546238,2890993,3546238,2890993,1095275,665209,1095275,665209,11583843,11583843
02-03-2023,DII,53211,21526,47119,1556121,401,24853,0,0,0,0,35398,0,125584,1613045
02-03-2023,Pro,35562,53197,323671,139802,747970,639236,896039,647613,252635,318861,474572,205320,2317935,2416543
02-03-2023,FII,27603,158843,1138151,1004708,573508,659097,421179,246144,23787,29254,41927,23401,2451400,1896202
03-03-2023,FII,38737,127700,1154418,983559,692434,794504,472339,503050,26619,26995,42248,26484,2733707,2155380
03-03-2023,TOTAL,454417,454417,2918321,2918321,4333011,5254509,4333011,5254509,1117205,698782,1117205,698782,14776245,14776245
03-03-2023,Pro,36068,60571,317806,153060,915047,1018368,941358,1209284,283743,321765,483886,228747,2892797,3076905
03-03-2023,Client,325684,245657,1395672,232134,2725130,3416784,2919315,3542176,806843,350022,551487,443551,9020135,7934319
03-03-2023,DII,53928,20489,50425,1549568,401,24853,0,0,0,0,39584,0,129607,1609641
06-03-2023,Client,314290,249595,1393841,234725,3186755,3210944,3266980,3411305,855104,374654,590377,459103,9335588,8212084
06-03-2023,TOTAL,433923,433923,2908462,2908462,4560202,4867631,4560202,4867631,1187310,733189,1187310,733189,14690717,14690717
06-03-2023,DII,46414,21966,50787,1536781,401,24853,0,0,0,0,45031,0,122455,1603778
06-03-2023,FII,39356,111818,1151395,983874,591338,793364,398331,471537,29835,28885,44462,25718,2634173,2035740
06-03-2023,Pro,33863,50544,312439,153082,781709,838471,894892,984790,302371,329650,507440,248368,2598503,2839116
08-03-2023,FII,39068,117732,1159827,991648,723239,969561,492944,628940,33799,30763,46343,28686,2956257,2306293
08-03-2023,TOTAL,447665,447665,2925074,2925074,5189664,6572250,5189664,6572250,1256422,778815,1256422,778815,17169890,17169890
08-03-2023,DII,46352,22386,51645,1526957,401,25653,0,0,0,0,54206,0,124051,1603549
08-03-2023,Pro,38261,47362,315531,160004,972972,1132382,1047169,1512729,319992,338726,531135,268729,3117864,3567128
08-03-2023,Client,323984,260185,1398071,246465,3493053,4444655,3649552,4430582,902631,409326,624738,481400,10971720,9692921
09-03-2023,FII,35670,138738,1147058,1018203,454779,656238,342188,280682,33966,35942,53146,30004,2363653,1862961
09-03-2023,Pro,38407,48377,329133,160857,721794,708214,847206,725057,326081,368575,593006,273949,2492204,2648451
09-03-2023,TOTAL,468778,468778,2950466,2950466,3460011,3147423,3460011,3147423,1367004,804030,1367004,804030,12197712,12197712
09-03-2023,DII,47854,20991,52940,1519976,401,25653,0,0,0,0,57948,0,126848,1598915
09-03-2023,Client,346847,260672,1421335,251430,2283038,1757318,2270618,2141685,1006957,399513,662904,500077,7215008,6087385
10-03-2023,DII,55859,22121,55264,1519876,401,25653,0,0,0,0,63286,0,137177,1605283
10-03-2023,FII,28873,149760,1137937,1044627,654663,792218,550423,381290,34681,38478,53624,30356,2686850,2210080
10-03-2023,Client,361147,261091,1427254,252527,3801429,2481972,3654456,2896283,1093367,388038,698229,516491,9553207,8279076
10-03-2023,Pro,37901,50808,351929,155354,1043425,914108,1295039,936379,326468,395682,639377,275351,3069513,3352307
10-03-2023,TOTAL,483780,483780,2972384,2972384,5499917,4213951,5499917,4213951,1454516,822198,1454516,822198,15446746,15446746
13-03-2023,Client,376458,258589,1429989,242311,5429363,2685482,5081204,3119001,1164186,378469,727125,522274,11463947,9950503
13-03-2023,DII,60382,23692,57686,1521037,401,27713,0,0,0,0,65474,0,146182,1610203
13-03-2023,TOTAL,501525,501525,2985816,2985816,7653946,4557364,7653946,4557364,1531624,835478,1531624,835478,18065753,18065753
13-03-2023,Pro,34694,60847,365291,156038,1371171,977065,1884160,1011348,332122,416540,682568,281616,3496883,4076577
13-03-2023,FII,29991,158397,1132850,1066430,853012,867105,688583,427016,35316,40469,56457,31588,2958743,2428471
14-03-2023,DII,81181,21547,58056,1541094,401,27713,0,0,0,0,66550,0,167351,1629191
14-03-2023,TOTAL,525635,525635,3011278,3011278,7120276,4614486,7120276,4614486,1580346,842284,1580346,842284,17694305,17694305
14-03-2023,Pro,32776,76586,374719,161431,1119566,902513,1594541,1003848,336127,428256,708526,280547,3193957,3825479
14-03-2023,FII,26089,170715,1136177,1082202,971161,952025,764093,432942,36129,43128,58027,33239,3164709,2541218
14-03-2023,Client,385589,256787,1442326,226551,5029149,2732236,4761643,3177696,1208090,370900,747243,528498,11168289,9698418
15-03-2023,FII,22389,166161,1137417,1077037,914718,929426,767050,477527,36313,44085,61299,32472,3084348,2581546
15-03-2023,TOTAL,526795,526795,3015312,3015312,8343740,5051798,8343740,5051798,1627216,862177,1627216,862177,19427038,19427038
15-03-2023,DII,83490,21547,61559,1541835,2201,27713,0,0,0,0,68594,0,174963,1631976
15-03-2023,Client,387838,266406,1447275,233799,5994809,3063844,5609845,3465695,1243934,385557,778066,536722,12523256,10890533
15-03-2023,Pro,33078,72681,369061,162641,1432013,1030816,1966846,1108576,346969,432535,719257,292983,3644472,4322984
16-03-2023,TOTAL,533661,533661,3047009,3047009,4157903,3371899,4157903,3371899,1646292,862944,1646292,862944,13619708,13619708
16-03-2023,FII,23793,187327,1137140,1099731,767316,850441,559942,312686,39273,45457,61481,33118,2863420,2254285
16-03-2023,Pro,32043,68229,372381,167833,870953,791231,1064235,838416,354399,428914,723666,294736,2849921,3157115
16-03-2023,DII,83427,20743,61841,1546180,401,27813,0,0,0,0,69080,0,173482,1636003
16-03-2023,Client,394398,257362,1475647,233265,2519234,1702415,2533727,2220797,1252620,388573,792065,535090,7732886,6572306
17-03-2023,TOTAL,527827,527827,3062187,3062187,5146056,4510408,5146056,4510408,1691734,888646,1691734,888646,15826858,15826858
17-03-2023,Client,387235,254786,1493035,239249,3281878,2613085,3413978,3024965,1288939,407109,817142,549633,9471280,8299753
17-03-2023,Pro,36435,59065,373048,173422,1011473,994381,1129013,1056868,360791,435516,742368,305216,3211644,3465952
17-03-2023,FII,21983,193662,1133837,1088067,852305,873035,603066,428575,42004,46021,61951,33797,2969185,2409118
17-03-2023,DII,82174,20314,62267,1561449,401,29908,0,0,0,0,70273,0,174750,1652036
20-03-2023,FII,20265,214891,1129418,1115718,846628,913276,695472,454142,43864,48013,62147,34956,3001464,2577326
20-03-2023,DII,85251,18432,63468,1556027,401,30713,0,0,0,0,71714,0,179833,1646173
20-03-2023,Client,405440,263636,1506414,243210,4149537,2957386,4084978,3372774,1359247,394254,839982,547927,10772277,9352507
20-03-2023,Pro,43199,57196,385981,170326,1169276,1036339,1385392,1110798,358958,441018,788226,300402,3434771,3812339
20-03-2023,TOTAL,554155,554155,3085281,3085281,6165841,4937713,6165841,4937713,1762069,883285,1762069,883285,17388344,17388344
21-03-2023,Pro,42539,65768,378418,183114,1051615,985009,1182475,1144231,356445,432751,760326,311044,3246777,3646957
21-03-2023,FII,19790,215290,1141502,1090875,914212,931435,688538,536637,44839,49290,66458,36701,3101068,2634499
21-03-2023,TOTAL,562873,562873,3086491,3086491,5515747,5203422,5515747,5203422,1725949,900515,1725949,900515,16994997,16994997
21-03-2023,Client,414296,263483,1503387,252009,3549520,3256266,3644735,3522555,1324665,418474,827451,552770,10466607,9063003
21-03-2023,DII,86248,18332,63184,1560493,401,30713,0,0,0,0,71714,0,180546,1650539
22-03-2023,TOTAL,543184,543184,3089855,3089855,6107951,5633361,6107951,5633361,1707149,907601,1707149,907601,17989101,17989101
22-03-2023,FII,18014,214392,1156185,1100926,810066,903309,675638,555142,45422,51514,66781,37354,2984510,2650233
22-03-2023,DII,81263,18332,64229,1548751,401,32313,0,0,0,0,71728,0,178206,1638811
22-03-2023,Client,404908,251008,1489440,254865,4062702,3628045,4079107,3852590,1307112,428155,816527,557553,11320362,9811649
22-03-2023,Pro,38999,59452,380001,185313,1234783,1069694,1353207,1225630,354615,427932,752113,312694,3506024,3888408
23-03-2023,DII,82562,15092,65287,1541313,401,32313,0,0,0,0,71170,0,180563,1627575
23-03-2023,TOTAL,559040,559040,3102358,3102358,4278460,3399338,4278460,3399338,1683215,905130,1683215,905130,13927541,13927541
23-03-2023,FII,26474,211668,1160642,1107516,698309,759843,521291,338620,45248,52292,65741,37460,2742808,2282296
23-03-2023,Client,411143,260002,1484661,262964,2660702,1877670,2625370,2261879,1288843,419305,796414,556249,8142324,6762877
23-03-2023,Pro,38861,72278,391768,190565,919049,729512,1131800,798840,349124,433533,749890,311421,2861847,3254793
24-03-2023,FII,33280,216459,1164829,1118205,803419,840844,633959,381338,41308,52764,62211,34637,2936444,2446809
24-03-2023,DII,87861,14034,66868,1532833,401,32313,0,0,0,0,71190,0,187443,1618057
24-03-2023,Client,404369,267457,1474458,256189,3884467,2533755,3805696,3007905,1276127,388619,777631,539938,9961795,8654815
24-03-2023,TOTAL,566336,566336,3096248,3096248,5772904,4353459,5772904,4353459,1658090,870127,1658090,870127,16317164,16317164
24-03-2023,Pro,40826,68386,390093,189021,1084618,946547,1333250,964217,340655,428744,747058,295552,3231483,3597483
27-03-2023,DII,87911,14409,67596,1524125,401,33813,0,0,0,0,71196,0,189721,1609730
27-03-2023,Client,396024,298883,1461102,255583,4386394,3226693,4386717,3643206,1185855,398507,737678,526503,11054575,9848569
27-03-2023,TOTAL,575160,575160,3075395,3075395,6654775,5330105,6654775,5330105,1574854,866588,1574854,866588,18076877,18076877
27-03-2023,FII,38889,185169,1169772,1097466,1039054,985159,737184,495659,41318,48203,58163,34624,3322395,2608265
27-03-2023,Pro,52336,76699,376925,198221,1228927,1084440,1530875,1191241,347681,419878,707817,305461,3510187,4010313
28-03-2023,Client,381731,285950,1436756,251183,4165109,3250834,4242267,3638965,1083318,359634,661735,491986,10677382,9572085
28-03-2023,FII,36305,192707,1162136,1094604,965896,984061,676632,533401,36447,41975,54675,29442,3226820,2581461
28-03-2023,TOTAL,562069,562069,3022850,3022850,6267151,5283812,6267151,5283812,1463589,818599,1463589,818599,17418070,17418070
28-03-2023,DII,93459,14409,67518,1496635,401,33927,0,0,0,0,70639,0,195305,1581683
28-03-2023,Pro,50574,69003,356440,180428,1135746,1014990,1348253,1111447,343824,416990,676540,297171,3318564,3682841
29-03-2023,FII,15502,154221,1092395,1033677,496774,562016,312077,212143,3312,7514,10263,4797,2177513,1727178
29-03-2023,TOTAL,474547,474547,2799075,2799075,2895342,2961313,2895342,2961313,488640,366359,488640,366359,9985276,9985276
29-03-2023,DII,86360,16170,46928,1442558,401,28927,0,0,0,0,545,0,162616,1459273
29-03-2023,Pro,40225,55114,287436,118350,682008,680272,771961,732122,96993,179945,225162,99645,1966879,2002353
29-03-2023,Client,332460,249042,1372316,204490,1716160,1690098,1811305,2017049,388335,178900,252670,261917,5678269,4796472
31-03-2023,Pro,40558,42427,286766,126035,890510,1015931,955758,1223443,141833,205899,278175,144119,2581497,2769956
31-03-2023,Client,321933,253333,1362994,220186,2524498,3296559,2574131,3368207,460716,232820,311689,301187,8199520,7028732
31-03-2023,TOTAL,465258,465258,2802082,2802082,3989734,5083210,3989734,5083210,618100,460102,618100,460102,13418486,13418486
31-03-2023,DII,83275,14926,48378,1438376,401,28867,0,0,0,0,3937,0,160921,1457239
31-03-2023,FII,19492,154572,1103944,1017485,574326,741853,459846,491561,15551,21383,24299,14796,2476549,2162559
03-04-2023,Client,260422,177305,1342900,195933,2856569,3401257,2926282,3572776,533847,266650,366555,339201,8661645,7578051
03-04-2023,TOTAL,385033,385033,2783951,2783951,4335130,5211794,4335130,5211794,722685,525232,722685,525232,13963825,13963825
03-04-2023,FII,21884,162529,1100712,1021271,618252,785521,482079,482449,19795,27585,31147,18387,2573749,2197862
03-04-2023,Pro,27646,30300,291331,130050,859909,996149,926770,1156570,169043,230997,315993,167644,2575075,2727326
03-04-2023,DII,75081,14899,49008,1436697,401,28867,0,0,0,0,8990,0,153357,1460586
05-04-2023,FII,28071,137370,1114999,1028748,790660,991080,551593,680496,22878,30531,35299,23312,2978219,2456818
05-04-2023,Client,219133,159455,1350126,211875,3382421,4644083,3545499,4584979,606396,313327,424614,375062,10515486,9301483
05-04-2023,Pro,30749,33866,295842,137412,1125565,1268845,1201955,1667401,203506,249982,356168,195466,3174489,3592267
05-04-2023,TOTAL,347750,347750,2810081,2810081,5299046,6932875,5299046,6932875,832780,593840,832780,593840,16816372,16816372
05-04-2023,DII,69797,17059,49114,1432046,401,28867,0,0,0,0,16699,0,148179,1465804
06-04-2023,DII,67060,18026,50345,1422398,401,28867,0,0,0,0,22703,0,146673,1463127
06-04-2023,Client,223766,162664,1348260,225708,2240448,2124096,2506014,2500193,636895,342249,457588,398840,6915714,6251006
06-04-2023,FII,30180,136439,1126919,1032001,410346,591818,268062,246389,26087,33164,39423,25269,2218514,1747583
06-04-2023,Pro,28938,32815,295105,140522,803241,748176,680360,746376,226344,263447,369612,214751,2365251,2184435
06-04-2023,TOTAL,349944,349944,2820629,2820629,3454435,3492957,3454435,3492957,889326,638860,889326,638860,11646151,11646151
10-04-2023,FII,33072,118193,1149722,1042898,680814,763894,506199,429548,28525,37930,43770,29079,2693957,2169687
10-04-2023,Pro,26832,31382,294039,155694,1067640,919231,1319450,1035885,252559,278621,406755,240738,2838922,3189903
10-04-2023,Client,203433,161228,1344368,220556,3697968,3093640,3621174,3340200,707501,375255,503662,421989,9422165,8268808
10-04-2023,DII,66271,18805,51235,1420216,401,28867,0,0,0,0,34398,0,146774,1473419
10-04-2023,TOTAL,329608,329608,2839364,2839364,5446822,4805632,5446822,4805632,988585,691806,988585,691806,15101817,15101817
11-04-2023,DII,65968,18805,51402,1420570,401,28867,0,0,0,0,45991,0,146638,1485366
11-04-2023,Client,191837,165806,1340767,221105,2989511,3673678,3178832,3704662,758446,417846,541438,448474,9372084,8260317
11-04-2023,Pro,22797,35290,291503,163957,945714,1024632,974075,1267216,277374,293697,433001,269184,2855717,3142722
11-04-2023,FII,39733,100434,1163384,1041424,666379,825873,449098,581172,31925,41664,47315,35549,2768958,2254992
11-04-2023,TOTAL,320335,320335,2847056,2847056,4602004,5553049,4602004,5553049,1067745,753207,1067745,753207,15143396,15143396
12-04-2023,Client,184738,175811,1335997,236058,3245331,4317161,3438332,4234544,823005,473642,598439,481680,10379873,9164864
12-04-2023,DII,60766,20585,52826,1412689,401,29867,0,0,0,0,60550,0,143860,1493824
12-04-2023,TOTAL,319527,319527,2853227,2853227,5046178,6515825,5046178,6515825,1180405,832619,1180405,832619,16747781,16747781
12-04-2023,Pro,26573,33701,291220,176374,1076202,1220322,1080517,1587719,320167,314915,470227,310752,3249399,3659289
12-04-2023,FII,47450,89430,1173184,1028106,724245,948476,527330,693563,37233,44062,51189,40187,2974650,2429805
13-04-2023,Pro,35385,32219,300170,189209,681460,813109,699840,990888,344523,333940,510189,331262,2508587,2753606
13-04-2023,TOTAL,331635,331635,2887903,2887903,3048478,3980784,3048478,3980784,1275699,873843,1275699,873843,12398342,12398342
13-04-2023,FII,52502,81201,1183836,1043804,603893,750538,355268,407168,44682,51603,56586,41341,2687054,1985368
13-04-2023,Client,186773,185630,1348968,248282,1762725,2387271,1993371,2582729,886494,487600,634268,501240,7059830,6145520
13-04-2023,DII,56975,32585,54929,1406608,401,29867,0,0,0,700,74656,0,142872,1513849
17-04-2023,FII,49096,85216,1188370,1062173,893374,938506,627619,583432,52522,54505,64401,44796,3176373,2467637
17-04-2023,DII,56942,25585,55637,1417248,401,29867,0,0,0,700,89882,0,143547,1532715
17-04-2023,TOTAL,331014,331014,2926979,2926979,5815413,5747484,5815413,5747484,1409673,905237,1409673,905237,17135800,17135800
17-04-2023,Pro,30370,41246,311507,197165,1094740,1101482,1327315,1354297,360497,347251,565820,347305,3245847,3833147
17-04-2023,Client,194606,178967,1371465,250393,3826899,3677630,3860480,3809756,996654,502781,689570,513136,10570034,9302302
18-04-2023,Pro,30666,40705,316668,203523,996150,961341,1216175,1110032,369322,360968,579225,359590,3035115,3509249
18-04-2023,DII,52609,20710,56439,1413366,401,31367,0,0,0,700,105203,0,141516,1539279
18-04-2023,TOTAL,328510,328510,2935591,2935591,5835901,5142089,5835901,5142089,1471936,938235,1471936,938235,16652262,16652262
18-04-2023,Client,195811,181985,1380258,256197,4009576,3240099,4016226,3475268,1049838,517618,721963,533494,10393199,9185133
18-04-2023,FII,49424,85110,1182226,1062505,829775,909283,603501,556790,52776,58949,65545,45151,3082433,2418602
19-04-2023,FII,49925,88663,1187763,1086202,885208,953806,649108,625139,54828,61987,66028,46157,3193517,2561297
19-04-2023,TOTAL,334602,334602,2979679,2979679,6762668,5853201,6762668,5853201,1549537,964175,1549537,964175,18443862,18443862
19-04-2023,Client,200949,183319,1403425,264780,4685787,3838613,4640826,3995189,1119396,526315,759526,547110,11774485,10390749
19-04-2023,Pro,31132,43910,331177,214329,1191273,1029647,1472735,1232874,375313,375173,611921,370908,3333715,3946676
19-04-2023,DII,52596,18710,57314,1414368,401,31135,0,0,0,700,112062,0,142146,1545140
20-04-2023,DII,52516,16710,56787,1413952,401,31135,0,0,0,700,113694,0,141539,1544356
20-04-2023,FII,53020,86862,1209697,1096830,714138,736075,386227,362107,56942,65410,67778,47501,2835282,2047305
20-04-2023,TOTAL,345323,345323,3018242,3018242,3471901,3534925,3471901,3534925,1569003,981258,1569003,981258,12920652,12920652
20-04-2023,Client,203479,188494,1409595,271843,2000365,2051389,2259513,2370815,1132205,535214,772031,558436,7332247,6421131
20-04-2023,Pro,36308,53257,342163,235617,756998,716326,826162,802004,379856,379934,615500,375321,2611585,2907860
21-04-2023,Pro,36280,54370,388852,375361,1102080,965526,1244588,1031025,388487,382918,623134,374352,3264143,3702829
21-04-2023,TOTAL,345662,345662,3050854,3050854,5417368,4713966,5417368,4713966,1587289,983165,1587289,983165,16098304,16098304
21-04-2023,DII,52580,15534,58356,1421389,401,31135,0,0,0,0,114054,0,142472,1550977
21-04-2023,FII,57969,89486,1187471,980033,928234,886042,656887,498096,56858,66675,68020,47361,3183249,2339883
21-04-2023,Client,198833,186272,1416175,274071,3386654,2831263,3515894,3184846,1141944,533572,782081,561452,9508441,8504615
24-04-2023,TOTAL,365055,365055,3049768,3049768,5427986,6649580,5427986,6649580,1539909,980356,1539909,980356,18012654,18012654
24-04-2023,Pro,39095,59200,332610,240748,1115158,1198089,1100684,1548141,398538,381723,601097,383236,3465213,3933105
24-04-2023,DII,52508,19534,58618,1426904,401,31135,0,0,0,0,116173,0,142662,1562611
24-04-2023,FII,68139,87462,1246288,1110132,935520,1010300,678010,714221,62958,64780,68303,49476,3387985,2707604
24-04-2023,Client,205313,198859,1412252,271984,3376908,4410056,3649293,4387219,1078413,533853,754336,547644,11016795,9809334
25-04-2023,DII,52508,25534,55374,1431774,401,31135,0,0,0,0,116090,0,139418,1573398
25-04-2023,Client,193742,191636,1412422,278597,3440941,3909268,3592309,3994638,1037276,528182,726817,544907,10521831,9328903
25-04-2023,Pro,31444,47096,326483,241177,975888,962250,1049383,1225671,403025,387848,594394,387354,3086938,3545074
25-04-2023,TOTAL,344942,344942,3037376,3037376,5272295,5875390,5272295,5875390,1502903,981130,1502903,981130,17014036,17014036
25-04-2023,FII,67248,80676,1243097,1085828,855066,972737,630604,655082,62602,65100,65602,48869,3265850,2566661
26-04-2023,DII,51860,31556,57816,1421721,401,29498,0,0,0,30,112529,0,139605,1565806
26-04-2023,FII,75499,88295,1220797,1077773,914354,1095534,640986,780321,54733,59948,56852,43465,3420865,2687692
26-04-2023,Client,203105,214776,1401939,269048,3700068,4837476,3919649,4767545,964165,504765,682374,536386,11611518,10389777
26-04-2023,TOTAL,372557,372557,3002620,3002620,5691122,7129289,5691122,7129289,1423790,963590,1423790,963590,18582968,18582968
26-04-2023,Pro,42093,37930,322068,234078,1076300,1166781,1130488,1581424,404892,398847,572035,383739,3410981,3939693
27-04-2023,Pro,28770,28682,269556,156242,564370,688347,640221,789342,134231,183794,250502,119586,1869068,1984574
27-04-2023,DII,51390,26556,45089,1365195,401,20898,0,0,0,30,10979,0,117808,1402730
27-04-2023,Client,147954,152842,1311721,223262,1665176,2061349,1828938,2228758,485160,225035,351468,289608,5896395,5074875
27-04-2023,FII,47290,67324,1150532,1032199,525476,542335,286264,294830,6099,9396,12541,9061,2281128,1702219
27-04-2023,TOTAL,275404,275404,2776898,2776898,2755422,3312929,2755422,3312929,625490,418255,625490,418255,10164398,10164398
28-04-2023,TOTAL,293553,293553,2803111,2803111,4109082,5384793,4109082,5384793,799540,538565,799540,538565,13928644,13928644
28-04-2023,Pro,30599,28041,279383,165637,862779,1033806,806802,1226831,205536,229879,323295,173773,2641982,2724378
28-04-2023,Client,157530,162601,1311651,227864,2552115,3507869,2848264,3576478,571011,284795,426303,343766,8384971,7585275
28-04-2023,FII,54105,72355,1166606,1036687,693788,822220,454017,581485,22993,23861,29525,21026,2783573,2195095
28-04-2023,DII,51319,30556,45471,1372923,401,20898,0,0,0,30,20417,0,118119,1423896
02-05-2023,FII,76792,73326,1175795,1026862,712182,810618,506619,536305,25700,28202,36065,22092,2829289,2201269
02-05-2023,Pro,31335,32001,281710,177626,948576,1029431,1058666,1220773,238262,255679,371914,206956,2784993,3067935
02-05-2023,Client,154615,174182,1315845,238909,3297649,3524751,3393523,3628621,641690,319124,467159,373987,9253674,8276380
02-05-2023,DII,50328,33561,46216,1376169,401,20898,0,0,0,30,30514,0,117873,1440244
02-05-2023,TOTAL,313070,313070,2819566,2819566,4958807,5385698,4958807,5385698,905652,603035,905652,603035,14985828,14985828
03-05-2023,FII,69645,82136,1166024,1032684,760320,914205,506307,600763,29132,34111,41655,25694,2973437,2289239
03-05-2023,Pro,34633,31675,289345,182404,1074052,1164306,1193736,1348875,268831,285955,428129,230287,3117122,3415105
03-05-2023,Client,159819,170035,1331344,243065,3817550,3842055,3952280,3991827,735918,342768,522596,406883,10229454,9286685
03-05-2023,TOTAL,314550,314550,2834347,2834347,5652322,5941464,5652322,5941464,1033881,662864,1033881,662864,16439428,16439428
03-05-2023,DII,50453,30704,47634,1376194,401,20898,0,0,0,30,41501,0,119416,1448399
04-05-2023,Client,171550,181074,1346291,255727,1746893,2348432,1921152,2506932,778838,380113,559514,433361,6772117,5857759
04-05-2023,FII,70769,78879,1163142,1030756,454798,634312,248843,375058,33657,35632,46104,29151,2392310,1808791
04-05-2023,DII,50692,31204,48632,1376246,401,20960,0,0,0,30,55757,0,120715,1463207
04-05-2023,TOTAL,326233,326233,2854530,2854530,2866122,3920672,2866122,3920672,1116728,724000,1116728,724000,11808285,11808285
04-05-2023,Pro,33222,35076,296465,191801,664031,916969,696128,1038683,304233,308225,455353,261488,2523145,2678529
05-05-2023,FII,73061,88848,1164431,1062001,972012,910111,716714,508169,36765,41654,53797,34990,3198034,2464519
05-05-2023,Pro,32276,35539,310252,203631,1291912,1065379,1665659,1059055,337934,356415,526577,292259,3394168,3782720
05-05-2023,TOTAL,331543,331543,2892650,2892650,6700876,4659467,6700876,4659467,1265750,795728,1265750,795728,16646014,16646014
05-05-2023,DII,50680,27101,50238,1374066,401,21658,0,0,0,30,76469,0,123007,1477636
05-05-2023,Client,175526,180055,1367729,252952,4436552,2662320,4318504,3092244,891051,397629,608907,468479,9930807,8921140
08-05-2023,TOTAL,348394,348394,2909923,2909923,6465886,6381233,6465886,6381233,1313955,857820,1313955,857820,18277211,18277211
08-05-2023,Client,178117,189538,1358752,259600,4292713,4156784,4337751,4205354,906225,454930,630281,488385,11347521,10110908
08-05-2023,Pro,37662,34570,308059,219843,1301071,1305486,1460047,1528480,367721,359945,541062,329671,3679944,4113673
08-05-2023,DII,48180,37401,51039,1382137,401,26090,0,0,0,30,86300,0,125740,1505838
08-05-2023,FII,84435,86885,1192073,1048343,871702,892874,668089,647400,40009,42915,56312,39764,3124008,2546793
09-05-2023,DII,47984,39480,51296,1379267,401,26090,0,0,0,30,88391,0,125801,1507138
09-05-2023,Client,177099,191250,1359455,259489,4390817,3557525,4306300,3730042,966243,461999,659434,501854,10913138,9648368
09-05-2023,TOTAL,353972,353972,2921745,2921745,6343501,5587729,6343501,5587729,1384810,886963,1384810,886963,17478720,17478720
09-05-2023,Pro,44000,30659,305912,221647,1125464,1158486,1384331,1278282,376398,377969,572721,343467,3388229,3831107
09-05-2023,FII,84889,92583,1205082,1061342,826820,845629,652871,579406,42169,46965,64264,41642,3051554,2492108
10-05-2023,DII,47812,37343,52600,1379440,401,53134,0,0,0,30,95495,0,153977,1512278
10-05-2023,FII,89266,93449,1217163,1071163,817262,935307,587794,675967,48506,51277,68918,45886,3158781,2543177
10-05-2023,Client,179906,192479,1360372,262824,4281167,4197795,4403517,4268122,1009204,485775,689454,520887,11514219,10337282
10-05-2023,Pro,37889,31602,307111,223819,1154605,1214009,1262124,1456156,388641,388009,592484,358318,3490264,3924503
10-05-2023,TOTAL,354873,354873,2937246,2937246,6253434,6400244,6253434,6400244,1446351,925091,1446351,925091,18317239,18317239
11-05-2023,FII,90266,101265,1246256,1096078,571532,700629,306354,410120,53013,55965,74325,51403,2717661,2039545
11-05-2023,TOTAL,376840,376840,2992144,2992144,3143634,3751894,3143634,3751894,1538801,986646,1538801,986646,12789959,12789959
11-05-2023,Client,198724,195674,1375223,271480,1872337,2120745,2098763,2395572,1070861,522235,738562,543031,7160125,6243081
11-05-2023,DII,47664,40283,53184,1387230,401,73084,0,0,0,30,102099,0,174363,1529612
11-05-2023,Pro,40186,39618,317481,237356,699365,857437,738518,946203,414927,408416,623815,392212,2737812,2977722
12-05-2023,TOTAL,373213,373213,2995018,2995018,4591568,5796606,4591568,5796606,1637679,1023527,1637679,1023527,16417611,16417611
12-05-2023,DII,47664,41142,53090,1387571,401,73084,0,0,0,30,103610,0,174269,1532323
12-05-2023,Pro,38363,38369,328355,235162,1005397,1209691,991970,1400850,429191,427411,670359,402886,3438408,3739595
12-05-2023,FII,85811,100250,1240398,1093494,766830,897414,480564,640882,57916,57905,78017,54729,3106274,2447936
12-05-2023,Client,201375,193452,1373175,278791,2818941,3616417,3119035,3754875,1150572,538181,785693,565912,9698661,8697757
15-05-2023,DII,47664,47733,55325,1393079,401,73984,0,0,0,30,106842,0,177404,1547654
15-05-2023,FII,96229,96621,1245218,1089799,873386,1096586,561921,835859,57803,59885,80275,55933,3429107,2720408
15-05-2023,TOTAL,387823,387823,2991126,2991126,5495366,7517784,5495366,7517784,1678248,1052597,1678248,1052597,19122944,19122944
15-05-2023,Client,198544,202747,1362687,270245,3515576,4892809,3745803,4820906,1178068,563228,806363,572583,11710912,10418646
15-05-2023,Pro,45386,40722,327896,238003,1106004,1454405,1187643,1861020,442377,429454,684768,424081,3805522,4436236
16-05-2023,DII,47664,43933,56661,1391962,401,73984,0,0,0,30,113197,0,178740,1549092
16-05-2023,FII,99886,104214,1245933,1090803,885701,935678,664852,685243,59523,62577,82063,56122,3289298,2683297
16-05-2023,Client,202505,202143,1359342,277001,4270123,3794295,4248145,3996827,1220335,561278,819358,586421,11407878,10129894
16-05-2023,TOTAL,392810,392810,2998462,2998462,6186445,5933806,6186445,5933806,1727576,1071847,1727576,1071847,18310946,18310946
16-05-2023,Pro,42755,42520,336526,238696,1030221,1129849,1273449,1251737,447718,447962,712958,429304,3435031,3948663
17-05-2023,DII,48131,37933,57088,1390754,401,97954,0,0,0,30,113882,0,203604,1542569
17-05-2023,FII,97773,108257,1234034,1106736,931513,940915,776110,647095,58606,65422,80364,52435,3328263,2770997
17-05-2023,Pro,34810,43991,348064,232715,1234855,1169892,1531593,1268547,441848,459715,742920,416554,3689184,4236319
17-05-2023,Client,195551,186084,1364405,273386,5144293,3810906,5003359,4104026,1271469,535599,834757,591777,12322223,10993388
17-05-2023,TOTAL,376265,376265,3003591,3003591,7311061,6019667,7311061,6019667,1771923,1060766,1771923,1060766,19543273,19543273
18-05-2023,Pro,35851,42941,364060,239777,723959,780357,898332,853412,435089,465713,769439,404568,2805029,3208468
18-05-2023,Client,196887,194981,1369383,268048,2350399,1901467,2480059,2266238,1325621,519543,856037,596574,7663300,6661936
18-05-2023,TOTAL,383127,383127,3033787,3033787,3775079,3532050,3775079,3532050,1823915,1053231,1823915,1053231,13601189,13601189
18-05-2023,FII,102277,106183,1241764,1131059,700321,752272,396689,412401,63193,67945,84671,52089,2927772,2183092
18-05-2023,DII,48112,39022,58580,1394903,401,97954,0,0,12,30,113768,0,205089,1547693
19-05-2023,DII,48009,37022,58742,1413288,401,97954,0,0,12,30,116214,0,205148,1566524
19-05-2023,TOTAL,379679,379679,3045483,3045483,4735591,5019681,4735591,5019681,1772167,1043599,1772167,1043599,15996200,15996200
19-05-2023,FII,100044,109936,1264640,1121391,744270,838118,468901,524834,64657,66303,78429,52112,3078032,2355603
19-05-2023,Client,197762,191226,1360355,261791,3083719,3103359,3345610,3410413,1258938,518791,836110,586285,9522924,8631434
19-05-2023,Pro,33864,41495,361746,249013,907202,980250,921081,1084435,448560,458475,741414,405202,3190097,3442639
22-05-2023,DII,48746,43940,58340,1423325,401,97954,0,0,12,30,117140,0,205483,1584405
22-05-2023,FII,106261,114537,1278223,1109851,959142,963099,690743,672887,65107,68049,77511,51969,3439881,2717498
22-05-2023,TOTAL,391908,391908,3047585,3047585,6184447,6314352,6184447,6314352,1693511,1053943,1693511,1053943,18685746,18685746
22-05-2023,Client,198124,191162,1352066,254549,4108758,4022717,4197255,4208291,1169122,532487,793601,581262,11383274,10226119
22-05-2023,Pro,38777,42269,358956,259860,1116147,1230582,1296450,1433175,459270,453377,705259,420712,3657109,4157724
23-05-2023,TOTAL,406659,406659,3042518,3042518,5485949,6034751,5485949,6034751,1654855,1055155,1654855,1055155,17679887,17679887
23-05-2023,DII,49229,44458,58068,1427478,401,97954,0,0,12,30,117448,0,205694,1589384
23-05-2023,FII,117062,116896,1279761,1093249,854163,983164,578964,694210,64420,65301,77253,51899,3363871,2612471
23-05-2023,Pro,40443,47291,365425,261829,953734,1093133,1042493,1296415,467227,467404,694482,425389,3387366,3767898
23-05-2023,Client,199925,198014,1339264,259962,3677652,3860500,3864493,4044127,1123196,522420,765672,577867,10722957,9710134
24-05-2023,Client,195817,194626,1330133,248337,4835461,3864102,4768849,4173561,1049635,484189,711720,553199,11759337,10650291
24-05-2023,FII,117321,121519,1281755,1094696,952637,1005247,712309,684798,51423,57024,68624,47571,3465407,2729517
24-05-2023,DII,49229,47769,60947,1431260,401,97654,0,0,0,30,110532,0,208261,1589561
24-05-2023,Pro,46823,45276,362895,261437,1192486,1164686,1499827,1273331,459858,477949,670040,418422,3704697,4168332
24-05-2023,TOTAL,409190,409190,3035730,3035730,6980984,6131689,6980984,6131689,1560916,1019192,1560916,1019192,19137701,19137701
25-05-2023,Client,129233,147985,1263291,208281,1944537,1786518,2111217,2109812,504549,206375,339352,295242,5834503,5211888
25-05-2023,FII,71613,52826,1224415,1068483,555136,543169,338968,334548,6414,10384,15927,9588,2411131,1820340
25-05-2023,Pro,28275,33623,301677,154012,680573,812438,730462,796245,130693,205677,283276,117606,2159333,2115223
25-05-2023,DII,50729,45416,49478,1408085,401,98479,0,0,0,0,3101,0,199087,1456602
25-05-2023,TOTAL,279850,279850,2838861,2838861,3180646,3240604,3180646,3240604,641656,422436,641656,422436,10604053,10604053
26-05-2023,FII,84490,52581,1253203,1075563,800406,820433,492012,590027,24792,28454,36443,23639,3011778,2270265
26-05-2023,TOTAL,302738,302738,2874837,2874837,4640202,5979784,4640202,5979784,822513,548200,822513,548200,15168274,15168274
26-05-2023,DII,50729,51416,50001,1418436,401,98479,0,0,0,0,10134,0,199610,1479986
26-05-2023,Client,139779,164841,1264679,216085,2756094,3768572,3137944,3886782,592125,268254,420250,345461,8789503,8171362
26-05-2023,Pro,27740,33900,306954,164753,1083302,1292300,1010247,1502976,205596,251492,355686,179100,3167384,3246661
29-05-2023,TOTAL,305786,305786,2887777,2887777,5790794,6934194,5790794,6934194,929628,617256,929628,617256,17465435,17465435
29-05-2023,DII,50729,56416,50240,1423606,401,98479,0,0,0,0,17561,0,199849,1497583
29-05-2023,Pro,29478,29285,304353,174824,1133013,1433733,1287848,1719959,240718,277987,397184,206891,3419282,3815990
29-05-2023,Client,138172,162314,1258974,222051,3846148,4554906,3912876,4559236,660025,305465,470752,382126,10763690,9709354
29-05-2023,FII,87407,57771,1274210,1067296,811233,847076,590071,655000,28885,33804,44131,28239,3082615,2442508
30-05-2023,DII,50748,56416,50329,1428317,401,98479,0,0,0,0,24279,0,199957,1509012
30-05-2023,FII,91417,59024,1275335,1080579,783575,793353,523937,630258,32877,37222,50340,32158,3013779,2376296
30-05-2023,TOTAL,316602,316602,2911118,2911118,5097489,6511391,5097489,6511391,1016753,670922,1016753,670922,16524275,16524275
30-05-2023,Client,143027,169833,1270930,225487,3317651,4398822,3558760,4388050,716504,327847,512264,411107,10174781,9265500
30-05-2023,Pro,31410,31329,314524,176735,995863,1220737,1014793,1493084,267372,305853,429870,227657,3135759,3373467
31-05-2023,TOTAL,306180,306180,2974218,2974218,6800823,6178602,6800823,6178602,1135220,723119,1135220,723119,18118162,18118162
31-05-2023,FII,73269,62628,1288597,1110123,945203,952205,681709,635383,36255,43188,58558,35822,3338717,2584223
31-05-2023,Client,146500,161448,1291896,226095,4590116,3833254,4678035,4171395,804395,334555,556220,438640,11000716,10231832
31-05-2023,Pro,35625,30688,341612,194458,1265104,1294664,1441080,1371825,294570,345376,477504,248657,3576951,3764211
31-05-2023,DII,50786,51416,52113,1443542,401,98479,0,0,0,0,42938,0,201779,1537896
01-06-2023,Pro,33576,28109,346149,190148,873328,897319,1081731,914537,317291,372843,512562,273328,2840506,3000414
01-06-2023,DII,50808,44416,55289,1449996,401,93826,0,0,0,0,61174,0,200324,1555586
01-06-2023,FII,62412,74464,1293390,1121491,584609,611704,377077,311830,38499,46155,65486,40470,2636769,1990818
01-06-2023,TOTAL,301308,301308,2997335,2997335,4055384,3441398,4055384,3441398,1227196,779228,1227196,779228,12801849,12801849
01-06-2023,Client,154512,154319,1302507,235700,2597047,1838549,2596577,2215032,871406,360230,587974,465430,7124251,6255031
02-06-2023,Pro,31649,32675,341321,197577,1115217,1134719,1258675,1133372,340328,384068,528013,294067,3347302,3444378
02-06-2023,TOTAL,309050,309050,2992653,2992653,5644329,4870125,5644329,4870125,1289745,825471,1289745,825471,15931373,15931373
02-06-2023,DII,50244,46889,56533,1463141,401,89826,0,0,0,0,73756,0,197004,1583786
02-06-2023,FII,68557,75630,1293156,1086933,878275,815999,565118,478594,42007,48218,68597,44573,3146212,2319445
02-06-2023,Client,158600,153856,1301643,245002,3650437,2829581,3820537,3258160,907410,393185,619379,486831,9240856,8583764
05-06-2023,Client,157733,156282,1304803,256656,4289961,3742577,4470189,4041373,972185,426026,653095,510313,10893285,10087907
05-06-2023,TOTAL,314668,314668,3000334,3000334,6575407,6018560,6575407,6018560,1378325,882649,1378325,882649,18169943,18169943
05-06-2023,DII,50299,48996,60429,1469207,401,87419,0,0,0,0,82798,0,198548,1601001
05-06-2023,Pro,32091,35220,342669,205158,1300661,1269440,1454075,1369837,361232,406521,568178,323960,3712614,3956427
05-06-2023,FII,74545,74170,1292433,1069313,984385,919124,651144,607351,44908,50102,74254,48376,3365497,2524608
06-06-2023,TOTAL,309193,309193,3029440,3029440,5557441,5529533,5557441,5529533,1468979,937770,1468979,937770,16832356,16832356
06-06-2023,Pro,31260,37655,355489,216336,1141251,1109512,1073593,1169310,384023,431050,612943,350190,3452585,3460026
06-06-2023,FII,61134,71216,1293510,1071261,783193,796364,517565,508168,47898,51397,78004,51780,3033496,2297994
06-06-2023,Client,166877,155326,1318474,272254,3632597,3535039,3966284,3852056,1037058,455323,689091,535800,10145367,9470811
06-06-2023,DII,49922,44996,61967,1469589,401,88619,0,0,0,0,88941,0,200909,1603526
07-06-2023,Pro,30575,38900,348829,217449,1263031,1386323,1196958,1654302,407240,430122,614476,374028,3866120,4096112
07-06-2023,DII,51062,46762,63106,1474410,401,88619,0,0,0,0,94425,0,203188,1615597
07-06-2023,Client,170446,164918,1313408,282325,3859721,4715525,4230120,4773079,1034916,492852,703272,547465,11586867,10701179
07-06-2023,FII,75467,76970,1310935,1062094,937249,970969,633324,734055,50913,53057,80896,54538,3398590,2641877
07-06-2023,TOTAL,327550,327550,3036278,3036278,6060401,7161435,6060401,7161435,1493069,976031,1493069,976031,19054764,19054764
08-06-2023,Client,170872,167244,1313185,284003,2513635,2024267,2613452,2381220,1127452,478938,728887,562027,7628348,6736833
08-06-2023,Pro,36835,38598,352848,210854,910355,873590,1054998,887672,409852,461407,676758,378750,3044887,3247629
08-06-2023,FII,80924,86969,1298389,1065846,640355,686182,396296,406766,54394,60115,87600,59683,2820359,2103160
08-06-2023,DII,51062,46882,64568,1468287,401,91619,0,0,0,0,98453,0,207650,1613622
08-06-2023,TOTAL,339693,339693,3028990,3028990,4064745,3675657,4064745,3675657,1591698,1000460,1591698,1000460,13701243,13701243
09-06-2023,DII,51091,40856,61947,1468402,401,91619,0,0,0,0,107792,0,205058,1617050
09-06-2023,Client,175470,169195,1328930,289694,4069891,2713673,4092842,3300165,1233316,488079,774116,583724,10009359,9209735
09-06-2023,FII,74217,86797,1297166,1084135,843503,846724,636979,455020,56489,61252,93527,59871,3179351,2416329
09-06-2023,TOTAL,336944,336944,3057232,3057232,6029963,4802200,6029963,4802200,1708679,1031989,1708679,1031989,16967007,16967007
09-06-2023,Pro,36166,40096,369189,215001,1116169,1150184,1300143,1047016,418874,482658,733244,388394,3573240,3723893
12-06-2023,TOTAL,330318,330318,3063730,3063730,7162776,5959016,7162776,5959016,1728757,1053927,1728757,1053927,19298524,19298524
12-06-2023,FII,72725,74824,1302914,1080453,1014057,919305,735035,590044,57629,62624,98177,62132,3429254,2640665
12-06-2023,Pro,33224,40075,367986,216905,1322203,1277649,1554713,1310891,426833,474421,727382,403747,3902316,4253712
12-06-2023,DII,51091,41790,60852,1482131,401,91619,0,0,0,0,115989,0,203963,1639910
12-06-2023,Client,173278,173629,1331978,284241,4826116,3670443,4873029,4058082,1244295,516882,787209,588048,11762992,10764237
13-06-2023,Client,174674,167743,1335249,287344,3648390,3699172,4033694,3959497,1237922,548790,796533,594299,10644197,9839109
13-06-2023,DII,52211,44290,62403,1486171,401,92359,0,0,0,0,119500,0,207374,1649961
13-06-2023,FII,76969,72680,1313422,1076437,843944,832437,540061,539678,61713,63653,101460,65530,3192138,2395846
13-06-2023,Pro,26140,45281,364140,225262,1136670,1142999,1055650,1267793,441842,470313,723984,422927,3582104,3740896
13-06-2023,TOTAL,329994,329994,3075214,3075214,5629404,5766967,5629404,5766967,1741477,1082756,1741477,1082756,17625812,17625812
14-06-2023,Pro,25561,45976,365544,228975,1286426,1303130,1365587,1453272,456284,471605,734628,434259,3908550,4262696
14-06-2023,DII,54793,43965,68724,1483953,401,95359,0,0,0,0,124383,0,219277,1652301
14-06-2023,Client,172749,175678,1335800,285944,4448497,4255014,4670155,4488205,1258829,570079,813857,606081,12040968,11039919
14-06-2023,FII,88187,75671,1319144,1090340,1064118,1000356,763700,712383,62435,66664,104680,68008,3600904,2814782
14-06-2023,TOTAL,341290,341290,3089212,3089212,6799441,6653859,6799441,6653859,1777548,1108348,1777548,1108348,19769698,19769698
15-06-2023,DII,54826,41978,71225,1480240,401,96559,0,0,0,0,125365,0,223011,1647583
15-06-2023,FII,90358,84528,1323482,1113840,651074,712902,443905,411768,66082,69649,108963,70174,2913547,2233178
15-06-2023,TOTAL,353673,353673,3111220,3111220,4257571,3806327,4257571,3806327,1845203,1127724,1845203,1127724,14501718,14501718
15-06-2023,Pro,33222,46304,368725,230068,867259,899534,1012608,920696,462100,490144,764266,442432,3120984,3416373
15-06-2023,Client,175267,180863,1347788,287072,2738838,2097332,2801059,2473864,1317021,567931,846609,615118,8244177,7204584
16-06-2023,Client,174231,184464,1354906,292274,3119134,3672072,3472102,3884855,1308307,603392,859215,627406,10232042,9320315
16-06-2023,FII,98720,80335,1345743,1112478,883592,958290,612164,704799,68625,69377,106893,71140,3424347,2687809
16-06-2023,TOTAL,358546,358546,3139404,3139404,5064612,5878811,5064612,5878811,1864209,1162718,1864209,1162718,17468300,17468300
16-06-2023,DII,54857,46964,74964,1488059,401,96559,0,0,90,0,127306,0,226871,1662329
16-06-2023,Pro,30738,46783,363791,246593,1061486,1151890,980347,1289158,487187,489949,770795,464172,3585041,3797847
19-06-2023,DII,54748,45614,75623,1492958,401,96559,0,0,222,0,127802,0,227553,1666374
19-06-2023,Pro,33628,42217,379899,247893,1199974,1204971,1449013,1278066,477442,501710,821399,458660,3797624,4297247
19-06-2023,TOTAL,358300,358300,3161660,3161660,7042426,6224137,7042426,6224137,1955746,1172277,1955746,1172277,19914546,19914546
19-06-2023,Client,178837,183596,1372947,292999,4934047,3972938,4916626,4292214,1407531,597016,891120,639702,12463316,11216256
19-06-2023,FII,91087,86873,1333191,1127810,908005,949669,676788,653858,70551,73551,115425,73915,3426054,2734669
20-06-2023,Pro,30664,52541,387348,320630,1065172,1127373,994690,1248836,477811,500529,814255,456480,3588897,3887431
20-06-2023,TOTAL,357587,357587,3177013,3177013,5660993,5971824,5660993,5971824,1952944,1174793,1952944,1174793,18295154,18295154
20-06-2023,DII,53339,45614,77211,1423709,401,96559,0,0,222,0,129022,0,227732,1598345
20-06-2023,Client,183657,176505,1378577,298185,3890565,3977588,4148427,4153182,1400237,600100,893719,642418,11430724,10312435
20-06-2023,FII,89927,82927,1333877,1134489,704856,770304,517877,569807,74674,74164,115948,75895,3047802,2496943
21-06-2023,Pro,33657,50407,399228,260981,1253091,1278555,1252042,1524631,482814,509281,845394,459851,3956626,4393306
21-06-2023,DII,53409,49124,76863,1483367,401,96559,0,0,222,0,129156,0,227454,1661647
21-06-2023,TOTAL,355665,355665,3197929,3197929,6565275,7100807,6565275,7100807,1991768,1182915,1991768,1182915,20394359,20394359
21-06-2023,Client,180795,177342,1382980,304500,4501166,4862030,4674424,4865475,1432065,599087,899926,650330,12958123,11571996
21-06-2023,FII,87804,78792,1338858,1149081,810618,863664,638810,710702,76667,74547,117292,72734,3252158,2767411
22-06-2023,TOTAL,368361,368361,3202354,3202354,3829201,3903588,3829201,3903588,2001607,1149777,2001607,1149777,14454888,14454888
22-06-2023,DII,53409,50919,76220,1476655,401,97759,0,0,222,0,129431,0,228011,1657005
22-06-2023,Client,185454,186910,1391590,291777,2379428,2228940,2541577,2551690,1459922,560951,900660,646878,8206285,7119491
22-06-2023,Pro,35572,48806,407714,259290,797531,865392,881051,931683,464484,511892,854044,432053,3082585,3406927
22-06-2023,FII,93926,81726,1326830,1174632,651842,711498,406574,420216,76979,76934,117472,70846,2938009,2271466
23-06-2023,FII,91127,81705,1341495,1185452,879340,939324,617451,558218,71225,79440,114231,68107,3401951,2625164
23-06-2023,Client,181323,178087,1384057,287755,3974057,3219306,4053820,3635736,1489980,532278,900143,636876,10781001,9692416
23-06-2023,Pro,32218,53367,413754,271864,1017889,1111746,1200416,1108737,456919,507661,874629,414396,3540187,3923409
23-06-2023,DII,53410,44919,77037,1471272,401,32315,0,0,222,0,129343,0,163385,1645534
23-06-2023,TOTAL,358078,358078,3216343,3216343,5871686,5302690,5871686,5302690,2018346,1119379,2018346,1119379,17886522,17886522
26-06-2023,Pro,36760,53554,397107,271945,1255070,1264944,1445514,1327693,447150,487155,818841,415313,3888186,4332860
26-06-2023,Client,179417,180816,1375558,281196,4827236,3997402,4861608,4275521,1413467,536926,872884,625578,12330006,11097602
26-06-2023,TOTAL,363650,363650,3204169,3204169,7021278,6241836,7021278,6241836,1926201,1100598,1926201,1100598,19857732,19857732
26-06-2023,DII,54054,47306,78168,1485043,401,35257,0,0,202,0,129190,0,168082,1661539
26-06-2023,FII,93419,81974,1353336,1165985,938572,944234,714157,638623,65382,76517,105286,59707,3471460,2765732
27-06-2023,FII,135532,88624,1370304,1159954,887360,1080793,557801,731648,47813,58347,76462,42935,3580149,2657424
27-06-2023,Pro,35165,78531,382315,271932,1092326,1203715,976746,1505442,440643,471527,707942,401219,3625691,3941812
27-06-2023,TOTAL,418811,418811,3183056,3183056,5343683,7009147,5343683,7009147,1656390,1012178,1656390,1012178,18623265,18623265
27-06-2023,Client,193154,200182,1351164,277164,3363597,4689425,3809137,4772058,1167934,482304,746146,568024,11247578,10372710
27-06-2023,DII,54960,51474,79273,1474006,401,35215,0,0,0,0,125840,0,169849,1651320
28-06-2023,Client,160220,191966,1272994,230115,1658364,2517981,1957406,2595932,511304,194115,339454,289557,6314977,5604429
28-06-2023,Pro,35749,57839,307355,153753,670663,817560,631489,943851,129266,198749,295383,108064,2159342,2190378
28-06-2023,TOTAL,362370,362370,2899605,2899605,2842501,3959584,2842501,3959584,647266,403414,647266,403414,11114739,11114739
28-06-2023,DII,52912,55176,73920,1416093,0,18406,0,0,0,0,990,0,145238,1472259
28-06-2023,FII,113489,57389,1245336,1099644,513474,605638,253607,419802,6696,10550,11439,5793,2495183,1847673
30-06-2023,Pro,40807,64542,317751,170277,1077129,1298683,956125,1643438,214060,273987,395327,183577,3222417,3413286
30-06-2023,FII,130505,58072,1264598,1098513,747661,936860,475984,774201,24676,27436,32748,22735,3131736,2462253
30-06-2023,DII,53778,55176,80576,1427785,0,17406,0,0,0,0,10250,0,151760,1493211
30-06-2023,TOTAL,406377,406377,2950447,2950447,4648252,6875428,4648252,6875428,870425,560948,870425,560948,16311877,16311877
30-06-2023,Client,181287,228587,1287522,253872,2823462,4622480,3216143,4457790,631689,259525,432100,354636,9805964,8943128
03-07-2023,Pro,42996,68151,325106,181657,1285688,1569191,1450268,2043597,260133,314585,464056,215861,3797699,4423590
03-07-2023,FII,133559,56169,1261960,1094239,903247,1005238,612766,800714,28657,31877,42142,28845,3364538,2634875
03-07-2023,Client,194914,250211,1295952,266619,4082293,5624096,4208195,5371619,718950,291541,487733,393297,12207746,10977674
03-07-2023,DII,53728,50666,89956,1430459,0,17406,0,0,0,0,13809,0,161090,1494934
03-07-2023,TOTAL,425197,425197,2972974,2972974,6271229,8215931,6271229,8215931,1007740,638003,1007740,638003,19531073,19531073
04-07-2023,Pro,43611,64848,333126,189240,1107570,1351441,1082106,1677741,295297,353008,510125,244983,3484053,3769043
04-07-2023,Client,191149,262493,1301458,267294,3326556,4963300,3653779,4907151,786871,320451,535597,430013,10889785,10056327
04-07-2023,DII,53717,50901,95258,1423876,0,17406,0,0,0,0,20491,0,166381,1495268
04-07-2023,TOTAL,435856,435856,2986191,2986191,5212254,7346058,5212254,7346058,1113678,708370,1113678,708370,17802407,17802407
04-07-2023,FII,147379,57614,1256349,1105781,778127,1013912,476369,761166,31510,34911,47465,33374,3262188,2481769
05-07-2023,DII,53517,50983,98000,1429600,0,27703,0,0,0,0,33302,0,179220,1513885
05-07-2023,Client,188145,263844,1310541,277857,4376290,5405878,4470158,5301754,861490,355720,592494,468735,12498064,11374842
05-07-2023,FII,152548,58178,1257849,1104607,779765,983322,559889,780845,36510,38900,57491,39071,3248894,2600081
05-07-2023,TOTAL,435924,435924,3008275,3008275,6416912,7812461,6416912,7812461,1238292,781351,1238292,781351,19693214,19693214
05-07-2023,Pro,41714,62919,341885,196211,1260856,1395558,1386865,1729861,340292,386731,555005,273545,3767036,4204406
06-07-2023,Pro,43818,71616,341121,211373,907974,1085204,844102,1185789,380538,404901,597596,299600,3163556,3210076
06-07-2023,DII,54327,53958,97802,1439877,0,42606,0,0,0,0,57223,0,194735,1551058
06-07-2023,FII,162973,60145,1282742,1088093,542479,696458,325219,478080,41721,40606,66670,46391,2766979,2064598
06-07-2023,TOTAL,464551,464551,3034424,3034424,3533855,4543344,3533855,4543344,1348910,833044,1348910,833044,13758128,13758128
06-07-2023,Client,203433,278832,1312759,295081,2083402,2719077,2364535,2879475,926651,387537,627421,487053,7632858,6932396
07-07-2023,FII,157829,66225,1270955,1108919,1045660,918096,666288,543252,45375,46995,77587,51470,3484911,2513740
07-07-2023,TOTAL,446196,446196,3055644,3055644,6770109,5473202,6770109,5473202,1483179,878486,1483179,878486,18106816,18106816
07-07-2023,Pro,39952,60983,353653,210837,1305009,1307537,1377137,1168254,388975,442817,663364,309046,3837943,3789621
07-07-2023,DII,53050,58471,98179,1451002,0,44106,0,0,0,0,67904,0,195335,1577377
07-07-2023,Client,195365,260517,1332857,284886,4419439,3203463,4726684,3761697,1048829,388674,674324,517970,10588627,10226078
10-07-2023,Client,191390,259554,1351431,289760,5103660,3854411,5061340,4215432,1139090,413918,714455,543377,12053900,11083918
10-07-2023,DII,51272,58471,98633,1461005,0,44520,0,0,0,0,89897,0,194425,1609373
10-07-2023,TOTAL,438185,438185,3085985,3085985,7416735,6173325,7416735,6173325,1596669,927402,1596669,927402,19638301,19638301
10-07-2023,Pro,40049,59269,369705,218349,1394909,1344070,1597101,1359447,409988,462096,710325,330331,4020817,4274822
10-07-2023,FII,155474,60891,1266216,1116871,918165,930324,758294,598446,47591,51388,81992,53694,3369159,2670187
11-07-2023,DII,50048,56726,102981,1459809,0,44520,0,0,0,0,95833,0,197549,1612368
11-07-2023,Pro,41565,60755,377636,223953,1242624,1202642,1358380,1221168,426832,470508,713600,356517,3761807,3934373
11-07-2023,TOTAL,436861,436861,3105174,3105174,6484786,5766341,6484786,5766341,1630813,974315,1630813,974315,18398290,18398290
11-07-2023,Client,191078,259803,1356776,289894,4334931,3567030,4461976,3908444,1153730,451473,740124,562062,11055018,10222303
11-07-2023,FII,154170,59577,1267781,1131518,907231,952149,664430,636730,50251,52334,81256,55736,3383916,2629247
12-07-2023,FII,155977,59943,1263784,1161620,1032932,1021936,821845,678815,53108,57199,86723,61197,3584936,2870143
12-07-2023,Client,176867,249979,1380793,281951,5387439,3833127,5283806,4204517,1227725,477164,770815,588220,12483115,11379288
12-07-2023,Pro,42230,57229,391427,223565,1409199,1322095,1723919,1338346,438148,496443,759154,381389,4099542,4483602
12-07-2023,DII,48758,56681,103294,1472162,0,44520,0,0,0,0,102289,0,196572,1631132
12-07-2023,TOTAL,423832,423832,3139298,3139298,7829570,6221678,7829570,6221678,1718981,1030806,1718981,1030806,20364165,20364165
13-07-2023,Client,171913,242722,1377645,269510,2605416,2281703,2801680,2621679,1266667,476717,789531,590421,8180061,7315543
13-07-2023,Pro,42536,49667,389819,219881,1010689,1044881,1098980,1066288,444159,500019,786102,383410,3432103,3604328
13-07-2023,TOTAL,418804,418804,3120142,3120142,4351544,4186483,4351544,4186483,1766334,1035436,1766334,1035436,14878743,14878743
13-07-2023,FII,155754,69274,1246145,1182545,735439,815379,450884,498516,55508,58700,88783,61605,3066925,2351607
13-07-2023,DII,48601,57141,106533,1448206,0,44520,0,0,0,0,101918,0,199654,1607265
14-07-2023,Pro,35098,52845,379169,229973,1257033,1311213,1071819,1333454,464076,482103,773950,399746,3928693,3861786
14-07-2023,Client,179324,237060,1355142,280175,3280904,3686126,3680618,3927995,1260833,520422,811458,598982,10282750,9536288
14-07-2023,DII,49027,62141,118080,1452790,0,44520,0,0,0,0,106520,0,211627,1621451
14-07-2023,TOTAL,417012,417012,3119925,3119925,5299658,5853803,5299658,5853803,1780549,1062168,1780549,1062168,17533115,17533115
14-07-2023,FII,153563,64966,1267534,1156987,761721,811944,547221,592355,55640,59643,88621,63440,3110045,2513590
17-07-2023,DII,49780,69066,122496,1456974,0,40520,0,0,0,0,109117,0,212796,1635157
17-07-2023,FII,158035,66924,1257967,1147809,880626,1111764,607984,904879,58921,61598,93552,66426,3528911,2887574
17-07-2023,Pro,43652,68433,379171,234327,1477751,1777839,1246410,2159651,483290,498483,814732,416736,4660186,4940289
17-07-2023,TOTAL,450448,450448,3117641,3117641,5742871,8619249,5742871,8619249,1851904,1093470,1851904,1093470,20875583,20875583
17-07-2023,Client,198981,246025,1358007,278531,3384494,5689126,3888477,5554720,1309693,533389,834503,610308,12473690,11412563
18-07-2023,TOTAL,429295,429295,3136514,3136514,5904270,6893322,5904270,6893322,1881006,1116923,1881006,1116923,19361329,19361329
18-07-2023,Client,178369,240919,1354951,280344,3889105,4465914,4074249,4668837,1339728,536252,834280,620482,11764318,10719111
18-07-2023,DII,50472,69066,123727,1451168,0,44020,0,0,0,0,113221,0,218219,1633455
18-07-2023,Pro,37946,53503,390446,241316,1199889,1443248,1264393,1543177,481066,515383,835741,427968,4067978,4366097
18-07-2023,FII,162508,65807,1267390,1163686,815276,940140,565628,681308,60212,65288,97764,68473,3310814,2642666
19-07-2023,Pro,40908,58950,398770,252634,1358804,1560881,1374578,1880418,478362,517677,828842,425470,4355402,4820891
19-07-2023,TOTAL,447768,447768,3143762,3143762,6526666,8035650,6526666,8035650,1868819,1115047,1868819,1115047,21137711,21137711
19-07-2023,DII,48662,69070,125835,1449015,0,50020,0,0,0,0,110855,0,224517,1628940
19-07-2023,FII,161985,68748,1288927,1155906,883665,1030774,596875,800917,60914,65667,99189,69251,3491932,2790886
19-07-2023,Client,196213,251000,1330230,286207,4284197,5393976,4555213,5354315,1329543,531703,829933,620326,13065861,11896994
20-07-2023,Client,213480,277983,1325103,296560,2188229,3253801,2521833,3264986,1300872,516771,813039,620446,8798255,7794847
20-07-2023,DII,48424,74347,111495,1416731,0,58020,0,0,0,0,104734,0,217939,1595812
20-07-2023,Pro,51343,65245,402044,259467,1024268,1285051,981998,1521205,462394,512522,807920,409846,3737621,4045681
20-07-2023,TOTAL,491538,491538,3115081,3115081,3846218,5319126,3846218,5319126,1824434,1097385,1824434,1097385,15693782,15693782
20-07-2023,FII,178291,73963,1276439,1142323,633722,722255,342387,532935,61168,68092,98741,67093,2939967,2257442
21-07-2023,FII,169572,80832,1267702,1146373,984469,1016006,712120,697120,63665,75375,100778,66477,3576789,2803701
21-07-2023,Pro,44051,68725,431079,272294,1342378,1558704,1472113,1599596,480909,538859,887365,418330,4395979,4718423
21-07-2023,DII,48516,74343,113248,1450272,0,56020,0,0,0,0,114054,0,217784,1638669
21-07-2023,TOTAL,477382,477382,3163683,3163683,6626166,6566863,6626166,6566863,1958298,1120433,1958298,1120433,19912825,19912825
21-07-2023,Client,215243,253482,1351654,294744,4299319,3936134,4441932,4270147,1413724,506199,856101,635626,11722272,10752032
24-07-2023,Pro,40627,63082,439222,288508,1621349,1671605,1856252,1661941,488037,541515,899395,425899,4802354,5195077
24-07-2023,FII,167937,76775,1273079,1139778,1080481,1094744,916092,794865,61355,77586,99937,64686,3755182,3092134
24-07-2023,DII,48086,74349,111358,1459954,0,53520,0,0,8,228,115838,0,213200,1650141
24-07-2023,TOTAL,464560,464560,3182376,3182376,8552296,7378329,8552296,7378329,1982925,1127765,1982925,1127765,22688251,22688251
24-07-2023,Client,207910,250354,1358717,294136,5850466,4558461,5779951,4921523,1433525,508436,867755,637180,13917514,12750899
25-07-2023,FII,163055,82872,1282003,1119232,1206710,1118199,932291,685376,59944,77014,96517,61998,3906925,2978287
25-07-2023,DII,47537,74349,116046,1480882,0,53234,0,0,8,465,113442,0,217290,1668673
25-07-2023,Pro,38641,59912,422693,289219,1458831,1427319,1620764,1339737,489862,532925,840362,423129,4370270,4573123
25-07-2023,TOTAL,458780,458780,3179653,3179653,8106582,6436894,8106582,6436894,1885122,1110029,1885122,1110029,21177060,21177060
25-07-2023,Client,209547,241647,1358911,290320,5441041,3838143,5553526,4411781,1335308,499625,834801,624902,12682575,11956977
26-07-2023,TOTAL,480688,480688,3144746,3144746,8270170,7486355,8270170,7486355,1746756,1087687,1746756,1087687,22216403,22216403
26-07-2023,FII,170083,85175,1280144,1078690,1206706,1092623,976751,756620,49342,66832,80581,54636,3865730,3032453
26-07-2023,Client,222882,254605,1342363,294199,5403083,4703328,5621824,5109482,1199617,480184,770546,598185,13351457,12648840
26-07-2023,Pro,41338,66514,400084,281918,1660382,1630553,1671595,1620254,497791,540206,784296,434866,4770353,4859443
26-07-2023,DII,46385,74394,122155,1489939,0,59852,0,0,6,465,111333,0,228863,1675666
27-07-2023,Pro,33744,37068,340711,159685,1031088,1051972,1203823,943374,170809,280906,401415,151709,2909230,2897075
27-07-2023,DII,44824,74488,96413,1467805,0,23731,0,0,6,0,4396,0,164974,1546689
27-07-2023,TOTAL,406725,406725,2931795,2931795,4705555,3690788,4705555,3690788,826430,508948,826430,508948,13070241,13070241
27-07-2023,Client,214674,214927,1331771,228009,2992317,1974484,2985736,2331527,648546,214770,402645,347567,7376561,6510410
27-07-2023,FII,113483,80242,1162900,1076296,682150,640602,515996,415887,7069,13272,17974,9672,2619476,2116067
28-07-2023,FII,100929,87115,1171403,1083795,1224483,1085903,919153,636451,25167,29056,40121,21946,3636941,2788581
28-07-2023,Client,213471,192808,1346995,234294,4701110,3011345,4779962,3631597,784623,258446,485886,409416,10315990,9733962
28-07-2023,TOTAL,391618,391618,2970123,2970123,7325561,5504154,7325561,5504154,1070364,648220,1070364,648220,17910040,17910040
28-07-2023,Pro,29289,34607,352353,163411,1399968,1369283,1626446,1236106,260568,360718,513473,216858,3772179,3790902
28-07-2023,DII,47929,77088,99372,1488623,0,37623,0,0,6,0,30884,0,184930,1596595
31-07-2023,DII,48327,77088,105456,1500663,0,35622,0,0,6,0,40934,0,189411,1618685
31-07-2023,TOTAL,402864,402864,2999519,2999519,8065361,7350904,8065361,7350904,1193478,731049,1193478,731049,20743174,20743174
31-07-2023,FII,99922,94255,1167975,1087309,1291999,1152814,996250,790439,31670,33971,44155,26820,3778351,3039229
31-07-2023,Pro,32867,35147,358822,171018,1606205,1628244,1673938,1672379,307511,393920,567058,256695,4327569,4376236
31-07-2023,Client,221748,196374,1367266,240529,5167157,4534224,5395172,4888085,854291,303158,541331,447534,12447844,11709025
01-08-2023,TOTAL,401685,401685,3017525,3017525,7556865,6633545,7556865,6633545,1323569,799098,1323569,799098,19732287,19732287
01-08-2023,DII,47794,72216,106571,1506179,0,38051,0,0,6,0,61833,0,192422,1640228
01-08-2023,Pro,35890,33262,365746,176772,1451827,1565141,1490181,1413378,346162,431446,626996,287055,4196212,4027645
01-08-2023,FII,98094,92674,1163380,1088078,1145261,1023103,885439,682227,34137,37242,48359,29590,3501217,2826368
01-08-2023,Client,219907,203533,1381828,246496,4959777,4007250,5181244,4537940,943264,330410,586381,482453,11842436,11238046
02-08-2023,FII,89084,93427,1148432,1095183,1313196,1223913,1021361,789328,39311,42102,56034,33923,3856038,3089256
02-08-2023,TOTAL,389572,389572,3014033,3014033,9857480,6715979,9857480,6715979,1468803,840590,1468803,840590,22286457,22286457
02-08-2023,Client,219983,191701,1379435,242103,6729006,3943415,6589171,4465391,1068322,316615,633894,511728,13656776,12633988
02-08-2023,DII,48377,66131,106628,1510591,0,72109,0,0,6,0,77794,0,227120,1654516
02-08-2023,Pro,32128,38313,379538,166156,1815277,1476542,2246948,1461260,361164,481873,701081,294939,4546522,4908697
03-08-2023,FII,81471,122092,1139738,1148589,745660,762735,503025,375851,42583,47476,59430,35612,2819663,2244599
03-08-2023,Client,230976,170369,1415225,216748,3106322,1992797,3129333,2555046,1169624,330145,679839,536538,8245089,7287873
03-08-2023,Pro,30897,34658,394070,163325,1088231,1078800,1307855,981929,382991,503900,754436,309371,3478888,3551574
03-08-2023,TOTAL,391594,391594,3057579,3057579,4940213,3912826,4940213,3912826,1595204,881521,1595204,881521,14778937,14778937
03-08-2023,DII,48250,64475,108546,1528917,0,78495,0,0,6,0,101499,0,235297,1694891
04-08-2023,TOTAL,397574,397574,3082733,3082733,6620012,5976163,6620012,5976163,1683862,923040,1683862,923040,18683384,18683384
04-08-2023,FII,91419,117014,1153252,1129993,960718,1096766,710333,713229,45045,49590,64400,39074,3396790,2774043
04-08-2023,Pro,36299,37819,394643,172394,1379349,1374065,1478794,1310453,401346,510458,782003,326922,4096159,4108385
04-08-2023,Client,223904,178246,1427081,240828,4279945,3420002,4430885,3952481,1237465,362992,726994,557044,10951389,10086478
04-08-2023,DII,45952,64495,107757,1539518,0,85331,0,0,6,0,110465,0,239046,1714478
07-08-2023,FII,85227,103970,1168380,1122689,1202455,1255001,883112,899209,46093,50151,65851,40012,3807307,3114843
07-08-2023,DII,45984,66195,106474,1556593,0,86942,0,0,6,0,124407,0,239406,1747195
07-08-2023,Pro,35052,39663,393605,179216,1685846,1730486,1877452,1746371,415133,511008,794381,341629,4771130,4978713
07-08-2023,TOTAL,399400,399400,3112131,3112131,8287332,7654296,8287332,7654296,1745069,955772,1745069,955772,22153999,22153999
07-08-2023,Client,233137,189572,1443672,253633,5399031,4581867,5526767,5008715,1283837,394613,760430,574131,13336157,12313248
08-08-2023,FII,84083,96633,1165911,1120612,1240251,1246744,895110,818748,50531,54069,72479,42352,3841589,3045934
08-08-2023,DII,45984,66195,106987,1555204,0,88960,0,0,6,0,133792,0,241937,1755191
08-08-2023,Pro,30277,45783,401141,178072,1495038,1525021,1632404,1538450,416457,517196,808241,342605,4385130,4545556
08-08-2023,Client,240684,192417,1443227,263378,5060093,4307159,5267867,4810685,1334927,403256,787409,589564,12789346,11911320
08-08-2023,TOTAL,401028,401028,3117266,3117266,7795382,7167884,7795382,7167884,1801921,974521,1801921,974521,21258001,21258001
09-08-2023,Pro,30224,40326,409387,179182,1635341,1628008,1695402,1654614,429696,520477,819128,352862,4653133,4741514
09-08-2023,FII,78645,97252,1158994,1139864,1327080,1178039,1019013,810841,53270,55399,76985,46487,3851427,3190442
09-08-2023,TOTAL,394955,394955,3139736,3139736,8359494,7642971,8359494,7642971,1848974,1002731,1848974,1002731,22388861,22388861
09-08-2023,DII,46028,67190,107292,1560666,0,91110,0,0,0,0,143140,0,244430,1770996
09-08-2023,Client,240058,190187,1464063,260024,5397073,4745814,5645078,5177516,1366008,426855,809721,603382,13639871,12685908
10-08-2023,FII,75157,108717,1158523,1204486,620288,734297,463796,440018,56768,59074,85177,49595,2704107,2351789
10-08-2023,TOTAL,407192,407192,3183566,3183566,4534445,4168801,4534446,4168801,1947003,1021477,1947003,1021477,15262485,15262485
10-08-2023,Pro,42178,36866,431569,169110,1072275,1139918,1181362,1025446,433951,535866,872228,353737,3655757,3638749
10-08-2023,Client,243684,194453,1484637,248176,2841883,2204056,2889287,2703337,1456284,426537,836534,618145,8657081,7489932
10-08-2023,DII,46173,67156,108837,1561794,0,90530,0,0,0,0,153064,0,245540,1782014
11-08-2023,Client,252280,200044,1492064,242283,5219961,3286979,5121435,3818171,1532097,434203,868236,636879,12217584,10887047
11-08-2023,FII,74213,110503,1135253,1202482,994097,949243,801190,636681,61208,62204,92537,51692,3276218,2895085
11-08-2023,Pro,46713,38798,440742,165737,1375857,1360530,1667290,1232430,438448,547343,912392,355179,4209633,4371826
11-08-2023,DII,45202,69063,112614,1570171,0,90530,0,0,0,0,158588,0,248346,1797822
11-08-2023,TOTAL,418408,418408,3180673,3180673,7589915,5687282,7589915,5687282,2031753,1043750,2031753,1043750,19951781,19951781
14-08-2023,Client,249363,186339,1487282,232630,4926823,4013056,5065862,4449426,1573244,439814,881176,635688,12689582,11451120
14-08-2023,TOTAL,407924,407924,3186380,3186380,7192948,6349195,7192948,6349195,2073291,1044664,2073291,1044664,20254402,20254402
14-08-2023,DII,45708,69092,115875,1567088,0,87530,0,0,0,0,162696,0,249113,1798876
14-08-2023,FII,74553,116680,1139574,1222940,953587,981989,671715,658858,64330,63592,93774,55082,3277625,2819049
14-08-2023,Pro,38300,35813,443649,163722,1312538,1266620,1455371,1240912,435717,541258,935645,353894,4038082,4185357
16-08-2023,Client,255852,190445,1511067,246520,5636342,5113616,5673470,5392245,1607440,451199,904380,641850,14575516,13048910
16-08-2023,DII,45921,69091,118746,1567106,0,87530,0,0,0,0,174136,0,252197,1810333
16-08-2023,Pro,41555,42544,451243,167335,1468564,1483304,1685206,1662300,453221,544516,952743,362169,4442403,4872297
16-08-2023,FII,75671,116919,1143714,1243809,1064094,1171420,810324,801325,65713,63732,95115,55428,3584344,3122920
16-08-2023,TOTAL,418999,418999,3224770,3224770,8169000,7855870,8169000,7855870,2126374,1059447,2126374,1059447,22854460,22854460
17-08-2023,FII,78216,119999,1127630,1274680,575342,699415,405777,353430,64024,66338,99107,55014,2610964,2308007
17-08-2023,TOTAL,436833,436833,3260498,3260498,4451733,4165598,4451733,4165598,2190988,1067703,2190988,1067703,15573353,15573353
17-08-2023,DII,45920,69079,125700,1572853,0,104520,0,0,0,0,176273,0,276140,1818205
17-08-2023,Pro,47461,47112,469072,166461,1040053,1076472,1096559,987926,452300,554889,980651,362584,3640247,3641294
17-08-2023,Client,265236,200643,1538096,246504,2836338,2285191,2949397,2824242,1674664,446476,934957,650105,9046002,7805847
18-08-2023,DII,45491,69080,125879,1570428,0,114332,0,0,0,0,176798,0,285702,1816306
18-08-2023,FII,79921,110195,1111986,1287633,1066387,1077398,869445,792970,64527,67587,99604,55259,3467806,3215106
18-08-2023,Client,258716,196987,1544571,232160,4358719,3332210,4505788,3894890,1715491,442668,961636,655823,11652376,10447283
18-08-2023,TOTAL,427428,427428,3253500,3253500,6774626,5935080,6774626,5935080,2229444,1066238,2229444,1066238,19686316,19686316
18-08-2023,Pro,43300,51166,471064,163279,1349520,1411139,1399393,1247221,449426,555983,991406,355156,4280432,4207621
21-08-2023,FII,81898,109371,1128069,1278786,1166087,1233222,952143,982064,63741,66202,99199,55220,3739219,3476783
21-08-2023,Client,251221,186894,1536018,221598,5023784,4826318,5231304,5173639,1694872,474463,972604,654947,13806676,12440985
21-08-2023,Pro,33468,46962,458016,172198,1545769,1621484,1552194,1641194,455750,537191,966150,367689,4651678,4746386
21-08-2023,DII,45545,68905,127707,1577228,0,115872,0,0,0,0,176410,0,289124,1822543
21-08-2023,TOTAL,412132,412132,3249810,3249810,7735640,7796896,7735640,7796896,2214363,1077856,2214363,1077856,22486697,22486697
22-08-2023,Client,249948,190856,1541403,226422,5176801,4243647,5287620,4823363,1681218,486201,967920,662975,13379219,12159155
22-08-2023,Pro,37480,45935,467780,180637,1437789,1443257,1576703,1415230,463041,545305,961305,381167,4394652,4560976
22-08-2023,TOTAL,413510,413510,3270205,3270205,7907762,6942603,7907763,6942603,2207543,1098166,2207543,1098166,21839790,21839790
22-08-2023,FII,79736,107814,1131633,1285380,1293172,1138827,1043440,704011,63284,66660,98999,54024,3773312,3293669
22-08-2023,DII,46346,68905,129389,1577766,0,116872,0,0,0,0,179319,0,292607,1825990
23-08-2023,Pro,34643,56157,472224,191315,1561257,1940825,1537532,2219035,482961,557218,957035,397351,5049128,5358426
23-08-2023,TOTAL,416584,416584,3276402,3276402,8051718,9425452,8051718,9425452,2197739,1122849,2197739,1122849,24490744,24490744
23-08-2023,DII,46877,68291,129966,1583303,0,116872,0,0,0,0,181697,0,293715,1833291
23-08-2023,FII,86078,104543,1131899,1267394,1301749,1358965,1087904,1019088,64869,66897,100320,55343,4010456,3634592
23-08-2023,Client,248986,187593,1542313,234390,5188712,6008791,5426281,6187329,1649909,498734,958687,670155,15137445,13664435
24-08-2023,FII,82416,106572,1155862,1299502,625932,847341,456868,477058,66057,70149,100842,54103,2847757,2494945
24-08-2023,Pro,36026,42523,486191,207902,1028702,1023488,1108816,988710,477837,564154,961542,403277,3616398,3712769
24-08-2023,DII,46639,67762,129888,1585805,0,116872,0,0,0,0,183824,0,293399,1837391
24-08-2023,Client,238256,186480,1548307,227039,3107873,2410599,3196823,2932533,1662539,498840,960225,675763,9466414,8178863
24-08-2023,TOTAL,403337,403337,3320248,3320248,4762507,4398300,4762507,4398300,2206433,1133143,2206433,1133143,16223968,16223968
25-08-2023,DII,46621,67762,127124,1583417,0,119455,0,0,0,0,185174,0,293200,1836353
25-08-2023,TOTAL,418436,418436,3308936,3308936,7059621,5819126,7059621,5819126,2227092,1110373,2227092,1110373,19943584,19943584
25-08-2023,Client,247181,186574,1541585,219962,4894955,3300934,4860565,3949596,1674473,468204,960641,673739,12127332,10851077
25-08-2023,FII,82414,121469,1153733,1288990,879244,1111364,753391,706184,67315,73285,99861,53034,3367355,3022929
25-08-2023,Pro,42220,42631,486494,216567,1285422,1287373,1445664,1163346,485304,568884,981416,383600,4155696,4233224
28-08-2023,Pro,40106,52278,478890,220224,1362150,1496229,1453462,1641080,489534,548262,955050,396996,4415170,4719090
28-08-2023,Client,243416,179896,1556360,220507,5160641,4852322,5311509,5233082,1621379,493220,942760,664245,13927338,12551999
28-08-2023,DII,46908,67298,125756,1591581,0,126892,0,0,0,0,183804,0,299556,1842683
28-08-2023,FII,97955,128913,1164188,1292882,1047162,1323333,804981,924614,69017,72765,98316,53006,3774420,3302712
28-08-2023,TOTAL,428385,428385,3325194,3325194,7569952,7798776,7569952,7798776,2179930,1114247,2179930,1114247,22416484,22416484
29-08-2023,Client,229918,174686,1542870,214181,5133621,4438686,5344956,4996942,1521484,487947,897101,640569,13354526,12268435
29-08-2023,TOTAL,426199,426199,3299244,3299244,7697992,7251754,7697992,7251754,2081744,1093545,2081744,1093545,21850478,21850478
29-08-2023,FII,115100,137937,1165080,1261727,1264217,1359671,914008,847190,62887,67570,96475,50503,4034525,3307840
29-08-2023,Pro,34282,46007,465373,225574,1300154,1317696,1439028,1407622,497373,538028,901694,402473,4152906,4422398
29-08-2023,DII,46899,67569,125921,1597762,0,135701,0,0,0,0,186474,0,308521,1851805
30-08-2023,FII,123873,147971,1159019,1233047,1384252,1256467,1118663,857849,51779,60010,84263,40672,4035400,3482466
30-08-2023,Pro,38753,40107,452679,219161,1881437,1481828,2306936,1461479,493088,534556,807816,398595,4882340,5234094
30-08-2023,Client,216112,170006,1527363,212647,6756921,4463457,6597010,4983015,1329804,450630,806979,605929,14744287,13375586
30-08-2023,TOTAL,425653,425653,3263055,3263055,10022610,7302343,10022610,7302343,1874671,1045196,1874671,1045196,23933528,23933528
30-08-2023,DII,46915,67569,123994,1598200,0,100592,0,0,0,0,175613,0,271501,1841382
31-08-2023,Pro,60798,44686,402576,119557,1059289,1149912,1144497,1033950,137316,251855,376000,120909,3061746,2839599
31-08-2023,Client,189698,186308,1528285,174746,2766630,2207427,2841036,2711377,647619,207146,382361,347879,7546806,6643706
31-08-2023,DII,46373,67569,103382,1597902,0,66190,0,0,0,0,10110,0,215945,1675581
31-08-2023,FII,85391,83697,1087781,1229819,618376,792077,458763,470279,6230,17407,22694,7620,2607262,2272872
31-08-2023,TOTAL,382260,382260,3122024,3122024,4444295,4215606,4444296,4215606,791165,476408,791165,476408,13431758,13431758
01-09-2023,FII,83804,80595,1102811,1224250,824014,1088340,678139,811924,25083,30792,43636,20289,3154844,2858833
01-09-2023,Pro,43173,40144,394729,136204,1368823,1510671,1243589,1554476,249986,305533,457737,195759,3872914,3627909
01-09-2023,DII,46206,67562,110056,1612436,0,75596,0,0,0,0,47367,0,231858,1727365
01-09-2023,Client,189422,174304,1548349,183055,3726293,4373248,3997402,4681456,747555,288131,473884,408408,10872999,9918508
01-09-2023,TOTAL,362605,362605,3155945,3155945,5919130,7047855,5919130,7047855,1022624,624456,1022624,624456,18132615,18132615
04-09-2023,TOTAL,356449,356449,3188316,3188316,7156338,8599189,7156338,8599189,1198372,732226,1198372,732226,21230890,21230890
04-09-2023,FII,81814,76211,1097839,1208175,1014409,1135486,829221,874079,32154,37142,55707,28953,3398844,3072346
04-09-2023,Client,190081,173495,1571862,191470,4755472,5679526,4858442,5742752,860802,338802,541347,454078,13396545,11961584
04-09-2023,Pro,38384,39219,406857,151915,1386458,1703587,1468675,1982358,305416,356282,534128,249195,4196984,4425491
04-09-2023,DII,46170,67524,111758,1636756,0,80590,0,0,0,0,67190,0,238518,1771470
05-09-2023,TOTAL,352954,352954,3218868,3218868,7437060,8144655,7437061,8144655,1326692,803889,1326692,803889,21284118,21284118
05-09-2023,Client,183517,174139,1590521,193383,4780605,5204731,5079801,5596643,952667,364912,588741,488671,13076953,12121378
05-09-2023,Pro,41546,36776,419053,159976,1375965,1507334,1519178,1726139,337363,394474,586047,279855,4075735,4307970
05-09-2023,FII,81896,74515,1095624,1227715,1280491,1341799,838082,821873,36662,44503,64143,35363,3880975,3061691
05-09-2023,DII,45995,67524,113670,1637794,0,90790,0,0,0,0,87761,0,250455,1793079
06-09-2023,Client,186609,183035,1613085,196699,3318870,3649653,3623370,4194028,1041304,373107,628598,511451,10182628,9337181
06-09-2023,Pro,50788,37372,431881,161084,1088159,1306808,1085122,1377743,366276,424508,635544,294672,3668420,3591537
06-09-2023,TOTAL,364920,364920,3254736,3254736,5271290,6201527,5271290,6201527,1449566,846596,1449566,846596,17388635,17388635
06-09-2023,FII,81446,76989,1092679,1255031,864261,1149076,562798,629756,41986,48981,69909,40473,3278429,2634956
06-09-2023,DII,46077,67524,117091,1641922,0,95990,0,0,0,0,115515,0,259158,1824961
07-09-2023,FII,90615,68676,1095095,1225504,672926,940896,449649,597207,45556,52051,75406,43873,2897139,2460315
07-09-2023,Client,203797,196053,1613863,218742,2880512,3903600,3143958,4180893,1066502,407137,655450,532266,10075412,8927361
07-09-2023,TOTAL,377800,377800,3261102,3261102,4775298,6401745,4775298,6401745,1509800,891954,1509800,891954,17217699,17217699
07-09-2023,DII,46264,67118,117447,1644275,0,112653,0,0,0,0,128258,0,276364,1839651
07-09-2023,Pro,37124,45953,434697,172581,1221860,1444596,1181692,1623646,397742,432766,650686,315815,3968785,3990373
08-09-2023,DII,46272,67258,119982,1643518,0,120936,0,0,0,0,136654,0,287190,1847430
08-09-2023,Pro,36408,43111,436301,177532,1340337,1557560,1301270,1802320,427014,448649,673896,340480,4246269,4338610
08-09-2023,FII,92978,66445,1099686,1234305,930568,1126560,764244,881879,49478,55642,78191,47490,3354911,3072554
08-09-2023,Client,201911,200755,1620420,221034,3832403,5215122,4037794,5335978,1090984,435572,678735,551893,12396413,11026189
08-09-2023,TOTAL,377569,377569,3276389,3276389,6103308,8020178,6103308,8020178,1567476,939863,1567476,939863,20284782,20284782
11-09-2023,FII,101288,66222,1106886,1234516,1178795,1293877,1014692,1077710,51380,58779,82656,51524,3791006,3527319
11-09-2023,TOTAL,375695,375695,3272380,3272380,7155996,9900641,7155996,9900641,1617871,983795,1617871,983795,23306377,23306377
11-09-2023,DII,45655,65377,126323,1644074,0,133651,0,0,0,0,138400,0,305629,1847851
11-09-2023,Client,188534,204026,1600929,213634,4418961,6570964,4590613,6400204,1119866,471678,701169,566289,14370932,12675935
11-09-2023,Pro,40218,40070,438242,180156,1558240,1902148,1550691,2422727,446625,453338,695646,365982,4838811,5255273
12-09-2023,DII,46129,65415,131627,1632055,0,141771,0,0,0,0,147630,0,319527,1845100
12-09-2023,FII,112002,65859,1103228,1240766,1346078,1449545,872180,888168,55827,66107,96079,60863,4132788,3223914
12-09-2023,Client,173520,205632,1579227,209946,5156491,5588917,5301592,5937708,1266848,440684,740357,586272,14205687,12981508
12-09-2023,TOTAL,376710,376710,3258690,3258690,7910164,8800636,7910164,8800636,1760753,1007560,1760753,1007560,23114513,23114513
12-09-2023,Pro,45059,39804,444608,175923,1407594,1620403,1736392,1974760,438078,500769,776687,360425,4456511,5063991
13-09-2023,Pro,36266,49959,430397,180014,1173190,1395519,1272246,1688347,446789,490806,770821,371366,3972967,4332752
13-09-2023,TOTAL,373995,373995,3232279,3232279,5682218,6969899,5682218,6969899,1789045,1032436,1789045,1032436,19079872,19079872
13-09-2023,FII,122728,62161,1118419,1199812,988072,1124971,627234,760215,63884,70495,98569,66255,3488569,2814246
13-09-2023,DII,46614,65429,131818,1642584,0,147406,0,0,1,0,152106,0,325839,1860119
13-09-2023,Client,168387,196446,1551645,209869,3520956,4302004,3782738,4521338,1278371,471135,767549,594815,11292498,10072755
14-09-2023,Client,167685,202831,1563598,209680,3452460,3633691,3639751,3967665,1325867,499091,793575,611517,10642393,9425019
14-09-2023,TOTAL,381771,381771,3272317,3272317,5525179,6073314,5525179,6073314,1858756,1067304,1858756,1067304,18178641,18178641
14-09-2023,Pro,40359,45260,434875,183019,1206002,1353108,1342136,1557075,465425,493192,800905,387484,3992961,4315878
14-09-2023,DII,46629,65419,133818,1649171,0,147670,0,0,1,0,159133,0,328118,1873723
14-09-2023,FII,127098,68261,1140026,1230447,866716,938846,543292,548575,67463,75021,105143,68303,3215170,2564021
15-09-2023,Pro,39975,45739,431389,205703,1299346,1547330,1416966,1778261,486452,495612,826047,408738,4300104,4681454
15-09-2023,DII,46278,65431,136902,1675906,0,143670,0,0,1,0,169644,0,326851,1910981
15-09-2023,TOTAL,390244,390244,3277120,3277120,6786258,7754125,6786258,7754125,1934053,1109129,1934053,1109129,21250929,21250929
15-09-2023,FII,129879,67849,1159978,1180230,1055863,1058600,738333,738369,71805,79341,110749,71773,3555466,2907303
15-09-2023,Client,174112,211225,1548851,215281,4431049,5004525,4630960,5237495,1375795,534176,827613,628618,13068508,11751192
18-09-2023,FII,126026,67031,1163465,1191670,1044378,1006295,747884,608408,75507,82738,114915,73092,3498409,2803000
18-09-2023,Client,164286,206393,1550327,215188,5266186,4530245,5335672,5051292,1461552,535058,861489,639985,13507654,12310018
18-09-2023,TOTAL,379572,379572,3292432,3292432,7649779,7060646,7649779,7060646,2022916,1126289,2022916,1126289,21531633,21531633
18-09-2023,DII,45478,65431,134958,1679146,0,141170,0,0,1,0,171379,0,321607,1915956
18-09-2023,Pro,43782,40717,443682,206428,1339215,1382936,1566224,1400946,485856,508493,875133,413212,4203964,4502660
20-09-2023,Client,172618,192901,1589549,216898,4443624,3024704,4344868,3509893,1562722,519024,898162,650326,11312241,9813048
20-09-2023,TOTAL,361835,361835,3345639,3345639,6445878,5136632,6445878,5136632,2118964,1137811,2118964,1137811,18546758,18546758
20-09-2023,Pro,48408,41409,465318,213775,1171252,1089413,1420225,1025209,477193,534257,932103,407893,3785841,4040614
20-09-2023,FII,95607,61694,1159521,1199685,831002,903042,680785,601529,79048,84530,115434,79592,3152750,2738719
20-09-2023,DII,45202,65831,131251,1715281,0,119473,0,0,1,0,173265,0,295927,1954377
21-09-2023,TOTAL,389803,389803,3358141,3358141,6600797,5278631,6600797,5278631,2159613,1103450,2159613,1103450,18890434,18890434
21-09-2023,Pro,45328,60698,479550,219892,1376682,1342772,1709115,1280507,462716,537700,954655,381481,4244748,4606349
21-09-2023,FII,98667,76102,1160666,1209378,860424,1077157,685438,659349,77882,86364,115657,80974,3361160,2826898
21-09-2023,DII,44156,67831,136890,1713327,0,112452,0,0,1,0,176146,0,293499,1957304
21-09-2023,Client,201652,185172,1581035,215544,4363691,2746250,4206244,3338774,1619014,479386,913155,640995,10991028,9499884
22-09-2023,FII,97366,85274,1162408,1200866,1081328,1241680,978713,864539,78046,85540,114494,80043,3746368,3323928
22-09-2023,Pro,49531,65054,483618,243137,1507540,1383706,1877987,1299938,475821,521857,921580,378009,4422073,4785706
22-09-2023,Client,206114,179633,1598330,220100,5635568,3583907,5367737,4163049,1564299,477145,900277,626490,13065364,11457285
22-09-2023,TOTAL,397739,397739,3385483,3385483,8224436,6327526,8224436,6327526,2118166,1084542,2118166,1084542,21537892,21537892
22-09-2023,DII,44728,67778,141127,1721380,0,118233,0,0,0,0,181815,0,304088,1970973
25-09-2023,Client,222314,176190,1605271,229575,5889017,4463784,5744810,4976807,1516353,473564,874543,608760,14170303,12610686
25-09-2023,DII,44283,67652,142981,1734019,0,118233,0,0,0,0,182207,0,305497,1983878
25-09-2023,Pro,52092,71305,476437,249276,1538982,1488292,1831566,1454350,476499,509894,898490,379524,4542196,4884512
25-09-2023,FII,96423,99965,1187659,1199478,1167094,1330218,1018716,969369,73186,81315,110798,76489,3935894,3474815
25-09-2023,TOTAL,415112,415112,3412348,3412348,8595093,7400527,8595093,7400527,2066038,1064773,2066038,1064773,22953890,22953890
26-09-2023,FII,92035,99054,1182108,1212052,1104657,1291935,1000123,933928,68497,79090,104565,72078,3818322,3421800
26-09-2023,TOTAL,413389,413389,3424573,3424573,8452105,7072218,8452105,7072218,2019936,1050981,2019936,1050981,22433202,22433202
26-09-2023,DII,44163,69252,145405,1735591,0,120233,0,0,0,0,181212,0,309801,1986055
26-09-2023,Client,226277,178285,1620485,227587,5924752,4180726,5746067,4725991,1480020,461457,852147,602603,13893718,12332680
26-09-2023,Pro,50914,66798,476575,249343,1422696,1479324,1705915,1412299,471419,510434,882012,376300,4411362,4692667
27-09-2023,Client,234402,170961,1622499,217089,6346310,5238142,6172120,5561042,1285907,426393,758106,571219,15153653,13450537
27-09-2023,TOTAL,420875,420875,3414799,3414799,9213528,8648023,9213528,8648023,1817474,1003190,1817474,1003190,24517888,24517888
27-09-2023,Pro,50721,67988,463414,249136,1601188,1774314,1911168,1934998,475309,505683,791521,370048,4870629,5324859
27-09-2023,FII,91843,112691,1180316,1206119,1266029,1487716,1130240,1151982,56258,71114,90069,61923,4153277,3753024
27-09-2023,DII,43909,69235,148570,1742455,0,147851,0,0,0,0,177778,0,340330,1989468
28-09-2023,TOTAL,374798,374798,3268778,3268778,5165276,4256450,5165276,4256450,797537,479475,797537,479475,14342314,14342314
28-09-2023,Pro,57172,38147,409765,130059,1097079,1212836,1343918,1120485,124851,272940,401178,112175,3174643,3145961
28-09-2023,DII,47164,69222,137374,1723942,0,107578,0,0,0,0,7447,0,292116,1800611
28-09-2023,FII,44912,102191,1106010,1250279,672276,843334,505614,472859,2884,12629,11293,7127,2682045,2349362
28-09-2023,Client,225550,165238,1615629,164498,3395921,2092702,3315745,2663107,669802,193906,377619,360173,8193510,7046380
29-09-2023,TOTAL,363975,363975,3292730,3292730,6105194,5836290,6105194,5836290,980379,595533,980379,595533,17174101,17174101
29-09-2023,DII,50677,69222,139200,1731196,0,136600,0,0,0,0,17018,0,326477,1817436
29-09-2023,Pro,49581,39243,410199,133116,1239671,1272274,1254306,1206910,201246,316742,452935,162085,3489713,3248595
29-09-2023,Client,222553,149041,1617948,177127,4091337,3522705,4186301,3971015,756864,248713,477062,413614,10460120,9374160
29-09-2023,FII,41164,106469,1125383,1251291,774186,904711,664588,658365,22269,30078,33364,19834,2897791,2733910
03-10-2023,DII,51667,69222,139309,1734356,0,135858,0,0,0,0,39952,0,326834,1843530
03-10-2023,FII,39837,125730,1103843,1256477,1150400,1288781,799000,697573,28685,34217,40764,25054,3645763,2944598
03-10-2023,Client,236935,145015,1646665,190501,5395670,3916899,5485131,4654967,906225,282695,550316,463567,12385089,11489497
03-10-2023,TOTAL,376959,376959,3318421,3318421,8098127,6824440,8098127,6824440,1175827,680946,1175827,680946,20474719,20474719
03-10-2023,Pro,48520,36992,428604,137087,1552057,1482902,1813996,1471900,240917,364034,544795,192325,4117034,4197095
04-10-2023,TOTAL,427032,427032,3406655,3406655,6217243,5651929,6217243,5651929,1345643,738127,1345643,738127,17786629,17786629
04-10-2023,FII,47600,139828,1105831,1344628,827263,1116111,487991,558120,33995,39036,49179,28976,3169836,2608722
04-10-2023,DII,53055,68959,139636,1735914,0,136788,0,0,0,0,56862,0,329479,1861735
04-10-2023,Client,263891,176841,1698534,195267,4096305,3118572,4247315,3810739,1047252,285788,609899,501059,10510342,9541120
04-10-2023,Pro,62486,41404,462654,130846,1293675,1280458,1481937,1283071,264396,413303,629703,208092,3776972,3775052
05-10-2023,DII,52236,69716,139354,1733534,0,142107,0,0,0,0,62594,0,333697,1865844
05-10-2023,TOTAL,433717,433717,3398750,3398750,5357584,5088148,5357584,5088148,1424119,779860,1424119,779860,16482178,16482178
05-10-2023,FII,49316,137627,1093710,1311665,661979,859512,453705,414517,35447,41825,51707,29316,2741789,2398537
05-10-2023,Client,265887,181903,1706967,217478,3448435,2768838,3583659,3436980,1098388,316809,662364,527945,9605324,8610329
05-10-2023,Pro,66278,44471,458719,136073,1247170,1317691,1320220,1236652,290284,421226,647454,222599,3801368,3607468
06-10-2023,DII,53296,73726,140223,1742722,0,148523,0,0,0,0,77703,0,342042,1894151
06-10-2023,FII,49152,133520,1102634,1307967,845429,1018432,588347,590617,39477,43173,53199,30770,3098297,2704420
06-10-2023,TOTAL,422818,422818,3413141,3413141,7109116,6965783,7109116,6965783,1483459,817717,1483459,817717,20212034,20212034
06-10-2023,Pro,61532,40094,456136,139462,1667594,1542299,1386796,1453841,315005,421578,642879,236705,4464144,3899776
06-10-2023,Client,258838,175478,1714148,222990,4596093,4256529,5133973,4921326,1128977,352966,709678,550242,12307551,11713687
09-10-2023,Client,259881,179718,1713357,220154,5387252,3880108,5434059,4540768,1198844,354885,729107,564064,12794327,11667870
09-10-2023,DII,54189,69088,141742,1742041,0,147555,0,0,0,0,84015,0,343486,1895144
09-10-2023,Pro,61995,39440,461678,145023,1552664,1476514,1747259,1375818,316860,442212,686360,244918,4311923,4238818
09-10-2023,TOTAL,425889,425889,3414562,3414562,7903097,6515667,7903097,6515667,1556293,844182,1556293,844182,20659689,20659689
09-10-2023,FII,49824,137643,1097785,1307344,963181,1011490,721779,599081,40589,47085,56811,35200,3209954,2857858
10-10-2023,TOTAL,409094,409094,3400378,3400378,6949789,8285548,6949789,8285548,1571636,878787,1571636,878787,21495232,21495231
10-10-2023,Client,257667,165630,1704244,221863,4568953,5471620,4779266,5610632,1180629,398195,755825,573411,13581308,12106627
10-10-2023,Pro,50816,41903,447695,152208,1569007,1632976,1507316,1842289,345453,433242,665068,267206,4479189,4475990
10-10-2023,FII,47113,132787,1110146,1269859,811829,1038766,663208,832627,45554,47350,58210,38170,3100758,2994860
10-10-2023,DII,53498,68774,138293,1756448,0,142186,0,0,0,0,92533,0,333977,1917755
11-10-2023,Client,239831,163248,1697497,209928,3693822,3879035,3827095,4270498,1217246,431781,787601,591543,11159212,9849913
11-10-2023,TOTAL,391762,391762,3397214,3397214,5625050,6340338,5625050,6340338,1629727,919843,1629727,919843,18303934,18303933
11-10-2023,DII,53121,68784,139401,1765043,0,129446,0,0,0,0,95493,0,321968,1929320
11-10-2023,Pro,49897,37024,441251,157214,1158330,1366986,1316172,1478295,364855,438098,686163,287931,3819417,3962799
11-10-2023,FII,48913,122706,1119065,1265029,772898,964871,481784,591545,47626,49964,60470,40369,3003337,2561902
12-10-2023,TOTAL,387831,387831,3442252,3442252,5157349,5503449,5157349,5503449,1745690,985273,1745690,985273,17221844,17221843
12-10-2023,Client,233686,164601,1723518,210591,3329835,3165063,3494142,3661522,1305766,472005,836286,619470,10229873,8986612
12-10-2023,Pro,54458,36711,455341,169914,1143576,1344387,1214145,1306673,392744,460098,743809,321220,3850604,3792472
12-10-2023,DII,52599,68784,139859,1775442,0,131579,0,0,0,0,99281,0,324037,1943507
12-10-2023,FII,47088,117735,1123534,1286305,683938,862420,449063,535254,47180,53170,66314,44583,2817330,2499253
13-10-2023,TOTAL,398203,398203,3462876,3462876,6716412,6352668,6716412,6352668,1873787,1013466,1873787,1013466,19817412,19817411
13-10-2023,FII,48404,129481,1119920,1291136,842142,1121746,757041,785090,48979,56982,70701,47302,3238173,3080750
13-10-2023,Client,235564,157675,1729289,223938,4571785,3638094,4491937,4218053,1412789,479210,887487,640102,12066731,10619192
13-10-2023,Pro,61680,42268,470637,177269,1302485,1462496,1467435,1349525,412019,477274,800966,326062,4186591,4163525
13-10-2023,DII,52555,68779,143030,1770533,0,130332,0,0,0,0,114633,0,325917,1953945
16-10-2023,TOTAL,396383,396383,3476155,3476155,7988078,7267027,7988078,7267027,1966084,1044843,1966084,1044843,22138570,22138569
16-10-2023,Client,233633,160723,1729305,227489,5495496,4388236,5339322,4878522,1487891,493646,920627,653962,13828207,12180645
16-10-2023,Pro,62071,40891,487276,182104,1533651,1545959,1736275,1503252,425037,489132,851873,341948,4543126,4656343
16-10-2023,FII,47065,125889,1118793,1292023,958931,1201209,912482,885253,53156,62065,73638,48933,3441219,3338217
16-10-2023,DII,53614,68880,140781,1774539,0,131623,0,0,0,0,119946,0,326018,1963365
17-10-2023,FII,49384,121660,1129964,1272661,1251892,1253466,916385,667998,51182,63184,76418,50266,3799072,3105387
17-10-2023,TOTAL,390840,390840,3473022,3473022,8217958,7249133,8217958,7249133,1992166,1064207,1992166,1064207,22387326,22387325
17-10-2023,Client,228847,160994,1716610,231223,5559781,4413015,5548333,5014267,1506338,508165,928992,657258,13932756,12541067
17-10-2023,DII,53529,69430,143250,1777798,0,131623,0,0,0,0,131456,0,328402,1978684
17-10-2023,Pro,59080,38756,483198,191340,1406285,1451029,1753241,1566868,434646,492858,855300,356683,4327096,4762188
18-10-2023,TOTAL,442163,442163,3521839,3521839,7128613,5525343,7128613,5525343,2027792,1059042,2027792,1059042,19704792,19704791
18-10-2023,FII,56446,136656,1135710,1295815,838599,1046653,648800,600326,50705,67385,77473,48403,3195498,2807472
18-10-2023,DII,53234,66408,148392,1791007,0,131623,0,0,0,0,134534,0,333249,1991949
18-10-2023,Pro,85518,42989,505442,205919,1422868,1319535,1714177,1208270,425651,504104,879080,351298,4263118,4401733
18-10-2023,Client,246965,196110,1732295,229098,4867146,3027532,4765637,3716747,1551436,487553,936705,659341,11912927,10503638
19-10-2023,DII,53194,67046,147902,1790997,0,139748,0,0,0,0,137853,0,340844,1995896
19-10-2023,FII,55432,138359,1139000,1296663,783902,1029048,621078,556420,50174,68192,76495,48926,3125748,2737940
19-10-2023,TOTAL,432301,432301,3540063,3540063,6293925,5228704,6293925,5228704,2034170,1068898,2034170,1068898,18598061,18598061
19-10-2023,Client,245900,188392,1736192,227981,4193281,2818179,4096081,3465080,1554884,494517,938023,657403,11042953,9572961
19-10-2023,Pro,77775,38504,516969,224422,1316742,1241729,1576767,1207204,429112,506189,881799,362569,4088516,4291265
20-10-2023,Client,246566,184934,1727330,220293,5385044,3432544,5303375,4248293,1560912,453045,911606,643833,12805441,11512335
20-10-2023,Pro,76035,34771,514984,224860,1469164,1406463,1730886,1277541,430672,518037,914471,347275,4415355,4529804
20-10-2023,TOTAL,424422,424422,3523544,3523544,7837283,6223360,7837283,6223360,2042665,1039464,2042665,1039464,21090738,21090738
20-10-2023,FII,48137,137655,1131290,1298165,983075,1244605,803023,697526,50706,68382,77343,48356,3526195,3062067
20-10-2023,DII,53684,67062,149940,1780226,0,139748,0,0,375,0,139245,0,343747,1986533
23-10-2023,Pro,67963,40863,501208,221044,1514033,1222967,1950778,1109814,416066,511347,892518,306583,4233584,4521600
23-10-2023,TOTAL,424744,424744,3469330,3469330,8984700,5379821,8984700,5379821,1936036,945869,1936036,945869,21140500,21140500
23-10-2023,Client,253089,171944,1644706,208769,6200485,2878004,5916172,3542933,1484277,374003,841603,602080,12834564,11283502
23-10-2023,FII,49521,140033,1173189,1260808,1270182,1158787,1117751,727074,35693,60519,61771,37206,3747891,3344642
23-10-2023,DII,54171,71904,150227,1778709,0,120063,0,0,0,0,140144,0,324461,1990757
25-10-2023,Client,259759,163306,1622951,202119,7768480,3941440,7335203,4556918,1334197,339714,768773,564709,15266541,13591028
25-10-2023,DII,56171,72454,151718,1792518,0,93677,0,0,0,0,139219,0,301566,2004191
25-10-2023,FII,51061,143381,1167306,1227299,1725369,1378040,1396385,743486,29128,43949,53592,30667,4394853,3594809
25-10-2023,TOTAL,430277,430277,3432876,3432876,11501660,6782249,11501660,6782249,1774591,897280,1774591,897280,24818934,24818933
25-10-2023,Pro,63286,51136,490901,210940,2007811,1369093,2770073,1481846,411266,513617,813007,301904,4855974,5628906
26-10-2023,TOTAL,408033,408033,3192822,3192822,5149207,3993172,5149207,3993172,659507,488105,659507,488105,13890846,13890845
26-10-2023,Client,270193,137035,1615484,136992,3261492,1997201,3043366,2561592,544455,201777,317448,369319,7890602,6565752
26-10-2023,Pro,53034,36522,394186,102502,1054125,942316,1405016,943361,112588,276696,333140,113321,2832945,2933862
26-10-2023,DII,63668,61278,133824,1767710,0,58460,0,0,0,0,300,0,255952,1829288
26-10-2023,FII,21138,173198,1049328,1185618,833590,995195,700826,488219,2464,9632,8619,5465,2911347,2561944
27-10-2023,FII,24923,177713,1175188,1320800,977003,1177731,793041,744308,22783,27189,29327,18872,3404817,3084061
27-10-2023,Pro,57176,37405,434283,119225,1272827,1276430,1469568,1385801,212471,359617,463006,184666,3612804,3659671
27-10-2023,Client,261739,133649,1794050,177313,4294401,3563933,4281622,3949445,741883,295141,474984,478409,10951147,9495422
27-10-2023,TOTAL,410183,410183,3558725,3558725,6544231,6079554,6544231,6079554,977137,681947,977137,681947,18251776,18251776
27-10-2023,DII,66345,61416,155204,1941387,0,61460,0,0,0,0,9820,0,283009,2012623
30-10-2023,Pro,60980,39558,455928,126770,1517834,1695628,1638293,1983173,250272,393480,522221,213949,4374122,4523964
30-10-2023,DII,68584,61716,155498,1941907,0,61579,0,0,0,0,7289,0,285661,2010912
30-10-2023,Client,267409,137857,1813935,184336,4730505,5126782,4684242,5227516,833988,325784,549262,515428,13098402,11298641
30-10-2023,TOTAL,422928,422928,3591371,3591371,7252967,8277678,7252967,8277678,1114016,752031,1114016,752031,21410991,21410991
30-10-2023,FII,25955,183797,1166010,1338358,1004628,1393690,930432,1066990,29756,32767,35244,22654,3652806,3577475
01-11-2023,DII,69275,61188,157506,1943016,0,67460,0,0,0,0,55665,0,294241,2059869
01-11-2023,Client,274847,144759,1847123,208397,4199394,2895889,4259734,3614406,1053554,369824,657154,577086,10640631,9461536
01-11-2023,TOTAL,438172,438172,3646402,3646402,6458124,5476044,6458124,5476044,1400753,862927,1400753,862927,18282421,18282421
01-11-2023,Pro,59385,35391,468721,137454,1273330,1274650,1545903,1255034,310583,449083,643088,253782,3835752,3870652
01-11-2023,FII,34665,196834,1173052,1357535,985400,1238045,652487,606604,36616,44020,44846,32059,3511798,2890365
02-11-2023,Pro,56602,35737,457693,146699,1172911,1232278,1357525,1230186,358474,443683,633924,282702,3721641,3686773
02-11-2023,Client,279694,133283,1846793,207913,3529046,2816316,3540009,3386250,1073770,414798,693606,588166,9960417,8549227
02-11-2023,DII,69818,61396,157965,1947403,0,67648,0,0,9,0,97836,0,295440,2106635
02-11-2023,TOTAL,446839,446839,3652018,3652018,5462100,5108836,5462100,5108836,1472952,905830,1472952,905830,17048575,17048575
02-11-2023,FII,40725,216423,1189567,1350003,760143,992595,564566,492400,40699,47349,47586,34962,3071077,2705940
03-11-2023,DII,69455,61284,159395,1944256,0,72760,0,0,9,0,116650,0,301619,2122190
03-11-2023,Pro,52840,33558,447985,157230,1294474,1260887,1404043,1282095,386597,458343,674184,317790,3901126,3868899
03-11-2023,FII,44516,207210,1210952,1337908,950825,1210550,795164,760205,45134,50686,51845,38578,3512662,3190910
03-11-2023,Client,262525,127284,1833623,212561,4284561,3768922,4330653,4270819,1136743,453198,725804,605859,11739572,10272980
03-11-2023,TOTAL,429336,429336,3651955,3651955,6529860,6313119,6529860,6313119,1568483,962227,1568483,962227,19454979,19454979
06-11-2023,TOTAL,431220,431220,3664282,3664282,7086211,7922869,7086211,7922869,1616794,1017043,1616794,1017043,21738419,21738419
06-11-2023,Client,255609,137531,1840130,219915,4625473,5150661,4696862,5345479,1155272,503415,757697,622392,13530559,11779876
06-11-2023,Pro,49041,37538,450218,165165,1411848,1412235,1486170,1643137,413041,461770,683607,354123,4198153,4369740
06-11-2023,FII,48601,195971,1215175,1332449,1048890,1284714,903179,934253,48472,51858,54200,40528,3697710,3460580
06-11-2023,DII,77969,60180,158759,1946753,0,75260,0,0,9,0,121290,0,311997,2128223
07-11-2023,FII,47112,193493,1228654,1334778,1169677,1378577,1024008,1026352,48365,55037,55301,41946,3927422,3675878
07-11-2023,Pro,51970,35129,453812,172553,1444568,1452107,1503400,1721762,429010,483066,723797,375782,4314533,4532423
07-11-2023,DII,78095,60180,158335,1953275,0,75260,0,0,9,0,129926,0,311699,2143381
07-11-2023,Client,251548,139923,1846179,226374,4540144,5277570,4626981,5435399,1218702,524123,787062,644498,13658265,11860237
07-11-2023,TOTAL,428725,428725,3686980,3686980,7154389,8183513,7154389,8183513,1696086,1062226,1696086,1062226,22211919,22211919
08-11-2023,Pro,67573,40812,460607,181366,1216657,1264586,1463275,1280170,448251,495082,750079,395406,3952756,4111108
08-11-2023,Client,255531,148414,1865069,232936,4032234,3405913,4006525,3967744,1265057,548924,815220,662823,11372727,9833662
08-11-2023,DII,77744,60180,155623,1948687,0,75260,0,0,0,0,138330,0,308627,2147197
08-11-2023,FII,48244,199686,1233592,1351902,1023428,1206299,802519,704144,49727,57911,59406,43688,3619201,3161345
08-11-2023,TOTAL,449092,449092,3714891,3714891,6272319,5952057,6272319,5952057,1763035,1101917,1763035,1101917,19253311,19253311
09-11-2023,Pro,72267,42036,478766,187017,1231628,1258692,1436802,1301271,461580,513193,789809,420862,4016126,4177797
09-11-2023,DII,82755,60174,157011,1954416,0,72760,0,0,0,0,146571,0,312526,2161161
09-11-2023,TOTAL,461513,461513,3739667,3739667,5811683,5619846,5811683,5619846,1847650,1153329,1847650,1153329,18633688,18633688
09-11-2023,FII,47877,199740,1228900,1362992,856578,1116234,625130,582977,51959,60044,63752,47249,3361592,2881840
09-11-2023,Client,258614,159563,1874990,235242,3723477,3172161,3749752,3735598,1334111,580092,847518,685218,10943444,9412891
10-11-2023,TOTAL,452329,452329,3743160,3743160,6677880,6874603,6677880,6874603,1901968,1179915,1901968,1179915,20829855,20829855
10-11-2023,Pro,74671,36136,488974,191540,1310716,1397573,1447585,1471676,465808,524791,814517,430754,4262533,4392208
10-11-2023,Client,252803,156401,1872388,235144,4365311,4166057,4474315,4624873,1382204,590834,872567,699221,12629596,11062521
10-11-2023,DII,82069,60178,157936,1955062,0,72760,0,0,0,0,148911,0,312765,2164151
10-11-2023,FII,42786,199614,1223862,1361414,1001853,1238214,755981,778054,53956,64290,65973,49940,3624961,3210976
12-11-2023,Pro,78079,35827,486404,189414,1493133,1639161,1689622,1846002,469738,521211,816116,437411,4687726,5014392
12-11-2023,FII,43267,199779,1225171,1361424,1073523,1334194,867532,917097,55037,64537,66792,51328,3795729,3463952
12-11-2023,TOTAL,455979,455979,3743910,3743910,7439162,7945030,7439162,7945030,1907313,1188769,1907313,1188769,22680163,22680163
12-11-2023,DII,82069,60158,157836,1955062,0,72760,0,0,0,0,148911,0,312665,2164131
12-11-2023,Client,252564,160215,1874499,238010,4872506,4898916,4882009,5181931,1382538,603021,875494,700030,13884043,12037689
13-11-2023,DII,82691,58802,158062,1953926,0,72760,0,0,0,0,153083,0,313513,2165811
13-11-2023,TOTAL,444059,444059,3752055,3752055,7032200,6942048,7032200,6942048,1953625,1231985,1953625,1231985,21355972,21355972
13-11-2023,FII,44071,191514,1223690,1363251,1018874,1241032,780112,779071,60660,69021,71527,53529,3657348,3239003
13-11-2023,Client,250135,158781,1882857,239103,4737039,4331046,4858165,4822710,1418953,628430,892802,722018,13248460,11693579
13-11-2023,Pro,67162,34962,487446,195775,1276287,1297210,1393924,1340267,474012,534534,836213,456438,4136651,4257579
15-11-2023,Client,246663,160001,1874863,252982,3595061,3842670,3699850,4241107,1348137,690081,894757,731426,11597475,9980123
15-11-2023,FII,48659,191886,1261331,1331997,821105,1124435,650115,701645,66037,75019,75899,60073,3396586,3011615
15-11-2023,Pro,63563,32030,466111,216724,1161330,1224703,1227531,1325315,518866,523523,798692,497124,3958096,4097416
15-11-2023,TOTAL,441463,441463,3759485,3759485,5577496,6268068,5577496,6268068,1933040,1288623,1933040,1288623,19268174,19268174
15-11-2023,DII,82578,57546,157180,1957782,0,76260,0,0,0,0,163692,0,316018,2179020
16-11-2023,Pro,64400,32795,448111,236980,1112030,1152556,1218538,1208458,550473,512246,778205,512262,3839816,3987238
16-11-2023,TOTAL,424693,424693,3753974,3753974,5377900,5548491,5377900,5548491,1948837,1308882,1948837,1308882,18362777,18362777
16-11-2023,Client,229581,155385,1858995,259590,3450179,3231804,3513149,3673818,1328618,719852,905091,736110,10819029,9243143
16-11-2023,DII,77833,56554,153732,1955133,0,75260,0,0,0,0,185272,0,306825,2196959
16-11-2023,FII,52879,179959,1293136,1302271,815691,1088872,646214,666215,69746,76784,80269,60510,3397108,2935437
17-11-2023,TOTAL,436301,436301,3802431,3802431,9319131,7319418,9319131,7319418,2065838,1343372,2065838,1343372,24286491,24286491
17-11-2023,DII,77666,56554,150255,1978850,0,75260,0,0,0,0,195946,0,303181,2231350
17-11-2023,Pro,67739,34499,461744,251082,1777098,1755918,2186342,1629206,562198,535790,840706,525537,5160487,5467372
17-11-2023,Client,243158,161094,1870008,261157,6329149,3966628,5946422,4520650,1432983,727515,942798,753281,14569441,12585402
17-11-2023,FII,47738,184154,1320424,1311342,1212884,1521612,1186368,1169562,70657,80067,86388,64554,4253382,4002367
20-11-2023,Client,241374,152705,1881573,270132,7104323,4508706,6509501,4851720,1543350,719608,977590,759699,15998934,13521347
20-11-2023,DII,75963,56554,150380,1982469,0,75905,0,0,0,0,202874,0,302248,2241897
20-11-2023,TOTAL,423717,423717,3826607,3826607,9994518,7690342,9994518,7690342,2166051,1343622,2166051,1343622,25444857,25444857
20-11-2023,FII,45501,181612,1316784,1321710,1184529,1507093,1248710,1230130,70572,80980,90138,64725,4205459,4137024
20-11-2023,Pro,60879,32846,477870,252296,1705666,1598638,2236308,1608492,552129,543034,895449,519198,4938216,5544589
21-11-2023,TOTAL,415598,415598,3839904,3839904,9313853,7599204,9313853,7599204,2178229,1369122,2178229,1369122,24715910,24715910
21-11-2023,FII,48968,179081,1343388,1315912,1371211,1463459,1231044,1107701,74685,81991,90324,65454,4383702,3989515
21-11-2023,Pro,57614,31276,485883,269833,1548570,1458921,1928309,1533597,559831,548402,895061,538410,4659221,5196486
21-11-2023,DII,75849,57554,146600,1987399,0,78172,0,0,0,0,209819,0,300621,2254772
21-11-2023,Client,233167,147687,1864033,266760,6394072,4598652,6154501,4957906,1543713,738729,983025,765258,15372366,13275137
22-11-2023,DII,76392,57554,139601,1994250,0,80522,0,0,0,0,211219,0,296515,2263023
22-11-2023,Client,261308,180036,1891554,270743,4227496,3689638,4230761,4073337,1560001,729359,987150,764614,12359356,10506641
22-11-2023,Pro,63736,37098,518224,296839,1152389,1244696,1299787,1308121,559038,554004,905926,536320,4092087,4384091
22-11-2023,FII,52714,179462,1362488,1350035,984800,1221423,834138,854821,74265,82724,89009,65153,3778414,3372617
22-11-2023,TOTAL,454150,454150,3911867,3911867,6364685,6236279,6364685,6236279,2193304,1366087,2193304,1366087,20526372,20526372
23-11-2023,DII,76832,57554,135670,1989390,0,84198,0,0,0,0,210965,0,296700,2257909
23-11-2023,TOTAL,463038,463038,3931394,3931394,5350147,5276553,5350147,5276553,2184760,1369055,2184760,1369055,18574947,18574947
23-11-2023,FII,49694,181736,1370362,1345102,732368,1008844,596309,610115,76005,81897,88356,65749,3319170,2887366
23-11-2023,Client,266982,184940,1891936,272671,3503542,3045040,3490800,3482964,1539979,731684,979328,756639,10979163,9167341
23-11-2023,Pro,69530,38808,533426,324231,1114237,1138471,1263039,1183475,568776,555474,906111,546667,3979914,4262331
24-11-2023,DII,75562,57554,134367,1989140,0,85798,0,0,0,0,210988,0,295727,2257682
24-11-2023,Client,263711,167838,1882495,267912,4141681,3772256,4210276,4226717,1481144,703050,946576,735518,12244337,10554836
24-11-2023,FII,53959,183988,1390691,1346422,898404,1192573,758329,786370,73761,81412,85952,61873,3690800,3222933
24-11-2023,TOTAL,455416,455416,3942924,3942924,6291069,6293432,6291069,6293432,2139996,1335412,2139996,1335412,20458249,20458249
24-11-2023,Pro,62184,46036,535371,339450,1250984,1242805,1322465,1280346,585091,550950,896480,538021,4227385,4422798
28-11-2023,DII,75535,55221,134735,2003215,0,73298,0,0,0,0,203974,0,283568,2262410
28-11-2023,FII,59519,188490,1425868,1333132,1048371,1328171,829461,951490,66008,76927,77523,58648,4004864,3438743
28-11-2023,Client,268912,177209,1878206,277753,3996032,4723810,4263981,5013411,1376936,699607,904719,707361,12943503,11344433
28-11-2023,Pro,69921,52967,542095,366804,1331437,1415437,1282399,1575816,614806,549826,871534,560351,4523522,4709871
28-11-2023,TOTAL,473887,473887,3980904,3980904,6375840,7540716,6375840,7540716,2057750,1326360,2057750,1326360,21755457,21755457
29-11-2023,TOTAL,498701,498701,3986452,3986452,7033227,10514965,7033227,10514965,1909119,1294175,1909119,1294175,25236638,25236638
29-11-2023,FII,79047,194965,1461434,1323562,1315650,1703877,1052364,1400700,52043,68231,66855,52875,4680282,4091321
29-11-2023,Client,249257,198793,1854212,276580,4069445,6766386,4423555,6575934,1209285,659585,824054,678132,14808170,12977047
29-11-2023,DII,75525,55221,143445,2017498,0,73298,0,0,0,0,200260,0,292268,2272979
29-11-2023,Pro,94872,49722,527361,368812,1648132,1971404,1557309,2538331,647791,566359,817950,563168,5455919,5895292
30-11-2023,Pro,62389,39755,441489,154158,910285,937815,972627,993296,189797,286863,433190,170386,2828638,2763412
30-11-2023,TOTAL,397386,397386,3651876,3651876,3703236,4177695,3703236,4177695,878882,541408,878882,541408,13350483,13350483
30-11-2023,DII,69838,51236,113914,2003068,0,77022,0,0,0,0,3059,0,260774,2057363
30-11-2023,FII,71456,128404,1352528,1282814,563597,812225,399423,498449,4053,8860,10735,7760,2812719,2327585
30-11-2023,Client,193703,177991,1743945,211836,2229355,2350633,2331187,2685951,685032,245685,431898,363262,7448353,6202124
01-12-2023,FII,78388,125549,1386860,1253251,850083,1117865,795636,877240,30260,33747,44920,30581,3497203,3127177
01-12-2023,DII,69785,51236,120427,2012773,0,82430,0,0,0,0,15409,0,272642,2079418
01-12-2023,Pro,53852,36593,438280,166915,1259295,1380994,1294259,1467010,278174,355462,549184,243901,3766057,3757861
01-12-2023,TOTAL,386916,386916,3658132,3658132,5636770,6389195,5636770,6389195,1135943,713585,1135943,713585,17920540,17920540
01-12-2023,Client,184891,173538,1712565,225193,3527392,3807906,3546876,4044945,827509,324376,526430,439103,10384638,8956084
04-12-2023,DII,88034,49436,124253,2007168,0,62014,0,0,0,0,17128,0,274301,2073732
04-12-2023,Pro,40714,42216,429689,175051,1678608,2079490,1734270,2701149,348650,377671,593463,297776,4954822,5543925
04-12-2023,Client,175242,186980,1678220,225767,3903728,6479543,4140479,6179427,860444,402832,582236,483232,13500008,11798120
04-12-2023,FII,101304,126662,1418203,1242379,1180332,1663142,887920,1403613,38781,40747,55048,40242,4442509,3755863
04-12-2023,TOTAL,405294,405294,3650365,3650365,6762668,10284188,6762668,10284188,1247875,821250,1247875,821250,23171640,23171640
05-12-2023,Client,169323,204441,1668000,236628,5209176,6384330,5065202,6150310,941673,447385,635013,532473,14819886,12824066
05-12-2023,FII,118081,121799,1419809,1235289,1162899,1515136,1036334,1320026,47489,45516,65313,46076,4308930,3824837
05-12-2023,TOTAL,413795,413795,3640518,3640518,7977918,9708219,7977918,9708219,1381383,908594,1381383,908594,24030427,24030427
05-12-2023,DII,85715,48431,125878,1993102,0,68723,0,0,0,0,22482,0,280316,2064015
05-12-2023,Pro,40676,39124,426831,175499,1605843,1740031,1876383,2237883,392221,415693,658575,330045,4621295,5317509
06-12-2023,Pro,33432,43645,439189,181840,1322384,1352052,1523670,1610860,432021,465200,748497,368722,4044278,4477234
06-12-2023,TOTAL,409998,409998,3655094,3655094,6251151,6880030,6251151,6880030,1549687,996620,1549687,996620,19742580,19742580
06-12-2023,Client,162424,210767,1683872,240488,3942496,4229699,4069726,4408451,1061703,474336,688678,570809,11554529,10188918
06-12-2023,DII,84033,48431,125641,2005424,0,74044,0,0,6,0,24761,0,283724,2078616
06-12-2023,FII,130109,107155,1406392,1227342,986271,1224236,657756,860719,55957,57084,87751,57089,3860049,2997812
07-12-2023,DII,78626,48431,122762,2024536,0,73757,0,0,6,0,28331,0,275151,2101298
07-12-2023,Client,176209,224843,1728825,251041,3326337,3759411,3346951,3748397,1157528,501825,739546,613008,10650134,8923785
07-12-2023,Pro,38826,51936,464829,188761,1286511,1326378,1456029,1588920,462253,502195,811681,390598,4080992,4487925
07-12-2023,FII,135508,103959,1384098,1236176,755722,979416,565591,801644,59767,63018,99996,63432,3377529,2870798
07-12-2023,TOTAL,429169,429169,3700514,3700514,5368570,6138961,5368570,6138961,1679554,1067038,1679554,1067038,18383806,18383806
08-12-2023,DII,78947,48431,123565,2022928,0,79757,0,0,5,0,34974,0,282274,2106333
08-12-2023,Client,180138,226519,1711661,253422,4084472,4848642,4243391,4944395,1264145,515335,783932,643330,12604392,11094988
08-12-2023,Pro,36365,56552,479151,187759,1437146,1569321,1513197,1816816,475607,532263,878208,403941,4529853,4856473
08-12-2023,TOTAL,433334,433334,3702102,3702102,6475680,7767400,6475680,7767400,1806491,1115791,1806491,1115791,21300798,21300798
08-12-2023,FII,137884,101832,1387725,1237993,954062,1269681,719093,1006189,66734,68193,109377,68520,3884279,3243004
11-12-2023,TOTAL,436320,436320,3709920,3709920,8023243,8454649,8023243,8454649,1922114,1172054,1922114,1172054,23718300,23718300
11-12-2023,Client,188899,224517,1722819,267297,5358329,5397233,5250888,5449859,1354415,553014,835779,673528,14574708,12701868
11-12-2023,FII,138936,105742,1375784,1224320,1073976,1273071,921342,1041696,68861,72081,115426,71292,4002709,3479818
11-12-2023,DII,73606,48905,124471,2024972,0,79757,0,0,5,0,36431,0,277839,2110308
11-12-2023,Pro,34879,57156,486846,193331,1590938,1704589,1851014,1963094,498833,546959,934478,427234,4863044,5426307
12-12-2023,FII,153862,103634,1379999,1215514,1265903,1183729,1094877,936471,70529,74125,123522,75230,4128147,3549248
12-12-2023,Pro,32839,61235,495004,203312,1736222,1641099,2031782,1670634,508191,576052,992885,444314,4989407,5404162
12-12-2023,DII,66821,49142,123975,2031867,0,77393,0,0,5,0,37814,0,268194,2118823
12-12-2023,Client,185394,224905,1725977,274262,5909849,4801787,5785316,5096902,1453548,567757,878052,698390,14644311,12957827
12-12-2023,TOTAL,438916,438916,3724955,3724955,8911974,7704007,8911974,7704007,2032273,1217934,2032273,1217934,24030059,24030059
13-12-2023,FII,144200,105505,1358827,1229619,1090433,1081546,780278,727428,72397,82874,126783,75705,3830277,3045318
13-12-2023,Pro,27244,55705,513402,205415,1295048,1346659,1442730,1463429,524207,587511,1022084,455255,4294071,4644618
13-12-2023,TOTAL,425365,425365,3749141,3749141,6281071,6052170,6281071,6052170,2111889,1245823,2111889,1245823,19865459,19865459
13-12-2023,DII,66965,49083,123862,2047088,0,83307,0,0,1,0,40719,0,274135,2136890
13-12-2023,Client,186956,215072,1753050,267019,3895590,3540659,4058064,3861313,1515284,575438,922303,714863,11466976,10038634
14-12-2023,FII,145178,109815,1325828,1216908,842084,994076,723565,822521,79740,90519,127410,80777,3477425,3080995
14-12-2023,Pro,36558,55565,514372,218437,1316347,1469871,1446527,1641775,554436,578458,1001117,479205,4470042,4842626
14-12-2023,Client,200981,243969,1776480,253319,3379694,3755530,3368034,3841836,1470777,616307,934508,725302,11199768,9366968
14-12-2023,TOTAL,464667,464667,3739168,3739168,5538125,6306132,5538125,6306132,2104954,1285284,2104954,1285284,19438329,19438329
14-12-2023,DII,81950,55318,122488,2050504,0,86655,0,0,1,0,41919,0,291094,2147741
15-12-2023,FII,153414,103203,1338668,1182611,1092299,1246225,1014584,1108480,88103,99329,132555,85432,4018038,3626864
15-12-2023,DII,84366,54322,123862,2026544,0,94167,0,0,20,0,49068,0,302415,2129934
15-12-2023,TOTAL,488409,488409,3705086,3705086,6426600,7939833,6426600,7939833,2127194,1333660,2127194,1333660,22020782,22020782
15-12-2023,Pro,37245,65290,503181,228369,1629648,1693240,1524579,1883597,576604,580837,1002642,499866,5020755,5204343
15-12-2023,Client,213384,265594,1739375,267562,3704653,4906201,3887438,4947756,1462467,653494,942929,748362,12679573,11059641
18-12-2023,TOTAL,464946,464946,3701974,3701974,8499865,8158688,8499865,8158688,2260474,1363782,2260474,1363782,24449729,24449729
18-12-2023,DII,84374,54304,123456,2024463,0,100710,0,0,0,0,56108,0,308540,2134875
18-12-2023,Client,196817,248388,1737605,265184,5474887,5123362,5225453,5288340,1594790,660114,983555,777363,14787574,12788283
18-12-2023,FII,154317,102912,1319271,1185041,1348764,1245128,1302835,1040615,88439,103945,136026,80789,4259864,3848217
18-12-2023,Pro,29438,59342,521642,227286,1676214,1689488,1971578,1829733,577245,599723,1084785,505630,5093750,5678354
19-12-2023,FII,165520,100112,1304518,1179784,1436104,1510465,1090996,1072512,92784,104437,139060,82797,4613828,3665260
19-12-2023,Pro,38541,65960,535054,234584,1676877,1571116,1893702,1820324,582342,615754,1112111,505252,5019684,5631933
19-12-2023,TOTAL,501922,501922,3696160,3696160,8348879,8346100,8348879,8346100,2332826,1375576,2332826,1375576,24601462,24601462
19-12-2023,DII,88542,64456,116976,2025663,0,94405,0,0,28,0,65065,0,299951,2155184
19-12-2023,Client,209319,271394,1739612,256129,5235898,5170114,5364182,5453264,1657672,655385,1016590,787527,14667999,13149086
20-12-2023,TOTAL,493353,493353,3671836,3671836,7853852,5495116,7853852,5495116,2346160,1295078,2346160,1295078,21155395,21155395
20-12-2023,Client,187185,269980,1664681,248289,4930116,3004768,4783634,3371842,1699564,547426,1003363,753305,12033739,10430413
20-12-2023,FII,183121,97672,1373635,1162025,1378154,1081214,1166660,779662,90377,109902,141688,84038,4216403,3431744
20-12-2023,DII,88724,59456,114252,2016749,0,94487,0,0,28,0,78160,0,297491,2154365
20-12-2023,Pro,34323,66245,519268,244773,1545582,1314647,1903559,1343612,556191,637750,1122949,457735,4607761,5138873
21-12-2023,DII,87852,56368,113507,2038578,0,94507,0,0,28,0,83911,0,295894,2178857
21-12-2023,Client,173323,268545,1701237,234743,3359050,3625256,3447928,3731594,1674050,578370,1013571,745477,11111285,9441858
21-12-2023,Pro,34780,60824,537424,260849,1172388,1272698,1271219,1507034,544336,588076,1076365,448943,4149702,4625234
21-12-2023,FII,179902,90120,1347505,1165503,864380,1140869,676672,894701,88661,108555,133228,80581,3729872,3040804
21-12-2023,TOTAL,475857,475857,3699673,3699673,5395818,6133329,5395818,6133329,2307075,1275001,2307075,1275001,19286753,19286753
22-12-2023,TOTAL,463805,463805,3689016,3689016,6711482,6654137,6711482,6654137,2204208,1293565,2204208,1293565,21016213,21016213
22-12-2023,Pro,33490,56432,500924,268288,1223671,1261797,1401918,1373690,556571,586160,997615,469127,4162613,4567070
22-12-2023,DII,87955,64452,116880,2053651,0,94507,0,0,20,0,91528,0,299362,2209631
22-12-2023,FII,179023,94333,1392990,1128145,1101156,1335030,823243,965960,83522,120258,127145,80162,4211979,3218988
22-12-2023,Client,163337,248588,1678222,238932,4386655,3962804,4486322,4314487,1564095,587147,987920,744276,12342259,11020525
26-12-2023,DII,90667,67452,117701,2060113,0,94507,0,0,0,0,92072,0,302875,2219637
26-12-2023,Client,174305,258986,1690353,250002,4559819,4989037,4959064,5306311,1500270,616814,954432,747121,13530597,12475916
26-12-2023,Pro,42913,59023,503018,283182,1326160,1536297,1461077,1849612,564163,595132,978369,500662,4567683,5131924
26-12-2023,FII,173295,95719,1396800,1114575,1267617,1676716,733456,1140635,71061,108312,110621,72475,4693802,3267480
26-12-2023,TOTAL,481180,481180,3707872,3707872,7153596,8296557,7153596,8296557,2135494,1320258,2135494,1320258,23094957,23094957
27-12-2023,FII,184334,110082,1423012,1102421,1394412,2104904,801278,1424990,55608,94338,90012,61616,5256608,3590398
27-12-2023,Pro,56708,74395,488116,291379,1559798,1920734,1604011,2532399,554508,584391,846649,485703,5164255,5834536
27-12-2023,DII,90478,67452,120216,2059738,0,94507,0,0,0,0,92102,0,305201,2219292
27-12-2023,Client,211995,291586,1682708,260514,4505693,6188648,5054615,6351404,1262900,567087,844253,698497,14419030,13500869
27-12-2023,TOTAL,543515,543515,3714052,3714052,7459903,10308793,7459903,10308793,1873016,1245816,1873016,1245816,25145094,25145094
28-12-2023,Client,184589,250477,1554956,218796,2193066,2404567,2286046,2534806,656640,217537,419062,364362,7211354,6073549
28-12-2023,TOTAL,436427,436427,3445376,3445376,3540636,4099272,3540636,4099272,851622,529879,851622,529879,12903211,12903211
28-12-2023,FII,145233,63595,1425072,1060010,516254,637189,411605,513471,2738,9268,9012,7722,2735754,2065415
28-12-2023,DII,84001,68354,71090,2011591,0,40344,0,0,0,0,1950,0,195435,2081895
28-12-2023,Pro,22604,54001,394258,154979,831316,1017172,842985,1050995,192244,303074,421598,157795,2760668,2682353
29-12-2023,TOTAL,439827,439827,3501938,3501938,5979611,5704505,5979611,5704505,1132729,694120,1132729,694120,17452729,17452729
29-12-2023,Client,183016,246678,1597581,229048,3863403,3313512,4039258,3643097,844854,275120,531392,445355,10077485,9134828
29-12-2023,FII,149713,65624,1412959,1066039,949402,1009728,660692,729080,26171,34436,42494,29631,3582409,2593560
29-12-2023,DII,80009,73611,72859,2046698,0,51290,0,0,0,0,12384,0,204158,2132693
29-12-2023,Pro,27089,53914,418539,160153,1166806,1329975,1279661,1332328,261704,384564,546459,219134,3588677,3591649
01-01-2024,Pro,28249,52376,434894,163514,1468671,1624833,1708483,1708888,299737,430570,610345,245496,4286954,4489102
01-01-2024,FII,148654,67297,1397510,1068069,1292263,1506615,793188,997728,33503,38642,58979,36796,4417187,3022057
01-01-2024,DII,75618,73647,73830,2055584,0,51490,0,0,0,0,32003,0,200938,2161234
01-01-2024,Client,183839,243040,1606742,225809,4795416,4023569,5054679,4499891,960031,308916,591944,495836,11878512,11111199
01-01-2024,TOTAL,436360,436360,3512976,3512976,7556350,7206507,7556350,7206507,1293271,778128,1293271,778128,20783591,20783591
02-01-2024,Client,195331,237965,1626579,249785,6280912,3736471,6250446,4306826,1089322,338453,661653,542985,13267067,12249660
02-01-2024,TOTAL,438677,438677,3575602,3575602,9694132,6736442,9694132,6736442,1474930,849814,1474930,849814,22769596,22769596
02-01-2024,DII,61533,74099,75446,2059977,0,62135,0,0,0,0,59518,0,199114,2193594
02-01-2024,Pro,31786,56051,448364,172347,1776572,1540052,2265348,1569691,342751,467850,680800,264535,4607375,5008772
02-01-2024,FII,150027,70562,1425213,1093493,1636648,1397784,1178338,859925,42857,43511,72959,42294,4696040,3317571
03-01-2024,FII,148146,77548,1414441,1121956,1118687,1014892,832750,711454,47018,49744,83063,46270,3792928,2873041
03-01-2024,Client,190653,222108,1647112,248958,4252096,3038646,4363290,3462806,1218356,371416,729644,589526,10718278,9616332
03-01-2024,DII,58639,77605,74491,2067473,0,63594,0,0,84,0,78035,0,196808,2223113
03-01-2024,TOTAL,422390,422390,3609268,3609268,6617413,5413468,6617413,5413468,1643838,923496,1643838,923496,18629872,18629872
03-01-2024,Pro,24952,45129,473224,170881,1246630,1296336,1421373,1239208,378380,502336,753096,287700,3921858,3917387
04-01-2024,TOTAL,424171,424171,3647229,3647229,4754003,5705887,4754003,5705887,1747464,981909,1747464,981909,17260662,17260662
04-01-2024,DII,58535,78040,73033,2087197,0,65962,0,0,84,430,96027,0,198044,2261264
04-01-2024,FII,148523,76456,1416082,1132493,729043,831868,463513,653110,53747,54242,86696,51452,3233505,2463720
04-01-2024,Client,194255,226533,1669200,256405,2885314,3394011,3191812,3582969,1279496,420090,778348,621164,9842365,8657231
04-01-2024,Pro,22858,43142,488914,171134,1139646,1414046,1098678,1469808,414137,507147,786393,309293,3986748,3878448
05-01-2024,Client,189489,225431,1662387,260822,4666702,3745783,5120968,4339977,1385999,427592,833194,650229,12077951,11430621
05-01-2024,DII,59660,78034,73189,2077976,0,66532,0,0,89,666,111013,0,200136,2267023
05-01-2024,TOTAL,419947,419947,3652154,3652154,7183166,6349975,7183166,6349975,1878535,1018665,1878535,1018665,20502441,20502441
05-01-2024,Pro,19446,41383,491586,169669,1384039,1416403,1266901,1288804,434827,529985,834155,313276,4276286,3914188
05-01-2024,FII,151352,75099,1424992,1143687,1132425,1121257,795297,721194,57620,60422,100173,55160,3948068,2890610
08-01-2024,Client,197049,234261,1677224,260940,6657085,3703911,6311289,4075376,1514511,431279,877925,674699,14181058,12434490
08-01-2024,Pro,40026,42407,514924,177053,1846314,1598068,2267932,1462723,446232,558905,917800,320268,5004469,5188183
08-01-2024,FII,152854,93872,1419606,1179965,1360438,1156891,1284616,993217,62973,67873,113432,63756,4220635,3728858
08-01-2024,TOTAL,449589,449589,3685649,3685649,9863837,6531316,9863837,6531316,2023884,1058723,2023884,1058723,23612997,23612997
08-01-2024,DII,59660,79049,73895,2067691,0,72446,0,0,168,666,114727,0,206835,2261467
09-01-2024,DII,59660,79064,74401,2066335,0,72474,0,0,137,666,115503,0,207338,2260902
09-01-2024,FII,164765,90877,1442048,1191994,1320520,1166029,1140485,996314,69435,73463,124773,71752,4236260,3616195
09-01-2024,Client,184395,232078,1671437,258495,6474592,3608960,6242166,3976495,1545305,453655,907261,684230,13938343,12300725
09-01-2024,Pro,34381,41182,510462,181524,1660684,1498368,2073145,1373022,456758,564932,924098,336734,4725585,4929705
09-01-2024,TOTAL,443201,443201,3698348,3698348,9455796,6345831,9455796,6345831,2071635,1092716,2071635,1092716,23107526,23107526
10-01-2024,FII,158987,93000,1447692,1213208,796917,983388,632464,766719,73925,76747,134046,76798,3537656,2916235
10-01-2024,DII,58082,77068,74550,2089705,0,72470,0,0,124,666,122279,0,205892,2289052
10-01-2024,Pro,35898,41311,517779,183904,1245199,1371426,1210996,1314842,467125,561006,928826,347989,4198433,4027868
10-01-2024,Client,180562,222150,1699909,253113,3666757,3425983,3865413,3771706,1578890,479285,934913,692917,11031385,9740212
10-01-2024,TOTAL,433529,433529,3739930,3739930,5708873,5853267,5708873,5853267,2120064,1117704,2120064,1117704,18973366,18973366
11-01-2024,TOTAL,446210,446210,3794781,3794781,5107912,4941216,5107912,4941216,2256544,1235891,2256544,1235891,17782553,17782553
11-01-2024,Client,190940,231247,1723892,276883,3246572,2647460,3332712,3112936,1663896,551181,991909,733265,10023940,8678952
11-01-2024,Pro,42077,42104,521709,208406,1178308,1427666,1201171,1212111,508663,593787,987761,412719,4272210,4064272
11-01-2024,DII,55182,81468,81763,2098155,0,72474,0,0,135,666,127833,0,210220,2307456
11-01-2024,FII,158011,91391,1467417,1211337,683032,793616,574029,616169,83850,90257,149041,89907,3276183,2731874
12-01-2024,Client,189917,231913,1717951,277499,3593334,4357919,3991856,4696806,1664896,605840,1013582,749402,12129856,10961058
12-01-2024,FII,158057,91438,1471574,1203576,1069803,1287572,789949,1014822,91224,94872,157810,98639,4173102,3356234
12-01-2024,DII,54952,81368,88478,2106274,0,79404,0,0,142,666,129812,0,223642,2317454
12-01-2024,TOTAL,440187,440187,3813275,3813275,6056747,7380241,6056747,7380241,2309208,1300029,2309208,1300029,21299686,21299686
12-01-2024,Pro,37261,35468,535272,225926,1393610,1655346,1274942,1668613,552946,598651,1008004,451988,4773086,4664941
15-01-2024,Pro,37211,38413,545669,236341,1411937,1737628,1439810,2095375,578709,620323,1068729,489132,4931477,5367800
15-01-2024,TOTAL,457330,457330,3836963,3836963,6799153,9064437,6799153,9064437,2408344,1358662,2408344,1358662,23924888,23924888
15-01-2024,FII,168754,87059,1482726,1214010,1255018,1578879,936898,1322892,96390,101507,169501,105670,4683274,3836030
15-01-2024,DII,56232,85822,89860,2105255,0,79346,0,0,113,666,134009,0,226217,2325086
15-01-2024,Client,195133,246036,1718708,281357,4132198,5668584,4422445,5646170,1733132,636166,1036105,763860,14083920,12395973
16-01-2024,FII,167618,88019,1470342,1211423,1507892,1648382,1087922,1120895,97557,110444,172562,108552,5002235,3789373
16-01-2024,TOTAL,459062,459062,3830741,3830741,7818988,8149140,7818988,8149140,2507157,1377903,2507157,1377903,24142990,24142990
16-01-2024,Pro,44544,41177,555605,241107,1417711,1535877,1607622,1687025,580316,643468,1134611,490143,4777521,5201685
16-01-2024,Client,190414,244020,1714396,284155,4893385,4888035,5123444,5341220,1829166,623325,1062123,779208,14138720,12834170
16-01-2024,DII,56486,85846,90398,2094056,0,76846,0,0,118,666,137861,0,224514,2317763
17-01-2024,FII,133378,112724,1467435,1288020,1093262,1247091,1125875,1136807,100009,120637,178650,106189,4161812,3948265
17-01-2024,Client,247279,227800,1756270,261932,5268881,2739140,4851385,3122001,1937315,563167,1088267,784397,12512051,10335782
17-01-2024,Pro,51322,60695,594380,242322,1438370,1298247,1823253,1095037,572369,672099,1194701,465553,4626787,4881561
17-01-2024,DII,55022,85782,91767,2117578,0,69367,0,0,111,236,148186,0,216503,2351546
17-01-2024,TOTAL,487001,487001,3909852,3909852,7800513,5353845,7800513,5353845,2609804,1356139,2609804,1356139,21517153,21517153
18-01-2024,TOTAL,510501,510501,3954690,3954690,6592552,5011855,6592552,5011855,2676534,1363144,2676534,1363144,20109275,20109275
18-01-2024,DII,54541,86568,92561,2144198,0,64156,0,0,105,1214,162014,0,212577,2392780
18-01-2024,Client,279372,224032,1798113,245624,4375941,2602652,4058509,3006651,1988260,572727,1116275,785982,11617064,9437073
18-01-2024,FII,125972,130631,1455587,1302537,850304,1083783,827163,850139,105448,122594,181563,106586,3743688,3398619
18-01-2024,Pro,50616,69270,608429,262331,1366307,1261264,1706880,1155065,582721,666609,1216682,470576,4535946,4880804
19-01-2024,Pro,57408,70283,586946,285650,1588908,1487908,1988777,1369454,600783,667946,1183723,497329,4989899,5395216
19-01-2024,Client,282062,218692,1793564,250752,5621894,3217322,5257806,3649655,1949837,610185,1129618,800786,13474863,11307309
19-01-2024,FII,124833,141073,1512453,1299905,1218345,1307858,1182564,1056621,108501,124175,180409,105405,4396165,3965977
19-01-2024,TOTAL,518852,518852,3993394,3993394,8429147,6075730,8429147,6075730,2659214,1403520,2659214,1403520,23079856,23079856
19-01-2024,DII,54549,88804,100431,2157087,0,62642,0,0,93,1214,165464,0,218929,2411355
20-01-2024,DII,54667,88779,102938,2159148,0,62642,0,0,93,1214,164742,0,221554,2412669
20-01-2024,Pro,57641,56758,586807,311438,1503585,1385626,1784608,1283486,615383,657700,1142988,497571,4806742,5076849
20-01-2024,TOTAL,512630,512630,4030370,4030370,8272419,6184917,8272419,6184917,2581730,1390296,2581730,1390296,22972361,22972361
20-01-2024,Client,275474,219681,1815530,254623,5629511,3496637,5368264,3845072,1855861,604530,1099286,789876,13677542,11576802
20-01-2024,FII,124848,147412,1525095,1305161,1139323,1240012,1119547,1056359,110393,126852,174714,102849,4266523,3906042
23-01-2024,Client,287427,227240,1761568,244014,7058353,3531020,6596980,3840428,1803618,518714,1025563,745195,14960699,12679420
23-01-2024,FII,126211,145040,1563444,1334426,1370528,1321585,1290008,1129595,83095,110578,147722,82603,4575441,4129394
23-01-2024,Pro,62211,71818,564603,291025,2009379,1391492,2551272,1335669,574442,655306,1124160,458014,5257433,5831958
23-01-2024,DII,54678,86429,113722,2133872,0,61595,0,0,120,1214,163830,0,231329,2384131
23-01-2024,TOTAL,530527,530527,4003337,4003337,10438260,6305692,10438260,6305692,2461275,1285812,2461275,1285812,25024902,25024902
24-01-2024,TOTAL,559134,559134,4044443,4044443,10775653,7842006,10775653,7842006,2165134,1215537,2165134,1215537,26601906,26601906
24-01-2024,FII,131082,139638,1601668,1298633,1480277,1556906,1427310,1427680,58726,90516,119955,62981,4919175,4476197
24-01-2024,Pro,83361,87192,548149,307277,1986603,1636704,2421216,1736129,566636,609130,939328,452575,5430583,5943717
24-01-2024,Client,289657,240579,1781584,246178,7308773,4594763,6927127,4678197,1539646,514670,943619,699981,16029092,13735681
24-01-2024,DII,55034,91725,113042,2192355,0,53633,0,0,126,1221,162232,0,223056,2446312
25-01-2024,Pro,93872,48115,446145,134916,959085,966942,1085037,803086,172114,325459,411165,146296,2963617,2628615
25-01-2024,TOTAL,517994,517994,3819914,3819914,4390594,3630198,4390594,3630198,857618,571550,857618,571550,13787867,13787867
25-01-2024,FII,42771,151654,1490432,1382808,637682,761971,608348,588317,2521,8390,13080,8725,2943767,2752932
25-01-2024,DII,56514,90925,58390,2122815,0,17651,0,0,45,47,1282,0,132647,2215022
25-01-2024,Client,324837,227300,1824947,179375,2793827,1883634,2697209,2238795,682938,237654,432091,416529,7747836,6191299
29-01-2024,DII,56372,95773,62378,2152394,0,18641,0,0,45,47,18226,0,137483,2266393
29-01-2024,TOTAL,509035,509035,3868376,3868376,6694810,6485970,6694810,6485970,1098990,721897,1098990,721897,19379077,19379077
29-01-2024,Client,322429,219388,1798698,204329,4271334,3812863,4151541,3969290,799141,316193,545276,481147,11320657,9570971
29-01-2024,Pro,82067,46587,444596,153756,1447285,1459309,1541343,1405758,262524,367844,485345,206477,4063625,3839266
29-01-2024,FII,48167,147287,1562704,1357897,976191,1195157,1001926,1110922,37280,37813,50143,34273,3857312,3702448
30-01-2024,DII,58076,97216,62609,2171415,0,21818,0,0,66,40,33923,0,142609,2302554
30-01-2024,TOTAL,487385,487385,3888034,3888034,7977826,6078368,7977826,6078368,1292021,808502,1292021,808502,20532135,20532135
30-01-2024,Pro,68502,43353,451385,157850,1681092,1477722,1870275,1227881,301739,420919,572068,235354,4401359,4106781
30-01-2024,Client,314558,200611,1818159,205262,5253269,3414448,4938143,3793094,943134,338076,616636,530421,12081643,10284167
30-01-2024,FII,46249,146205,1555881,1353507,1043465,1164380,1169408,1057393,47082,49467,69394,42727,3906524,3838634
31-01-2024,Client,286361,195253,1793713,218947,3259965,2541540,2877599,2570036,991064,382323,666906,554250,9254965,7082991
31-01-2024,TOTAL,474664,474664,3879185,3879185,4953234,4300693,4953234,4300693,1386800,872167,1386800,872167,15866742,15866742
31-01-2024,FII,64525,151876,1571610,1310576,616143,711909,804545,717283,55392,54644,82584,52422,3074223,3119286
31-01-2024,Pro,67249,36319,450431,162781,1077126,1022464,1271090,1013374,340278,435160,597732,265495,3392708,3346791
31-01-2024,DII,56529,91216,63431,2186881,0,24780,0,0,66,40,39578,0,144846,2317675
01-02-2024,Pro,67473,38899,462284,172290,1146975,1069337,1349598,1050683,373730,470893,691978,302971,3590692,3606419
01-02-2024,Client,285623,201145,1824022,226497,3614522,2865248,3346345,3008335,1147495,424840,723831,598101,10161749,8104254
01-02-2024,TOTAL,476823,476823,3925316,3925316,5529137,4758300,5529137,4758300,1584227,957063,1584227,957063,17230865,17230865
01-02-2024,DII,56204,88916,61140,2186008,0,24780,0,0,66,40,74408,0,142230,2349332
01-02-2024,FII,67523,147863,1577870,1340521,767640,798935,833194,699282,62936,61290,94010,55991,3336194,3170861
02-02-2024,FII,69557,144454,1630414,1309189,956755,1050207,1028894,1031466,71504,66350,97469,62495,3844787,3673967
02-02-2024,Pro,64490,45130,453044,188875,1436374,1372242,1635473,1238297,410854,480845,701268,330030,4217849,4139073
02-02-2024,TOTAL,477333,477333,3942246,3942246,7124224,5934409,7124224,5934409,1651406,1022589,1651406,1022589,20152206,20152206
02-02-2024,DII,56219,90258,69698,2212014,0,24754,0,0,21,40,93171,0,150732,2395443
02-02-2024,Client,287067,197491,1789090,232168,4731095,3487206,4459857,3664646,1169027,475354,759498,630064,11938838,9943724
05-02-2024,FII,81398,143396,1638597,1331722,1045205,1067987,1230377,1078956,77052,71828,103684,66013,3982067,3954148
05-02-2024,TOTAL,477307,477307,3975114,3975114,9075144,6668184,9075144,6668184,1803259,1076046,1803259,1076046,23075053,23075053
05-02-2024,Client,281556,197150,1808036,246362,6251672,4066380,5744996,4215633,1292134,497350,808105,657323,14197127,11869569
05-02-2024,DII,56180,90258,75149,2201282,0,24754,0,0,21,40,108584,0,156144,2400124
05-02-2024,Pro,58173,46503,453332,195748,1778267,1509063,2099771,1373595,434052,506828,782886,352710,4739715,4851213
06-02-2024,TOTAL,498845,498845,3994917,3994917,8716418,7260737,8716418,7260737,1881007,1147923,1881007,1147923,23499846,23499846
06-02-2024,Pro,71383,45538,472699,202142,1685306,1521419,1870403,1515474,467095,522819,811115,388788,4740721,4833460
06-02-2024,DII,56227,90258,77009,2211305,0,24754,0,0,21,40,115270,0,158051,2416833
06-02-2024,Client,282645,214184,1833275,257582,5867266,4600807,5614768,4656101,1328077,548605,847979,686428,14460674,12277042
06-02-2024,FII,88590,148865,1611934,1323888,1163846,1113757,1231247,1089162,85814,76459,106643,72707,4140400,3972512
07-02-2024,Client,283916,209078,1864408,250679,3622756,3218621,3623873,3472900,1405752,559705,870508,711356,10955157,9138394
07-02-2024,TOTAL,513462,513462,4014835,4014835,5504636,5301857,5504636,5301857,1984994,1188046,1984994,1188046,18507829,18507829
07-02-2024,Pro,84993,47494,490719,201867,1202585,1216978,1218511,1113972,490228,548201,868230,401824,4033704,3851898
07-02-2024,DII,56272,88258,79596,2218658,0,24754,0,0,45,40,130672,0,160707,2437588
07-02-2024,FII,88281,168632,1580112,1343631,679295,841504,662252,714985,88969,80100,115584,74866,3358261,3079950
08-02-2024,Client,298798,215215,1903603,229836,4140028,2511397,3919935,2952748,1514223,557262,906499,731597,10925310,8955830
08-02-2024,DII,56808,83258,83648,2224434,0,24754,0,0,21,40,139195,0,165271,2446887
08-02-2024,Pro,81526,45899,509199,197392,1490582,1364477,1696019,1108547,499914,586217,929951,415734,4531915,4393542
08-02-2024,FII,87405,180165,1554011,1398799,830770,931532,845426,770865,91019,86420,129532,82608,3581157,3407395
08-02-2024,TOTAL,524537,524537,4050461,4050461,6461380,4832160,6461380,4832160,2105177,1229939,2105177,1229939,19203653,19203653
09-02-2024,TOTAL,500690,500690,4076869,4076869,6773956,6170014,6773956,6170014,2180903,1247293,2180903,1247293,20949724,20949724
09-02-2024,Pro,77015,39862,526437,200973,1560286,1473941,1542173,1348594,509845,599513,963668,420790,4747037,4516060
09-02-2024,FII,90876,174729,1562708,1429056,907870,1006217,906212,899434,100518,90845,130996,83873,3759034,3624300
09-02-2024,DII,56817,80758,89680,2218386,0,24754,0,0,47,40,146378,0,171338,2445522
09-02-2024,Client,275982,205341,1898044,228454,4305800,3665102,4325571,3921986,1570493,556895,939861,742630,12272315,10363843
12-02-2024,Client,298692,214823,1887387,224702,6547330,3703607,6101415,4035758,1702231,544869,978497,750138,14684115,12305333
12-02-2024,FII,92567,178902,1588225,1435968,1162184,1135584,1268049,1038529,104307,96709,142779,88079,4179576,4152306
12-02-2024,Pro,68274,44413,531608,207726,1997147,1655621,2337197,1445279,506375,617411,1027134,420812,5376436,5482561
12-02-2024,DII,56863,78258,89957,2228781,0,24754,0,0,109,40,164612,0,171723,2471651
12-02-2024,TOTAL,516396,516396,4097177,4097177,9706661,6519566,9706661,6519566,2313022,1259029,2313022,1259029,24411850,24411850
13-02-2024,TOTAL,523367,523367,4109003,4109003,7621880,7440941,7621880,7440941,2319972,1274315,2319972,1274315,23289477,23289477
13-02-2024,Pro,88929,44975,529519,210274,1748993,1743902,1548488,1681090,515753,603071,1008468,432586,5230167,4925881
13-02-2024,DII,55353,75984,90653,2248525,0,24754,0,0,83,40,173678,0,170883,2498187
13-02-2024,FII,98261,180536,1600270,1419990,1014099,1163291,1056402,1065952,113069,99683,143070,90491,4088673,3956441
13-02-2024,Client,280824,221872,1888561,230214,4858788,4508994,5016990,4693899,1691067,571521,994756,751238,13799754,11908969
14-02-2024,FII,103459,183989,1600998,1433436,723744,978840,658383,739131,122008,105640,144337,94816,3634689,3254092
14-02-2024,DII,55432,77990,92146,2254049,0,24754,0,0,83,40,179369,0,172455,2511408
14-02-2024,TOTAL,507320,507320,4139508,4139508,4948859,5875177,4948859,5875177,2320046,1301010,2320046,1301010,19091919,19091919
14-02-2024,Client,265013,205446,1914507,231909,3072535,3531048,3222635,3781619,1663712,594268,999901,755927,11041082,9197437
14-02-2024,Pro,83416,39895,531857,220114,1152580,1340535,1067841,1354427,534243,601062,996439,450267,4243693,4128983
15-02-2024,DII,57225,75520,94124,2261105,0,25064,0,0,187,94,179938,0,176694,2516563
15-02-2024,Client,259050,194944,1938059,230202,2718320,3289713,2856815,3457902,1714970,622844,1029039,777036,10542955,8545938
15-02-2024,Pro,67545,38158,543364,224900,1150422,1311207,1039937,1267131,555427,616381,1029913,469812,4244346,4069851
15-02-2024,TOTAL,485163,485163,4175024,4175024,4654258,5459938,4654258,5459938,2393616,1348416,2393616,1348416,18516414,18516414
15-02-2024,FII,101343,176541,1599477,1458817,785516,833954,757506,734905,123032,109097,154726,101568,3552419,3384063
16-02-2024,TOTAL,492876,492876,4186230,4186230,5881673,6903393,5881673,6903393,2453933,1391713,2453933,1391713,21309817,21309817
16-02-2024,Pro,63319,39240,542933,227258,1276631,1488339,1159751,1497532,583965,623269,1044536,487222,4578456,4455539
16-02-2024,FII,111842,180632,1614300,1458379,946250,1108076,1000887,1028296,132322,118463,165565,107022,4031253,3940781
16-02-2024,DII,57235,77755,95145,2272133,0,29064,0,0,133,40,189401,0,181617,2539289
16-02-2024,Client,260480,195249,1933852,228460,3658792,4277914,3721035,4377565,1737513,649941,1054431,797469,12518491,10374209
19-02-2024,Client,256764,195898,1947383,229407,4481847,5162521,4424858,5116809,1808001,666660,1085875,813986,14323175,11866833
19-02-2024,FII,116489,180298,1600673,1465863,996550,1181790,1109914,1172981,132678,122243,171498,108136,4150423,4208690
19-02-2024,Pro,60806,38054,553784,231654,1370872,1603584,1314497,1687169,594734,633535,1088239,500356,4817315,4859969
19-02-2024,TOTAL,492005,492005,4198437,4198437,6849269,7976959,6849269,7976959,2535546,1422478,2535546,1422478,23474693,23474693
19-02-2024,DII,57946,77755,96597,2271513,0,29064,0,0,133,40,189934,0,183780,2539202
20-02-2024,Pro,57235,37829,574052,231752,1558281,1694244,1295795,1958413,587698,641798,1116912,494491,5113308,5135192
20-02-2024,DII,57973,82755,98299,2250775,0,29064,0,0,99,40,191188,0,185475,2524718
20-02-2024,TOTAL,491043,491043,4190927,4190927,6624663,8978812,6624663,8978812,2592499,1427372,2592499,1427372,24305315,24305315
20-02-2024,FII,120958,175772,1588555,1472306,1018422,1345696,1140188,1323002,135176,124807,173252,109171,4333614,4393691
20-02-2024,Client,254877,194687,1930021,236094,4047960,5909808,4188680,5697397,1869526,660727,1111147,823710,14672918,12251715
21-02-2024,TOTAL,501847,501847,4194866,4194866,6071610,5333600,6071610,5333600,2636666,1421635,2636666,1421635,20160223,20160223
21-02-2024,Pro,55934,47837,576370,248823,1232844,1246930,1304498,1086590,572599,650226,1141093,483693,4334903,4312534
21-02-2024,FII,130909,178339,1587761,1473152,824048,912799,788754,779988,137468,127771,180656,106051,3720756,3506940
21-02-2024,Client,256640,195685,1930569,240841,4014718,3144807,3978358,3467022,1926496,643598,1120495,831891,11916827,9834292
21-02-2024,DII,58364,79986,100166,2232050,0,29064,0,0,103,40,194422,0,187737,2506458
22-02-2024,FII,134577,169246,1616101,1519251,704689,868408,623041,664470,141502,129025,175896,104501,3594302,3256405
22-02-2024,Pro,46944,48919,597510,268764,1183283,1225823,1150079,1107354,577353,633035,1097841,493997,4263948,4166954
22-02-2024,TOTAL,503407,503407,4273817,4273817,4856174,4939241,4856174,4939241,2585138,1425928,2585138,1425928,18583704,18583704
22-02-2024,Client,264995,199212,1957726,238456,2968202,2815946,3083054,3167417,1866213,663828,1115583,827430,10536909,8631152
22-02-2024,DII,56891,86030,102480,2247346,0,29064,0,0,70,40,195818,0,188545,2529194
23-02-2024,Pro,48638,52729,595554,299656,1369800,1443268,1426692,1247878,587654,627771,1084067,495380,4672685,4606402
23-02-2024,FII,129896,166954,1636643,1496016,949017,1106615,924734,892205,139601,135092,175622,100970,4096864,3756501
23-02-2024,TOTAL,505211,505211,4276350,4276350,6744972,6098882,6744972,6098882,2549189,1422405,2549189,1422405,21597008,21597008
23-02-2024,DII,56961,83980,103304,2237825,0,43064,0,0,26,40,195097,0,203395,2516902
23-02-2024,Client,269716,201548,1940849,242853,4426155,3505935,4393546,3958799,1821908,659502,1094403,826055,12624064,10717204
26-02-2024,Pro,48215,68715,597187,302334,1630469,1708586,1745191,1443523,587613,633298,1091231,488049,5205368,5139043
26-02-2024,TOTAL,519560,519560,4262171,4262171,8375497,6856482,8375497,6856482,2526572,1397988,2526572,1397988,23938269,23938269
26-02-2024,FII,135063,164200,1623880,1475624,1073211,1186467,1110493,1040092,133105,133344,169654,97817,4285070,4057880
26-02-2024,DII,56993,83980,98891,2238529,0,41817,0,0,26,40,193798,0,197767,2516307
26-02-2024,Client,279289,202665,1942213,245684,5671817,3919612,5519813,4372867,1805828,631306,1071889,812122,14250064,12225040
27-02-2024,FII,142334,169376,1655435,1522243,1157376,1250518,1156857,1085424,111642,117137,142915,87825,4434442,4164640
27-02-2024,TOTAL,531745,531745,4291810,4291810,8050611,7095411,8050611,7095411,2439088,1370841,2439088,1370841,23779505,23779505
27-02-2024,Pro,49087,70344,590164,292893,1478303,1649468,1497628,1431299,597718,634637,1067100,490541,4999377,4849805
27-02-2024,Client,283413,204045,1947820,243405,5414932,4146361,5396126,4578688,1729702,619027,1036218,792475,14141254,12250957
27-02-2024,DII,56911,87980,98391,2233269,0,49064,0,0,26,40,192855,0,204432,2514104
28-02-2024,FII,141858,171825,1664948,1536755,1486944,1354155,1725391,1343947,82474,99897,114093,68419,4830276,4960430
28-02-2024,DII,55413,87980,107960,2223040,0,45602,0,0,58,40,187603,0,209073,2498623
28-02-2024,Pro,55451,67997,580971,283656,2065965,1735345,2618433,1455487,575091,649459,1028978,454015,5662282,5908566
28-02-2024,TOTAL,550558,550558,4275742,4275742,11505335,7273274,11505335,7273274,2273736,1277239,2273736,1277239,27155883,27155883
28-02-2024,Client,297836,222756,1921863,232291,7952426,4138172,7161511,4473840,1616113,527843,943062,754805,16454252,13788265
29-02-2024,Client,285811,206265,1894124,182337,2273905,2023898,2361366,2365463,757456,232416,428347,407370,7467609,5951148
29-02-2024,FII,68757,127725,1631721,1554101,590332,687032,520943,492936,5217,9543,19102,15778,2992602,2730585
29-02-2024,Pro,58273,50864,493786,133858,1008821,1004200,990749,893411,176002,340175,489296,158986,3081257,2717164
29-02-2024,TOTAL,466888,466888,4091072,4091072,3873058,3751810,3873058,3751810,938733,582134,938733,582134,13703694,13703694
29-02-2024,DII,54047,82034,71441,2220776,0,36680,0,0,58,0,1988,0,162226,2304798
01-03-2024,TOTAL,537951,537951,4100448,4100448,5634647,7275576,5634647,7275576,1139831,711132,1139831,711132,19399584,19399584
01-03-2024,DII,54482,89587,76403,2228034,0,37581,0,0,58,0,18645,0,168524,2336266
01-03-2024,FII,72084,134845,1670078,1527943,953371,1190949,949289,1058526,35313,35200,55264,44005,3956995,3769872
01-03-2024,Client,355122,262107,1871569,198155,3109061,4454718,3366422,4493062,855864,312429,529511,462258,10958762,9311515
01-03-2024,Pro,56263,51412,482398,146316,1572215,1592328,1318936,1723988,248596,363503,536411,204869,4315303,3981932
02-03-2024,DII,54482,89587,77441,2228089,0,37541,0,0,58,0,18645,0,169522,2336321
02-03-2024,Client,357025,263388,1877986,200205,3441092,4828215,3634977,4853707,881471,327636,548287,477135,11713424,9977699
02-03-2024,FII,73328,134660,1668632,1530491,1003249,1227392,991075,1090695,36733,36377,56799,45095,4045711,3848815
02-03-2024,Pro,54452,51652,485544,150818,1482518,1611936,1300807,1760682,258502,368766,553033,210549,4261718,4027541
02-03-2024,TOTAL,539287,539287,4109603,4109603,5926859,7705084,5926859,7705084,1176764,732779,1176764,732779,20190375,20190375
04-03-2024,Pro,51626,58791,481715,156336,1591324,1821565,1487051,1979681,287553,398233,611499,232776,4632016,4526134
04-03-2024,Client,389917,303418,1895871,199770,4262349,5485416,4335616,5331650,995126,368952,613054,526521,13397630,11310029
04-03-2024,DII,60300,89587,83411,2233833,0,42191,0,0,58,0,37037,0,185960,2360457
04-03-2024,FII,79148,129195,1648296,1519354,1077609,1104290,1108615,1142131,44226,41064,65373,48952,3994633,4013620
04-03-2024,TOTAL,580991,580991,4109293,4109293,6931282,8453462,6931282,8453462,1326963,808249,1326963,808249,22210239,22210239
05-03-2024,Pro,65047,56788,506555,159598,1606766,1740404,1449362,1865526,312018,439935,687684,255581,4670725,4474539
05-03-2024,Client,433998,352296,1934665,207636,4225390,5349833,4281295,5230715,1135328,394129,673837,570268,13473342,11316047
05-03-2024,TOTAL,638473,638473,4169852,4169852,6879248,8330584,6879248,8330584,1497948,883756,1497948,883756,22399860,22399860
05-03-2024,FII,78694,143635,1642391,1567955,1047092,1198133,1148591,1234343,50544,49692,80093,57907,4066546,4232524
05-03-2024,DII,60734,85754,86241,2234663,0,42214,0,0,58,0,56334,0,189247,2376751
06-03-2024,Client,433179,383111,1933750,209627,3062689,3882540,3272997,3979801,1218094,402877,714724,592350,10933128,9152610
06-03-2024,TOTAL,656664,656664,4164402,4164402,5243837,6367116,5243837,6367116,1617907,942393,1617907,942393,18992318,18992318
06-03-2024,Pro,73233,52137,512998,165792,1407937,1473556,1257408,1545729,339615,471694,733228,279622,4279033,4033916
06-03-2024,DII,60931,85754,94335,2237484,0,42271,0,0,58,0,71612,0,197595,2394850
06-03-2024,FII,89321,135662,1623319,1551499,773211,968749,713432,841586,60140,67822,98343,70421,3582562,3410943
07-03-2024,Pro,55776,54499,504509,176846,1303318,1395570,1312954,1319641,371037,488304,765422,305946,4118514,3935308
07-03-2024,Client,437381,376749,1912331,222067,3219222,3178931,3303127,3422805,1277079,435826,752858,616017,10460769,8693623
07-03-2024,TOTAL,638290,638290,4154202,4154202,5377296,5547410,5377296,5547410,1713165,996295,1713165,996295,18426657,18426657
07-03-2024,DII,58204,86318,106838,2234024,0,42317,0,0,58,0,88144,0,207417,2408486
07-03-2024,FII,86929,120724,1630524,1521265,854756,930592,761215,804964,64991,72165,106741,74332,3639957,3389241
11-03-2024,Client,454109,390108,1917279,230688,5537802,3739946,5329866,4086889,1405823,437699,806587,640323,13492657,11484461
11-03-2024,FII,83947,118922,1632405,1509662,1128240,1114810,1126807,1044038,68392,77641,114062,79378,4105435,3992869
11-03-2024,TOTAL,653695,653695,4179383,4179383,8547975,6672288,8547975,6672288,1848960,1033233,1848960,1033233,22935533,22935533
11-03-2024,Pro,54344,66447,522367,194320,1881933,1775194,2091302,1541361,374651,517893,831724,313532,5126382,5038686
11-03-2024,DII,61295,78218,107332,2244713,0,42338,0,0,94,0,96587,0,211059,2419518
12-03-2024,Pro,66937,82886,529092,201538,1940443,1716975,1950317,1511458,378526,531867,858371,309347,5163840,4913917
12-03-2024,TOTAL,681776,681776,4170730,4170730,7989709,6444537,7989709,6444537,1925786,1041269,1925786,1041269,22253806,22253806
12-03-2024,FII,91508,121829,1633318,1477245,1035394,932561,1010161,885706,74761,73272,118484,82145,3840814,3695570
12-03-2024,DII,60372,80668,110913,2263001,0,42338,0,0,94,0,110110,0,213717,2453779
12-03-2024,Client,462959,396393,1897407,228946,5013872,3752663,5029231,4047373,1472405,436130,838821,649777,13035435,11190541
13-03-2024,DII,60158,71285,113951,2277047,0,46354,0,0,101,0,131013,0,220564,2479345
13-03-2024,TOTAL,686525,686525,4173926,4173926,7654004,5421529,7654004,5421529,2070297,1024831,2070297,1024831,21031111,21031111
13-03-2024,FII,89080,132900,1665304,1452096,1049042,1049017,1020094,923738,75292,74911,125865,83452,4002646,3738145
13-03-2024,Pro,65010,87167,545232,207168,1694718,1553909,1933030,1354530,384475,565119,957845,301083,4808463,4840823
13-03-2024,Client,472277,395173,1849439,237615,4910244,2772249,4700880,3143261,1610429,384801,855574,640296,11999438,9972799
14-03-2024,Client,478702,409596,1855315,234066,3292243,2652278,3313406,2998809,1617571,416726,897918,637910,10312834,8491705
14-03-2024,DII,60637,71233,114721,2299370,0,48854,0,0,101,0,134876,0,224313,2505479
14-03-2024,FII,93279,144270,1656918,1420717,724639,809521,646568,629874,80492,77606,121009,81097,3442455,3043535
14-03-2024,Pro,76507,84026,539105,211906,1428373,1457598,1485281,1339568,394997,537568,939358,312893,4434148,4373032
14-03-2024,TOTAL,709125,709125,4166059,4166059,5445255,4968251,5445255,4968251,2093161,1031900,2093161,1031900,18413750,18413750
15-03-2024,DII,61436,71229,119267,2290209,0,48854,0,0,101,0,148375,0,229658,2509813
15-03-2024,FII,86574,143964,1665113,1446996,1101433,1086112,1052397,977220,84460,81404,118406,77811,4105096,3816794
15-03-2024,Client,487779,408065,1865837,237315,4626679,3407471,4562671,3731841,1698500,424146,943144,646965,12510411,10530001
15-03-2024,Pro,75978,88509,549639,225336,1642412,1650681,1755456,1484057,404111,536451,977247,317225,4859272,4847830
15-03-2024,TOTAL,711767,711767,4199856,4199856,7370524,6193118,7370524,6193118,2187172,1042001,2187172,1042001,21704437,21704437
18-03-2024,FII,86715,148030,1664086,1454674,1094153,1017641,1066918,964634,93495,87751,118520,79646,4043841,3832422
18-03-2024,Client,496654,406287,1892310,252674,5070579,4077326,5047947,4277616,1730178,462315,971527,664001,13729361,11620052
18-03-2024,TOTAL,722665,722665,4228565,4228565,7931117,6801199,7931117,6801199,2238169,1079741,2238169,1079741,23001455,23001455
18-03-2024,Pro,77610,92698,553208,226087,1766385,1657394,1816252,1558949,414395,529675,995491,336094,4998667,5025571
18-03-2024,DII,61686,75650,118961,2295130,0,48838,0,0,101,0,152631,0,229586,2523411
19-03-2024,DII,62466,60062,119000,2316732,0,48900,0,0,101,0,160783,0,230467,2537577
19-03-2024,Client,503765,403548,1893467,259160,6138616,3809942,5776088,4078803,1813093,449287,983465,673120,14608169,12174184
19-03-2024,Pro,74648,91910,579222,237294,1851708,1687913,2139311,1466294,413734,543776,1053624,338567,5151001,5327000
19-03-2024,FII,79616,164975,1673726,1452229,1201181,1127099,1276106,1128757,90558,98974,119614,80350,4271154,4222031
19-03-2024,TOTAL,720495,720495,4265415,4265415,9191505,6673854,9191505,6673854,2317486,1092037,2317486,1092037,24260791,24260791
20-03-2024,FII,79298,174522,1701839,1456519,814670,878277,782561,766982,90967,99071,115372,79009,3664122,3374965
20-03-2024,Client,509887,397373,1893637,269178,4001122,2902353,4011454,3183951,1763488,474326,966403,669435,11544812,9497794
20-03-2024,Pro,74621,89356,592876,251862,1471169,1438067,1492946,1316686,425489,534152,1036775,359105,4536374,4546730
20-03-2024,TOTAL,726272,726272,4307897,4307897,6286961,5267618,6286961,5267618,2280045,1107549,2280045,1107549,19976342,19976342
20-03-2024,DII,62466,65021,119545,2330338,0,48922,0,0,101,0,161495,0,231034,2556854
21-03-2024,FII,86956,176305,1727153,1441244,770625,896347,695312,761277,93243,96084,110083,76621,3670408,3260842
21-03-2024,Client,508086,395388,1888860,253054,3270058,3102555,3303289,3366739,1627671,505171,937756,653594,10902400,8909820
21-03-2024,TOTAL,734516,734516,4311618,4311618,5496275,5578586,5496275,5578586,2166501,1108201,2166501,1108201,19395697,19395697
21-03-2024,DII,62425,64965,121640,2350203,0,49285,0,0,26,0,160907,0,233376,2576075
21-03-2024,Pro,77049,97858,573965,267117,1455592,1530400,1497674,1450571,445561,506946,957755,377986,4589513,4648961
22-03-2024,TOTAL,704003,704003,4263920,4263920,6048361,6839191,6048361,6839191,2054767,1145556,2054767,1145556,21055798,21055798
22-03-2024,FII,81266,153645,1734742,1375459,886921,997496,866446,912792,86885,94614,103858,71842,3881924,3484042
22-03-2024,Client,489481,399386,1874808,259148,3628654,4146407,3771454,4303109,1494932,540431,894944,659767,12174712,10287808
22-03-2024,DII,62385,60417,123630,2365672,0,48664,0,0,26,0,160658,0,234705,2586747
22-03-2024,Pro,70871,90555,530740,263641,1532786,1646625,1410461,1623291,472924,510511,895307,413947,4764457,4697202
26-03-2024,Client,489979,397885,1894261,273703,4817340,4374752,4737728,4529951,1472683,532388,869774,649857,13581402,11458898
26-03-2024,DII,62281,53458,124589,2387624,0,45164,0,0,26,0,159719,0,232060,2600801
26-03-2024,FII,73285,148689,1773084,1403876,1054363,1129772,1064756,1061480,74186,86871,95855,67255,4191561,3841911
26-03-2024,Pro,76829,102342,538728,265459,1740701,1780018,1809920,1738275,481522,525315,903069,427462,5143113,5246527
26-03-2024,TOTAL,702374,702374,4330662,4330662,7612404,7329705,7612404,7329705,2028417,1144574,2028417,1144574,23148136,23148136
27-03-2024,Pro,73431,75080,531879,254824,1523693,1557184,1468147,1537679,491223,551484,841716,431870,4728894,4609316
27-03-2024,TOTAL,671816,671816,4340487,4340487,5699409,6198688,5699409,6198688,1851229,1115764,1851229,1115764,19877393,19877393
27-03-2024,DII,61953,54458,129153,2360958,0,53441,0,0,26,0,148322,0,244573,2563738
27-03-2024,Client,460164,375214,1878616,263293,3283376,3493863,3405386,3765213,1302447,485339,783922,628845,10903804,9221873
27-03-2024,FII,76268,167064,1800839,1461412,892340,1094201,825876,895797,57533,78941,77269,55049,4000122,3482467
28-03-2024,Pro,57519,70806,432621,153040,1292606,1310137,1306155,1277672,170442,264659,348415,155418,3527984,3311506
28-03-2024,DII,37462,46724,77279,2311005,0,45128,0,0,46,0,8588,0,159915,2366317
28-03-2024,Client,401841,355441,1742313,235986,2524162,2563871,2547821,2734828,519658,228954,330369,345192,7980798,6549637
28-03-2024,FII,103470,127321,1764420,1316602,682440,794298,645232,700934,9423,16483,12197,9486,3370534,2811772
28-03-2024,TOTAL,600292,600292,4016633,4016633,4499208,4713433,4499208,4713433,699569,510096,699569,510096,15039231,15039231
01-04-2024,Pro,32359,38052,427517,167900,1609501,1659323,1581171,1675603,226355,293300,409407,197631,4248355,4069764
01-04-2024,Client,218144,181727,1719269,194708,3850989,4125164,3870052,4182838,653543,294317,430938,405737,10861425,9266000
01-04-2024,FII,108819,130406,1782859,1321071,862938,911432,872205,882470,37918,45847,44811,30096,3749813,3281059
01-04-2024,TOTAL,396909,396909,4010090,4010090,6323428,6740910,6323428,6740910,917864,633464,917864,633464,19022665,19022665
01-04-2024,DII,37587,46724,80445,2326411,0,44992,0,0,48,0,32708,0,163072,2405843
02-04-2024,TOTAL,403701,403701,4065557,4065557,7321356,7056693,7321356,7056693,1106619,737407,1106619,737407,20691333,20691333
02-04-2024,Pro,30387,42794,445725,180767,1712188,1700180,1782481,1726052,273714,338768,493815,239813,4500962,4465722
02-04-2024,FII,114069,129496,1779943,1344491,977690,989980,1076101,969385,47056,54429,55381,36713,3963167,3611567
02-04-2024,Client,222339,184011,1766379,199761,4631478,4321542,4462774,4361257,785801,344210,502013,460881,12071748,10170697
02-04-2024,DII,36906,47400,73510,2340538,0,44992,0,0,48,0,55410,0,155456,2443348
03-04-2024,FII,111937,143694,1718820,1406966,643033,774806,625145,611256,54596,63411,68777,43347,3366603,2899185
03-04-2024,DII,36891,47400,79732,2339109,0,44014,0,0,48,0,63691,0,160685,2450200
03-04-2024,Pro,36646,34854,483358,172786,1187578,1228976,1213070,1192343,309288,387622,574038,263984,3633468,3451075
03-04-2024,Client,227601,187127,1833540,196589,3561068,3256263,3553464,3500460,916027,371521,573453,515223,10166019,8526316
03-04-2024,TOTAL,413075,413075,4115450,4115450,5391679,5304058,5391679,5304058,1279959,822554,1279959,822554,17326775,17326775
04-04-2024,DII,37069,47057,84529,2316130,0,44649,0,0,48,99,91213,0,166394,2454400
04-04-2024,Client,204427,172105,1873103,197597,2516533,2721427,2646519,3015477,1032299,392435,628774,551811,8740223,7212283
04-04-2024,FII,102662,136290,1682950,1448541,531825,675154,452361,500636,64449,68946,77653,50667,3125986,2666148
04-04-2024,Pro,46865,35571,503013,181327,1048020,1102820,997498,1027937,345125,425717,644281,284719,3471560,3171333
04-04-2024,TOTAL,391023,391023,4143595,4143595,4096378,4544049,4096378,4544049,1441921,887197,1441921,887197,15504163,15504163
05-04-2024,FII,102506,137696,1664391,1493080,941307,1234691,797052,995918,68687,72975,88450,56118,4084557,3568314
05-04-2024,DII,37069,47490,88035,2281024,0,46037,0,0,48,147,99443,0,171336,2427957
05-04-2024,TOTAL,409436,409436,4162638,4162638,6347768,7569039,6347768,7569039,1569301,950487,1569301,950487,21008669,21008669
05-04-2024,Client,217366,188693,1889090,206993,3776045,4663579,4335202,4918781,1120752,428330,685919,586111,12095161,10921699
05-04-2024,Pro,52495,35557,521122,181541,1630416,1624733,1215514,1654341,379814,449035,695489,308258,4657615,4090700
08-04-2024,TOTAL,424685,424685,4155026,4155026,6811733,8451397,6811733,8451397,1664470,1022576,1664470,1022576,22529887,22529887
08-04-2024,FII,112855,136491,1654562,1475978,1040061,1237367,968513,1155916,73494,77426,94401,63353,4195765,3894652
08-04-2024,Pro,51164,36591,524647,193399,1609011,1717286,1543288,1895912,404876,468460,730600,347229,4775444,4747019
08-04-2024,DII,37991,50990,85371,2285405,0,46037,0,0,48,147,117914,0,169594,2454309
08-04-2024,Client,222675,200613,1890446,200244,4162661,5450708,4299932,5399570,1186052,476543,721555,611994,13389084,11433908
09-04-2024,Pro,49295,41394,518852,207288,1575592,1586264,1702931,1759342,421570,484309,768657,367718,4635882,4847330
09-04-2024,FII,133230,129207,1663791,1471570,1173761,1411672,934312,1167826,76758,82907,103836,66553,4542119,3873304
09-04-2024,Client,226596,222375,1907477,207333,4584812,5167049,4696946,5283868,1248946,501403,754484,634435,13636282,11799441
09-04-2024,TOTAL,446210,446210,4175336,4175336,7334189,8211035,7334189,8211035,1747366,1068706,1747366,1068706,22982842,22982842
09-04-2024,DII,37089,53234,85216,2289145,24,46051,0,0,92,87,120389,0,168559,2462768
10-04-2024,FII,174756,123474,1684471,1445169,520337,668388,378248,482898,83387,87924,114661,73076,3219263,2617526
10-04-2024,Client,217475,233563,1874985,219834,2199113,2660327,2429688,2915283,1299184,533742,793432,646362,8784825,7238162
10-04-2024,TOTAL,463492,463492,4157763,4157763,3706454,4446190,3706454,4446190,1828235,1107783,1828235,1107783,15709917,15709917
10-04-2024,Pro,34342,50115,512297,216968,987004,1066429,898518,1048010,445572,486030,789061,388345,3531674,3391017
10-04-2024,DII,36919,56340,86010,2275792,0,51047,0,0,92,87,131081,0,174155,2463213
12-04-2024,TOTAL,447776,447776,4239833,4239833,6883453,5624513,6883453,5624513,2082319,1167983,2082319,1167983,20445877,20445877
12-04-2024,FII,158405,124957,1643995,1493222,885513,945747,843926,786727,86368,96068,126379,77370,3816096,3452581
12-04-2024,Pro,28290,48931,564228,220964,1394318,1381953,1467038,1158811,463207,545016,943550,406044,4377012,4245338
12-04-2024,DII,36919,53540,86394,2313813,0,50447,0,0,92,87,134754,0,173939,2502107
12-04-2024,Client,224162,220348,1945216,211834,4603622,3246367,4572489,3678976,1532652,526812,877636,684569,12078830,10245852
15-04-2024,Client,252885,208784,1963335,214452,6258020,3616332,5754432,3856819,1634133,503512,910411,686050,14228216,11630948
15-04-2024,TOTAL,462502,462502,4288638,4288638,9108618,6249748,9108618,6249748,2186016,1170938,2186016,1170938,23466460,23466460
15-04-2024,FII,138553,143560,1657154,1491791,1143574,1127796,1247948,1049215,84018,100634,124010,78588,4251729,4135112
15-04-2024,Pro,35978,56288,582370,243478,1707024,1458062,2106238,1343715,467787,566705,1006116,406300,4817926,5162135
15-04-2024,DII,35086,53870,85779,2338917,0,47559,0,0,78,87,145479,0,168589,2538266
16-04-2024,Pro,30442,56684,621884,257599,1189939,1095078,1236175,988640,480074,588554,1050917,418025,4005971,4008040
16-04-2024,TOTAL,458615,458615,4337436,4337436,5853002,4640179,5853002,4640179,2275021,1201249,2275021,1201249,18765502,18765502
16-04-2024,Client,267164,185350,1990979,221631,3834418,2582079,3895870,2988977,1708509,502595,947817,702949,10885743,8942594
16-04-2024,DII,35086,54267,89770,2341304,0,43025,0,0,78,87,151319,0,168046,2546890
16-04-2024,FII,125923,162314,1634803,1516902,828645,919998,720957,662563,86360,110013,124968,80275,3705742,3267979
18-04-2024,Pro,56991,61449,683001,287122,1260303,1203563,1355805,1011437,495247,613910,1096740,423635,4313015,4236188
18-04-2024,FII,99564,207050,1653985,1592125,831834,984380,606357,634617,90239,118170,126287,83765,3778172,3250201
18-04-2024,Client,313344,181466,2008184,215335,3539439,2248483,3669414,2840147,1776766,488750,971455,713580,10374965,8591397
18-04-2024,TOTAL,504732,504732,4440622,4440622,5631576,4486200,5631576,4486200,2362388,1220980,2362388,1220980,18646498,18646498
18-04-2024,DII,34833,54767,95452,2346040,0,49775,0,0,136,150,167906,0,180346,2568713
19-04-2024,Client,290747,167098,1979713,214300,3623771,3336657,3942067,3784520,1689052,501881,953324,699698,11421820,9761007
19-04-2024,TOTAL,490969,490969,4420701,4420701,6069893,6101801,6069893,6101801,2278608,1194523,2278608,1194523,20556495,20556495
19-04-2024,FII,124179,227211,1673940,1558334,1067630,1266032,785878,845876,90499,113074,125739,84480,4335354,3627518
19-04-2024,Pro,41635,42291,670003,313452,1378492,1445172,1341948,1471406,498950,579481,1030118,410345,4613733,4609560
19-04-2024,DII,34408,54369,97045,2334615,0,53941,0,0,107,87,169427,0,185588,2558411
22-04-2024,DII,33959,55762,101730,2353543,0,59662,0,0,126,0,168112,0,195477,2577417
22-04-2024,Pro,51452,47052,636290,301534,1484383,1617115,1471781,1727310,508444,569160,989473,429694,4866844,4966844
22-04-2024,Client,294233,167897,1971217,211099,4350497,4579545,4591514,4843240,1608687,529448,935439,696624,13333626,11445813
22-04-2024,TOTAL,495903,495903,4428985,4428985,7021329,7565368,7021329,7565368,2209978,1208865,2209978,1208865,22930428,22930428
22-04-2024,FII,116259,225192,1719748,1562809,1186449,1309047,958034,994819,92721,110257,116954,82547,4534481,3940355
23-04-2024,Client,301502,173447,1977130,213001,5069729,4576545,5057926,4912812,1522255,523002,902086,688682,13970162,11947954
23-04-2024,Pro,52392,49694,604722,298867,1418489,1534846,1574031,1628149,535648,581341,962721,445676,4727438,4959138
23-04-2024,FII,119088,228043,1708155,1517828,1248939,1351477,1105200,987649,78971,104805,104863,74790,4611435,4018373
23-04-2024,TOTAL,506931,506931,4399464,4399464,7737157,7528609,7737157,7528609,2137010,1209148,2137010,1209148,23518319,23518319
23-04-2024,DII,33949,55747,109457,2369768,0,65742,0,0,136,0,167340,0,209284,2592855
24-04-2024,Pro,53312,42061,591122,317030,1084215,1094844,1126493,1106397,560040,601192,866962,460343,3984725,3919286
24-04-2024,DII,38096,54897,119306,2382916,0,71894,0,0,214,0,160267,0,229510,2598080
24-04-2024,Client,284383,154440,1973261,220201,3508951,3336755,3708979,3771940,1332215,502166,840932,677559,10937730,9374051
24-04-2024,TOTAL,481551,481551,4404220,4404220,5468552,5540934,5468552,5540934,1953717,1198740,1953717,1198740,19047714,19047714
24-04-2024,FII,105760,230153,1720531,1484073,875386,1037442,633080,662598,61248,95382,85556,60838,3895749,3156298
25-04-2024,TOTAL,412716,412716,4165123,4165123,4162646,5069237,4162646,5069237,859475,634065,859475,634065,15303262,15303262
25-04-2024,DII,37997,51219,85993,2371893,100,72141,0,0,267,0,0,0,196498,2423112
25-04-2024,Client,240078,169431,1880880,200713,2350609,2806394,2700489,3228203,633072,278569,431555,437759,8189601,7168150
25-04-2024,FII,93833,147355,1731484,1408899,678707,901922,422214,554486,7617,16457,15660,14408,3430020,2563022
25-04-2024,Pro,40808,44711,466766,183618,1133230,1288781,1039943,1286549,218519,339039,412260,181898,3487143,3148979
26-04-2024,FII,116391,215468,1976109,1633779,1318039,1737493,935063,1075326,33531,53497,47125,36343,5235060,3943104
26-04-2024,DII,63364,102432,104510,2879429,696,157746,0,0,134,0,21358,0,326450,3003219
26-04-2024,Client,390292,239336,2289175,234236,5834939,4395432,6228722,5532679,970550,382833,641143,617065,14263221,13493181
26-04-2024,Pro,51426,64237,598324,220674,2061386,2164347,2051275,1847013,349541,500182,644130,283104,5725206,5110433
26-04-2024,TOTAL,621473,621473,4968118,4968118,9215060,8455018,9215060,8455018,1353756,936512,1353756,936512,25549937,25549937
29-04-2024,DII,63021,102465,103591,2884709,718,199216,0,0,87,0,42153,0,366633,3029327
29-04-2024,Client,397453,293392,2289902,236615,5545670,7422648,6225819,7993292,1077148,426665,716100,664267,17159486,16129485
29-04-2024,FII,153681,199665,2003084,1665679,1543233,2116981,1105447,1483871,43888,64317,58256,42346,5925184,4555264
29-04-2024,Pro,51816,70449,609995,219569,2377661,3000937,2136016,3262619,400866,535882,705480,320251,6977157,6714384
29-04-2024,TOTAL,665971,665971,5006572,5006572,9467282,12739782,9467282,12739782,1521989,1026864,1521989,1026864,30428460,30428460
30-04-2024,FII,201097,184671,2103311,1676399,1305267,1835752,768143,1053033,50421,70984,67330,47181,5566832,3796757
30-04-2024,Pro,49181,76000,590021,236750,1763450,1871565,1725900,1866213,439459,562221,733428,342310,5275897,4980601
30-04-2024,TOTAL,678176,678176,5046960,5046960,7971982,8616560,7971982,8616560,1622400,1088470,1622400,1088470,25024548,25024548
30-04-2024,DII,62497,102572,101566,2895233,1518,199249,0,0,86,0,54558,0,364916,3052363
30-04-2024,Client,365401,314933,2252062,238578,4901747,4709994,5477939,5697314,1132434,455265,767084,698979,13816903,13194827
02-05-2024,DII,62597,102642,95173,2932295,1678,204337,0,0,150,0,108174,0,363935,3143111
02-05-2024,Client,360641,321595,2267979,259964,4181197,3947572,4565459,4834755,1262200,513422,830727,744119,12533011,11556619
02-05-2024,TOTAL,685760,685760,5106218,5106218,7015541,7436085,7015541,7436085,1827559,1193982,1827559,1193982,23265145,23265145
02-05-2024,Pro,48085,72701,588546,250066,1758115,1904258,1787777,1896006,502042,591342,804959,394001,5392388,5205510
02-05-2024,FII,214437,188822,2154520,1663893,1074551,1379918,662305,705324,63167,89218,83699,55862,4975811,3359905
03-05-2024,FII,161677,208396,2054967,1679828,1542542,1612735,1222722,961518,81648,107228,95202,64258,5560797,4231924
03-05-2024,Client,373547,271463,2325170,239288,6758983,4307395,6926867,5536853,1461055,496700,885082,794662,15722850,14654215
03-05-2024,TOTAL,651639,651639,5120550,5120550,10594392,8464599,10594392,8464599,2065879,1275188,2065879,1275188,28172247,28172247
03-05-2024,Pro,53818,68902,647021,241492,2290789,2352226,2444803,1966228,523036,671260,932480,416268,6538150,6070173
03-05-2024,DII,62597,102878,93392,2959942,2078,192243,0,0,140,0,153115,0,350450,3215935
06-05-2024,TOTAL,680364,680364,5163085,5163085,12303080,9501402,12303080,9501402,2209164,1337741,2209164,1337741,31194836,31194836
06-05-2024,Client,386459,293334,2321077,239578,8026534,5164241,8111350,6272860,1561763,508397,936468,823099,17968471,16676689
06-05-2024,DII,62456,103496,89390,2979419,2078,201066,0,0,313,174,169893,0,355477,3252808
06-05-2024,FII,175857,210895,2082915,1696377,1672117,1640980,1393515,1056602,96784,128479,107328,69476,5797132,4534193
06-05-2024,Pro,55592,72639,669703,247711,2602351,2495115,2798215,2171940,550304,700691,995475,445166,7073756,6731146
07-05-2024,DII,66512,103078,96227,2986575,2078,208262,0,0,349,322,195691,0,373750,3285344
07-05-2024,TOTAL,681134,681134,5188462,5188462,14144653,9660780,14144653,9660780,2361849,1379969,2361849,1379969,33416847,33416847
07-05-2024,FII,163876,228594,2102826,1716152,1929256,1854636,1678582,1170295,111031,141748,119539,77464,6303373,4990626
07-05-2024,Client,397731,274209,2297169,238170,9461618,5064610,9207802,6218931,1683930,493356,982914,844407,19398414,17766433
07-05-2024,Pro,53015,75253,692240,247565,2751701,2533272,3258269,2271554,566539,744543,1063705,458098,7341310,7374444
08-05-2024,FII,152860,244108,2094189,1710195,1497195,1641664,1262975,1070865,115075,142747,126551,81465,5643730,4496159
08-05-2024,DII,66455,101868,106161,3023623,2078,205422,0,0,306,148,206048,0,380570,3331539
08-05-2024,Client,431018,267123,2310644,240722,7249996,4515823,7293982,5529332,1736783,529876,1020910,862403,16774140,15214472
08-05-2024,Pro,52954,90188,713129,249583,2203897,2168267,2396209,1930979,582588,747347,1081243,476250,6468182,6224452
08-05-2024,TOTAL,703287,703287,5224123,5224123,10953166,8531176,10953166,8531176,2434752,1420118,2434752,1420118,29266622,29266622
09-05-2024,FII,150955,307817,2080569,1745941,1006214,1318799,950979,790446,111948,139897,138130,86879,4808382,4020192
09-05-2024,Client,509673,295231,2340717,248450,5802476,3378003,5539929,4430584,1911986,513762,1059552,882542,14456617,12456288
09-05-2024,DII,72899,100701,113922,3048527,2304,197092,0,0,517,148,219647,0,386882,3368875
09-05-2024,Pro,83083,112861,765030,257320,2136707,2120019,2456793,1792883,564041,788661,1171163,473047,6457541,6264067
09-05-2024,TOTAL,816610,816610,5300238,5300238,8947701,7013913,8947701,7013913,2588492,1442468,2588492,1442468,26109422,26109422
10-05-2024,Pro,67579,109221,740990,256888,2156310,2247539,2328982,1961128,586299,791180,1165871,494333,6589897,6316423
10-05-2024,TOTAL,810668,810668,5269356,5269356,10272423,8357803,10272423,8357803,2617485,1478482,2617485,1478482,28806217,28806217
10-05-2024,Client,498810,268736,2322839,242145,6856531,4357649,6693614,5313385,1919475,544309,1088130,893432,16499613,14499442
10-05-2024,FII,171136,330010,2086359,1722680,1257504,1547332,1249827,1083290,111325,142845,141612,90717,5316501,4618136
10-05-2024,DII,73143,102701,119168,3047643,2078,205283,0,0,386,148,221872,0,400206,3372216
13-05-2024,FII,187660,361361,2087699,1706825,1314150,1608992,1328729,1274097,116063,146332,143120,93356,5460896,4907488
13-05-2024,TOTAL,826219,826219,5275143,5275143,10444400,9758313,10444400,9758313,2661135,1497332,2661135,1497332,30462542,30462542
13-05-2024,Client,498301,250160,2322681,233701,6964696,5670605,6933252,6276643,1943934,562457,1104780,899353,17962674,15697889
13-05-2024,Pro,63571,112614,730237,263722,2163476,2279547,2182419,2207573,600752,788395,1177432,504623,6625978,6448383
13-05-2024,DII,76687,102084,134526,3070895,2078,199169,0,0,386,148,235803,0,412994,3408782
14-05-2024,DII,76668,102036,142941,3072869,2078,202729,0,0,386,148,242249,0,424950,3417154
14-05-2024,Pro,65246,97387,725509,271568,2243694,2277780,2321223,2275424,614523,779214,1156950,518115,6705966,6640667
14-05-2024,FII,166242,379466,2053382,1685365,1506844,1601985,1341945,1127189,122406,152075,148820,96215,5602934,4779000
14-05-2024,TOTAL,820187,820187,5267047,5267047,10927041,10194775,10927041,10194775,2679407,1534071,2679407,1534071,31422528,31422528
14-05-2024,Client,512031,241298,2345215,237245,7174425,6112281,7263873,6792162,1942092,602634,1131388,919741,18688678,16585707
15-05-2024,Client,521444,237879,2358354,245312,6330014,4956492,6456899,5791092,2035664,620720,1170361,946850,16822688,14848393
15-05-2024,DII,76887,101833,143057,3051861,2078,202729,0,0,250,148,245539,0,425149,3399233
15-05-2024,Pro,75413,88700,742782,277571,2158496,2154648,2162682,1967341,612028,789085,1198713,516740,6532452,6211747
15-05-2024,TOTAL,824692,824692,5283724,5283724,9783748,8739605,9783748,8739605,2772089,1561313,2772089,1561313,28965171,28965171
15-05-2024,FII,150948,396280,2039531,1708980,1293160,1425736,1164167,981172,124147,151360,157476,97723,5184882,4505798
16-05-2024,DII,78251,101433,148877,3012499,2078,202541,0,0,250,247,252176,0,432244,3366108
16-05-2024,FII,143255,402871,2020581,1734580,1021935,1383384,902968,934268,126416,152746,162612,101019,4848317,4238318
16-05-2024,TOTAL,832331,832331,5272695,5272695,6945095,7511921,6945095,7511921,2758372,1565716,2758372,1565716,24886130,24886130
16-05-2024,Client,520776,239455,2358343,240268,4164458,3979324,4364943,4808182,2016529,639857,1174324,941874,13679287,11769046
16-05-2024,Pro,90049,88572,744894,285348,1756624,1946672,1677184,1769471,615177,772866,1169260,522823,5926282,5512658
17-05-2024,Client,523361,245164,2360979,245112,5184361,5364530,5425262,6040002,2054372,688446,1208587,965653,16176049,14129780
17-05-2024,DII,78398,101147,152919,2993224,2558,199561,0,0,250,247,253824,0,433933,3348195
17-05-2024,Pro,79429,86030,741747,289876,1900216,2097390,1794245,2021251,623771,764591,1183008,541253,6207144,5915663
17-05-2024,TOTAL,839867,839867,5269545,5269545,8235051,9229650,8235051,9229650,2815562,1610681,2815562,1610681,28000356,28000356
17-05-2024,FII,158679,407526,2013900,1741333,1147916,1568169,1015544,1168397,137169,157397,170143,103775,5183230,4606718
18-05-2024,TOTAL,838708,838708,5269319,5269319,8584648,9660845,8584648,9660845,2836819,1633024,2836819,1633024,28823363,28823363
18-05-2024,FII,160596,407071,2014440,1740753,1259838,1690625,1022359,1167669,138598,158019,170756,105079,5422116,4613687
18-05-2024,Pro,81774,82933,740589,293873,1956216,2154689,1829587,2063108,643443,772086,1199857,551267,6348797,6020625
18-05-2024,Client,517940,247557,2360880,242888,5366036,5615970,5732702,6430068,2054618,702672,1212382,976678,16618116,14842275
18-05-2024,DII,78398,101147,153410,2991805,2558,199561,0,0,160,247,253824,0,434334,3346776
21-05-2024,Client,506134,264226,2369808,253841,6873094,6123377,7044479,6890099,2084829,722558,1226486,993166,18679800,16672297
21-05-2024,DII,78297,101147,159646,2989943,2558,201672,0,0,67,247,255268,0,442487,3346358
21-05-2024,TOTAL,848662,848662,5324828,5324828,10615873,10354661,10615873,10354661,2881807,1665178,2881807,1665178,31691009,31691009
21-05-2024,FII,182230,394215,2048464,1752066,1560146,1776866,1419447,1347767,145924,166775,170861,108877,5880405,5193233
21-05-2024,Pro,82001,89074,746910,328978,2180075,2252746,2151947,2116795,650987,775598,1229192,563135,6688317,6479121
22-05-2024,Pro,82276,76573,766931,334537,1918624,1995145,1764895,1921410,646595,777310,1239394,556765,6186881,5893574
22-05-2024,Client,512846,280138,2385309,252033,5217969,5508553,5602355,6223422,2117266,712878,1240879,996245,16454821,14595072
22-05-2024,FII,176282,396048,2056274,1813869,1323087,1592632,1094988,1153170,156597,177938,181879,115363,5482810,4755317
22-05-2024,TOTAL,853852,853852,5372620,5372620,8462238,9298002,8462238,9298002,2920525,1668373,2920525,1668373,28575610,28575610
22-05-2024,DII,82448,101093,164106,2972181,2558,201672,0,0,67,247,258373,0,451098,3331647
23-05-2024,Client,457281,332539,2297787,256170,3589649,4833487,3954222,5294156,1924452,747566,1186764,987938,13850222,12011789
23-05-2024,FII,262404,360755,2127408,1752169,984877,1311766,810547,951194,176164,187490,193650,119355,5050109,4187670
23-05-2024,TOTAL,890727,890727,5307591,5307591,6275006,8216162,6275006,8216162,2796133,1698246,2796133,1698246,25183865,25183865
23-05-2024,Pro,88788,93340,707041,353050,1696947,1864193,1510237,1970812,695450,762943,1153055,590953,5815362,5671447
23-05-2024,DII,82254,104093,175355,2946202,3533,206716,0,0,67,247,262664,0,468172,3312959
24-05-2024,TOTAL,930096,930096,5370926,5370926,8687029,9733497,8687029,9733497,2820515,1716018,2820515,1716018,29258081,29258081
24-05-2024,FII,310192,326050,2148508,1778444,1384163,1633526,1244272,1322569,188135,198172,202491,120728,5862696,4994554
24-05-2024,DII,89098,104093,201162,2959298,3533,207548,0,0,44,247,270794,0,501632,3334185
24-05-2024,Pro,79698,115676,705698,376867,1805585,1899713,1798548,2006466,710777,771481,1166581,598215,5972952,6062353
24-05-2024,Client,451108,384277,2315558,256317,5493748,5992710,5644209,6404462,1921559,746118,1180649,997075,16920801,14866989
27-05-2024,DII,89445,104093,211245,2978844,3533,213103,0,0,44,247,269897,0,517617,3352834
27-05-2024,Pro,66854,118613,658936,380971,2110094,2060007,2206336,2110977,724739,767790,1128888,605442,6388420,6551227
27-05-2024,FII,312846,290784,2235375,1733888,1571919,1796911,1568816,1603806,192252,202291,199436,116692,6311594,5513422
27-05-2024,Client,419134,374789,2245450,257303,6861058,6418956,6771452,6774194,1820215,713430,1139029,961624,18478243,16278391
27-05-2024,TOTAL,888279,888279,5351006,5351006,10546604,10488977,10546604,10488977,2737250,1683758,2737250,1683758,31695874,31695874
28-05-2024,DII,94975,104075,209664,2982040,3533,219102,0,0,44,247,271332,0,527565,3357447
28-05-2024,TOTAL,901207,901207,5283540,5283540,11845684,10558318,11845684,10558318,2701583,1636242,2701583,1636242,32926574,32926574
28-05-2024,Client,421645,375850,2217534,255566,7902446,6468304,7727113,6831436,1816400,677581,1122087,938444,19503910,17250496
28-05-2024,FII,323480,276021,2247895,1684311,1810060,1930746,1749475,1692617,176216,200130,189602,111015,6688527,5703041
28-05-2024,Pro,61107,145261,608447,361623,2129645,1940166,2369096,2034265,708923,758284,1118562,586783,6206572,6615590
29-05-2024,TOTAL,855124,855124,5278433,5278433,9891293,7917009,9891293,7917009,2465039,1521261,2465039,1521261,27928159,27928159
29-05-2024,FII,257730,262936,2251152,1688670,1630768,1574948,1403055,1101688,150507,189057,167318,94422,6054162,4718089
29-05-2024,Pro,57593,146999,595245,333377,1682008,1662788,1859246,1622404,686773,752538,1008337,543357,5436945,5513720
29-05-2024,DII,105943,110245,211326,3025952,3253,215847,0,0,0,247,259918,0,536616,3396115
29-05-2024,Client,433858,334944,2220710,230434,6575264,4463426,6628992,5192917,1627759,579419,1029466,883482,15900436,14300235
30-05-2024,TOTAL,776356,776356,4881343,4881343,4669386,4780034,4669386,4780034,904584,644231,904584,644231,16655934,16655934
30-05-2024,FII,51620,349418,2039149,1613871,622980,1039355,940907,960190,22182,31908,19291,7812,3807194,3891489
30-05-2024,Client,535897,239763,2174235,166763,2963580,2260048,2506230,2744009,666720,215425,426572,469542,8815905,6552879
30-05-2024,DII,110659,111725,128806,2931291,3253,233164,0,0,0,211,34693,0,476093,3077709
30-05-2024,Pro,78180,75450,539153,169418,1079573,1247467,1222249,1075835,215682,396687,424028,166877,3556742,3133857
31-05-2024,FII,62284,380651,2068556,1574688,1125866,1370781,1683013,1571635,54974,64356,61688,33842,4746817,5305517
31-05-2024,Pro,75973,69285,524967,184077,1512182,1566644,1755110,1445400,308878,425783,524561,221044,4414427,4199477
31-05-2024,DII,111487,113711,128826,2978798,3853,230575,0,0,0,211,124026,0,474952,3216535
31-05-2024,Client,561745,247842,2186756,171542,4288712,3247626,3492490,3398591,854565,272435,508142,507899,11411839,8326506
31-05-2024,TOTAL,811489,811489,4909105,4909105,6930613,6415626,6930613,6415626,1218417,762785,1218417,762785,21048035,21048035
03-06-2024,TOTAL,791634,791634,4903935,4903935,9102580,8282155,9102580,8282155,1433811,875174,1433811,875174,25389289,25389289
03-06-2024,Pro,77478,78049,501642,203596,1884352,1876192,2237676,2006103,389904,445255,602375,293518,5174823,5421317
03-06-2024,Client,464652,276055,2138879,187914,5862933,4597223,4825069,4256252,967326,343649,589687,523184,14374662,10658161
03-06-2024,DII,121487,112569,132501,2950223,3853,190735,0,0,0,211,150402,0,448787,3213194
03-06-2024,FII,128017,324961,2130913,1562202,1351442,1618005,2039835,2019800,76581,86059,91347,58472,5391017,6096617
04-06-2024,DII,112913,102567,143981,2894195,2078,195633,0,0,0,950,189758,0,455555,3186520
04-06-2024,FII,60817,416196,2149257,1558884,1633676,1721699,2388365,1981018,112768,108027,129724,96456,5786244,6570643
04-06-2024,Client,562838,229474,1959601,169601,8186513,3952871,6553362,3803877,1250912,277953,628737,582311,16190688,11967362
04-06-2024,Pro,95610,83941,554693,184852,2499998,1797598,3380538,1882906,378585,582027,794046,290190,5908511,6616473
04-06-2024,TOTAL,832178,832178,4807532,4807532,12322265,7667801,12322265,7667801,1742265,968957,1742265,968957,28340998,28340998
05-06-2024,FII,83806,395413,2159759,1543886,1451573,1651253,1735897,1613493,125086,116812,153142,106363,5588289,5548194
05-06-2024,Client,485284,238517,1948690,175834,7121709,4264373,6336088,4466277,1372592,334330,707853,589879,15526978,12514448
05-06-2024,TOTAL,791793,791793,4802734,4802734,10442217,7982689,10442217,7982689,1918190,1030802,1918190,1030802,26968425,26968425
05-06-2024,Pro,111417,55802,548815,191750,1866857,1835252,2370232,1902919,420512,579143,860077,334560,5361996,5715340
05-06-2024,DII,111286,102061,145470,2891264,2078,231811,0,0,0,517,197118,0,491162,3190443
06-06-2024,DII,110407,102061,158720,2912585,2078,239811,0,0,0,85,221829,0,511101,3236475
06-06-2024,Pro,142343,72163,559173,197670,1516035,1595139,1770547,1506504,447338,590240,895154,356414,4850268,4798452
06-06-2024,FII,75079,362505,2164751,1611792,899539,1012162,897052,901055,139041,129979,166998,116140,4420551,4055542
06-06-2024,Client,475273,266373,2015286,175883,4325266,3142356,4075319,3581909,1485737,389725,788135,637475,11833643,9525094
06-06-2024,TOTAL,803102,803102,4897930,4897930,6742918,5989468,6742918,5989468,2072116,1110029,2072116,1110029,21615563,21615563
07-06-2024,TOTAL,799925,799925,4857803,4857803,8518298,8599149,8518298,8599149,2138950,1208987,2138950,1208987,26123112,26123112
07-06-2024,DII,109544,102061,170658,2865828,2078,247311,0,0,0,85,237897,0,529676,3205786
07-06-2024,Client,424213,301205,1969331,205414,5373262,4895835,5298415,5231353,1474955,475945,838883,675356,14613541,12550626
07-06-2024,FII,139931,332773,2177792,1562694,1330767,1551868,1308006,1377851,150657,138895,183451,126472,5489910,4891247
07-06-2024,Pro,126237,63886,540022,223867,1812191,1904135,1911877,1989945,513338,594062,878719,407159,5489985,5475453
10-06-2024,TOTAL,759305,759305,4866380,4866380,11183309,9686732,11183309,9686732,2349274,1288262,2349274,1288262,30133262,30133262
10-06-2024,FII,156437,300341,2113362,1568119,1480794,1534068,1488909,1452118,157318,146233,192190,129953,5588212,5131630
10-06-2024,Client,390178,302988,2030499,221594,7548573,5900080,7218965,6126602,1656963,513687,904174,726972,18039980,15501295
10-06-2024,Pro,99874,54831,542383,246105,2151864,2042973,2475435,2108012,534993,628257,988435,431337,6000344,6304155
10-06-2024,DII,112816,101145,180136,2830562,2078,209611,0,0,0,85,264475,0,504726,3196182
11-06-2024,Pro,93171,56676,548606,240783,2127549,2121926,2396591,2265471,559031,636804,1013750,454509,6087087,6427780
11-06-2024,FII,171885,297649,2118183,1599939,1493482,1536069,1508785,1539181,165739,150928,203962,138183,5636286,5287699
11-06-2024,DII,108667,100237,183939,2846325,2078,189611,0,0,233,85,305356,0,484613,3251918
11-06-2024,Client,394362,313523,2063065,226746,7873401,6923851,7591134,6966805,1744782,564690,946717,759815,19564151,16804740
11-06-2024,TOTAL,768085,768085,4913793,4913793,11496510,10771457,11496510,10771457,2469785,1352507,2469785,1352507,31772137,31772137
12-06-2024,Client,392234,333479,2084805,241676,6123184,5844500,6162539,6042603,1794783,606354,987227,791654,16845860,14559178
12-06-2024,Pro,93623,61819,554394,260071,1892305,1883022,2002394,2005605,577866,646164,1029128,477040,5647374,5836057
12-06-2024,DII,108722,119243,186215,2837961,2078,165241,0,0,180,85,312694,0,462521,3269898
12-06-2024,FII,193118,273156,2095456,1581162,1435073,1610072,1287707,1454627,169400,157159,213180,141068,5660278,4950900
12-06-2024,TOTAL,787697,787697,4920870,4920870,9452640,9502835,9452640,9502835,2542229,1409762,2542229,1409762,28616033,28616033
13-06-2024,TOTAL,781640,781640,4922987,4922987,7246655,7583517,7246655,7583517,2624873,1462912,2624873,1462912,24622584,24622584
13-06-2024,FII,220308,255148,2089235,1583036,1040603,1186857,865071,1029040,175368,161076,221958,145925,4873447,4100178
13-06-2024,DII,109045,118946,188594,2816408,2078,166581,0,0,177,85,312859,0,466560,3248213
13-06-2024,Client,372405,343105,2088411,259772,4556290,4504579,4679623,4808154,1854876,647080,1025972,818646,14023641,11935272
13-06-2024,Pro,79882,64441,556747,263771,1647684,1725500,1701961,1746323,594452,654671,1064084,498341,5258936,5338921
14-06-2024,FII,231456,255871,2086515,1629581,1312268,1626605,999056,1326464,181867,164598,231239,149258,5603309,4591469
14-06-2024,Pro,86540,64369,574896,269461,1652077,1891662,1622647,1956947,612907,666019,1102342,508929,5484101,5524695
14-06-2024,TOTAL,804574,804574,4961779,4961779,8117873,9522845,8117873,9522845,2721385,1508092,2721385,1508092,27636548,27636548
14-06-2024,Client,377551,352468,2109707,259759,5151450,5845540,5496170,6239434,1925325,677390,1074945,849905,16086963,14272681
14-06-2024,DII,109027,131866,190661,2802978,2078,159038,0,0,1286,85,312859,0,462175,3247703
18-06-2024,FII,246244,259096,2101673,1652519,1515823,1792079,996940,1290054,187687,167236,241425,152484,6010742,4592518
18-06-2024,TOTAL,827919,827919,5027481,5027481,9197801,11406348,9197801,11406348,2830477,1551093,2830477,1551093,30841119,30841119
18-06-2024,Pro,91637,71258,609318,291851,1954611,2184693,1826570,2409142,628396,679473,1161724,524662,6148128,6285207
18-06-2024,DII,108651,131923,192081,2818744,2078,170510,0,0,1286,85,313176,0,474691,3263843
18-06-2024,Client,381387,365642,2124409,264367,5725289,7259066,6374291,7707152,2013108,704299,1114152,873947,18207558,16699551
19-06-2024,DII,103323,131923,201142,2807058,2078,172342,0,0,1286,85,312566,0,480256,3251547
19-06-2024,Client,359845,402643,2152009,290045,5537222,6189902,6119048,6788038,2067301,691285,1127508,897709,16997564,15624991
19-06-2024,FII,289349,245290,2191710,1730035,1477130,1831803,990787,1365648,188860,175995,247720,154428,6154847,4733908
19-06-2024,Pro,101212,73873,625977,343700,1766102,1984583,1672697,2024944,641863,709511,1211516,524739,5829248,5851469
19-06-2024,TOTAL,853729,853729,5170838,5170838,8782532,10178630,8782532,10178630,2899310,1576876,2899310,1576876,29461915,29461915
20-06-2024,TOTAL,869218,869218,5186582,5186582,7151648,9018809,7151648,9018809,2973733,1637727,2973733,1637727,26837717,26837717
20-06-2024,Client,356702,423648,2164861,280687,4355248,5571247,4767513,5829157,2113751,726154,1165833,923919,15287963,13390757
20-06-2024,FII,305029,232564,2167039,1751576,1193899,1433318,926311,1251993,194475,186274,248380,157458,5480034,4568282
20-06-2024,DII,95857,137643,204427,2810128,2078,188186,0,0,1245,126,309878,0,491919,3257649
20-06-2024,Pro,111630,75363,650255,344191,1600423,1826058,1457824,1937659,664262,725173,1249642,556350,5577801,5621029
21-06-2024,Client,350478,408091,2206668,281116,6122639,6074667,6386815,6550112,2118982,681716,1170441,930303,17555150,15726878
21-06-2024,Pro,94366,68741,666065,373527,1950460,1960687,1882256,1846262,675161,745159,1263278,537217,6091898,5971281
21-06-2024,TOTAL,843662,843662,5255883,5255883,9490158,9795871,9490158,9795871,2995340,1620361,2995340,1620361,30001275,30001275
21-06-2024,DII,96094,138097,206362,2811348,2078,187141,0,0,1290,126,311205,0,493091,3260650
21-06-2024,FII,302724,228733,2176788,1789892,1414981,1573376,1221087,1399497,199907,193360,250416,152841,5861136,5042466
24-06-2024,Pro,96938,72313,653722,369472,2143176,2174110,1966702,2345077,684155,739597,1218231,554458,6491698,6526253
24-06-2024,DII,89258,146339,190365,2860591,2078,228479,0,0,1290,126,308956,0,511596,3315886
24-06-2024,FII,330858,229188,2203890,1778360,1670991,1974267,1416526,1742351,196365,189765,248971,149581,6566136,5564977
24-06-2024,TOTAL,860640,860640,5281298,5281298,10408751,12229249,10408751,12229249,2945306,1634515,2945306,1634515,33359759,33359759
24-06-2024,Client,343586,412800,2233321,272875,6592506,7852393,7025523,8141821,2063496,705027,1169148,930476,19790329,17952643
25-06-2024,Client,350729,474389,2278107,294369,5946712,9153083,6629153,9491632,1921931,684085,1106262,916448,20334647,18912253
25-06-2024,TOTAL,933071,933071,5345772,5345772,9970823,14526806,9970823,14526806,2800516,1606795,2800516,1606795,35183783,35183783
25-06-2024,DII,89005,145499,180793,2875375,2078,252479,0,0,1290,126,304932,0,525771,3325806
25-06-2024,Pro,115333,76014,635740,365602,2065323,2542659,1937366,3016905,694407,734956,1154293,551452,6788418,7101632
25-06-2024,FII,378004,237169,2251132,1810426,1956710,2578585,1404304,2018269,182888,187628,235029,138895,7534947,5844092
26-06-2024,Pro,89242,88938,627055,381375,1811980,1954348,1696270,2146359,718424,747940,1061347,557661,5948989,5931950
26-06-2024,FII,400618,197828,2297830,1769761,1926438,2242227,1430778,1764821,170259,179266,213827,129068,7216638,5506083
26-06-2024,TOTAL,904702,904702,5377853,5377853,9150116,11481188,9150116,11481188,2578233,1577143,2578233,1577143,31069235,31069235
26-06-2024,DII,89289,144470,190470,2930184,2078,242479,0,0,1360,126,287665,0,525802,3362319
26-06-2024,Client,325553,473466,2262498,296533,5409620,7042134,6023068,7570008,1688190,649811,1015394,890414,17377806,16268883
27-06-2024,TOTAL,832717,832717,4977805,4977805,6235822,7649908,6235822,7649908,1079626,718772,1079626,718772,21494650,21494650
27-06-2024,DII,88320,143750,56655,2841131,2078,212829,0,0,16,41,636,0,359939,2985517
27-06-2024,Pro,63326,84050,535906,204392,1484824,1678634,1353615,1782863,232404,407119,546467,198801,4402213,4170188
27-06-2024,FII,411066,91951,2263338,1653145,1052529,1159936,801195,999760,5873,24695,31112,16066,4917437,3593229
27-06-2024,Client,270005,512966,2121906,279137,3696391,4598509,4081012,4867285,841333,286917,501411,503905,11815061,10745716
28-06-2024,FII,440244,93361,2300237,1619844,1304942,1363794,1015644,1175051,38833,56769,70650,44650,5504819,4019200
28-06-2024,Client,260625,519267,2136375,287429,6334127,5530347,6466254,5929738,1047709,364811,630676,595121,15673994,14428485
28-06-2024,DII,89836,143606,57103,2909051,2078,219973,0,0,39,41,25049,0,369070,3077706
28-06-2024,TOTAL,848334,848334,5042776,5042776,9551312,8935509,9551312,8935509,1400534,911759,1400534,911759,26690224,26690224
28-06-2024,Pro,57629,92100,549061,226452,1910165,1821395,2069414,1830720,313953,490138,674159,271988,5142341,5164833
01-07-2024,DII,89364,143606,57026,2924877,2078,224973,0,0,35,41,42308,0,373517,3110791
01-07-2024,Client,280283,540700,2176195,306659,7044862,7385317,7245776,7461158,1189541,412944,724369,658641,18489142,16937303
01-07-2024,Pro,61601,97015,583027,251062,2022415,2058244,2008862,2273659,356186,531330,741542,299328,5612803,5671468
01-07-2024,TOTAL,874614,874614,5111787,5111787,10391737,11137572,10391737,11137572,1601415,1015537,1601415,1015537,30132662,30132662
01-07-2024,FII,443366,93293,2295539,1629189,1322382,1469038,1137099,1402755,55653,71222,93196,57568,5657200,4413100
02-07-2024,DII,90005,143580,60807,2947525,2078,225033,0,0,17,41,62678,0,377981,3153783
02-07-2024,TOTAL,872824,872824,5143972,5143972,11522315,11018345,11522315,11018345,1817406,1125081,1817406,1125081,31499943,31499943
02-07-2024,FII,443680,96727,2261927,1661432,1422744,1391060,1295518,1384023,68582,86719,117449,74825,5674712,4629974
02-07-2024,Client,281556,540300,2219552,299197,7857583,7275024,7938098,7453648,1356966,445955,807255,725405,19436636,17763903
02-07-2024,Pro,57583,92217,601686,235818,2239910,2127228,2288699,2180674,391841,592366,830024,324851,6010614,5952283
03-07-2024,Client,275573,560357,2208357,320466,5420641,6650120,5868355,6864141,1431525,493778,857109,755948,16479994,15226376
03-07-2024,DII,79449,143580,67849,2959536,2078,225679,0,0,17,41,112886,0,375113,3216002
03-07-2024,FII,471102,92307,2344381,1690553,1242396,1314003,951574,1189898,78223,95463,134363,84418,5545568,4143113
03-07-2024,TOTAL,894604,894604,5227169,5227169,8355683,10097723,8355683,10097723,1951029,1185569,1951029,1185569,27711777,27711777
03-07-2024,Pro,68480,98360,606582,256614,1690568,1907921,1535754,2043684,441264,596287,846671,345203,5311102,5126286
04-07-2024,Client,268858,564727,2220788,323790,4058927,4786693,4602285,5171501,1542011,535998,915551,800376,13413275,12378230
04-07-2024,DII,80349,143155,74809,2965356,2078,235679,0,0,17,41,137461,0,392973,3245972
04-07-2024,Pro,65562,99044,618929,260194,1581234,1645392,1507421,1786444,472729,624136,901847,374242,5007982,4929192
04-07-2024,FII,486382,94225,2331635,1696821,1070395,1212745,602928,922564,87882,105318,147780,90875,5294357,3555193
04-07-2024,TOTAL,901151,901151,5246161,5246161,6712634,7880509,6712634,7880509,2102639,1265493,2102639,1265493,24108587,24108587
05-07-2024,FII,476055,91721,2360710,1725978,1655570,1737430,968897,1129381,98477,112902,158356,100959,6441144,4175292
05-07-2024,Client,259895,540219,2222258,323806,6022367,5689834,6953905,6563141,1623404,583374,972758,842547,16401132,16196376
05-07-2024,TOTAL,874223,874223,5306240,5306240,9639744,9539808,9639744,9539808,2221837,1342853,2221837,1342853,28924705,28924705
05-07-2024,DII,80461,144155,87597,2992348,2078,246782,0,0,17,41,155480,0,416976,3291983
05-07-2024,Pro,57812,98128,635675,264108,1959729,1865762,1716942,1847286,499939,646536,935243,399347,5665453,5261054
08-07-2024,FII,468797,91786,2321984,1733616,1777969,1697646,1104500,1217668,107961,122413,169524,102647,6496770,4419741
08-07-2024,DII,80408,145695,96612,2996961,2078,278356,0,0,17,41,167936,0,457512,3310592
08-07-2024,TOTAL,874423,874423,5335763,5335763,10856378,10068587,10856378,10068587,2387341,1406167,2387341,1406167,30928659,30928659
08-07-2024,Client,269673,538255,2269032,330677,6969623,6046122,7497103,6760943,1760873,605807,1023768,872940,17921130,17023686
08-07-2024,Pro,55545,98687,648135,274509,2106708,2046463,2254775,2089976,518490,677906,1026113,430580,6053247,6174640
09-07-2024,Client,268979,542091,2271067,344935,7133705,6768306,7537122,7340588,1782612,651717,1056454,897335,18876386,17718525
09-07-2024,FII,479327,93384,2345618,1737692,1764808,1632369,1349493,1294798,125159,131961,180156,116149,6479242,4771672
09-07-2024,TOTAL,883620,883620,5379018,5379018,10970116,10872648,10970116,10872648,2446433,1473523,2446433,1473523,32025358,32025358
09-07-2024,Pro,60141,96270,649849,286948,2069525,2135906,2083501,2237262,538655,689804,1029332,460039,6143880,6193352
09-07-2024,DII,75173,151875,112484,3009443,2078,336067,0,0,7,41,180491,0,525850,3341809
10-07-2024,Client,272784,500463,2261697,334793,6243139,5118310,6741013,5998235,1903907,625237,1085581,914311,16425074,15574396
10-07-2024,Pro,55819,90079,665146,290016,1863460,1965560,1799730,1853895,542427,737991,1106260,461745,5830403,5601725
10-07-2024,DII,77708,153975,116590,3005322,2078,394578,0,0,7,41,195135,0,591002,3354432
10-07-2024,FII,453115,114909,2341706,1755008,1464294,1393275,1032228,1019593,138005,140716,197370,127929,5931111,4247037
10-07-2024,TOTAL,859426,859426,5385139,5385139,9572971,8871723,9572971,8871723,2584346,1503985,2584346,1503985,28777590,28777590
11-07-2024,FII,425753,119261,2315691,1794035,896742,915632,762629,939976,146794,144618,208558,130455,4845230,3954914
11-07-2024,Pro,56542,78358,694839,291797,1781244,1874534,1500628,1761026,579554,749383,1153494,488485,5736096,5273788
11-07-2024,TOTAL,837296,837296,5438795,5438795,6852652,7572284,6852652,7572284,2706652,1558322,2706652,1558322,24966001,24966001
11-07-2024,Client,277616,485702,2302726,326108,4172588,4387451,4589395,4871282,1980304,664280,1136255,939382,13784965,12348124
11-07-2024,DII,77385,153975,125539,3026855,2078,394667,0,0,0,41,208345,0,599710,3389175
12-07-2024,DII,77461,158275,133371,3012321,2078,393972,0,0,0,41,217445,0,606923,3388041
12-07-2024,Pro,52122,84394,681028,320191,2037326,2015998,1660254,1934403,606026,743805,1141693,518920,6136305,5659855
12-07-2024,TOTAL,855896,855896,5447222,5447222,8608286,9414576,8608286,9414576,2755393,1612601,2755393,1612601,28693974,28693974
12-07-2024,FII,442399,115144,2380566,1763978,1129256,1230079,1101752,1245606,157861,152287,222879,135059,5492448,4584418
12-07-2024,Client,283914,498083,2252257,350732,5439626,5774527,5846280,6234567,1991506,716468,1173376,958622,16458298,15061660
15-07-2024,TOTAL,885063,885063,5482677,5482677,9310007,11524805,9310007,11524805,2818512,1647556,2818512,1647556,31668620,31668620
15-07-2024,DII,78083,153150,147715,3021357,2078,394903,0,0,30,41,225253,0,622850,3399760
15-07-2024,Pro,54171,100311,686147,358338,2143005,2255549,1746130,2387831,625041,737365,1146690,536091,6501278,6275391
15-07-2024,Client,293119,519740,2237937,368209,5884091,7350039,6478696,7725254,2027865,752794,1218166,972714,18545845,17282779
15-07-2024,FII,459690,111862,2410878,1734773,1280833,1524314,1085181,1411720,165576,157356,228403,138751,5998647,4710690
16-07-2024,TOTAL,889688,889688,5526346,5526346,7645899,9104047,7645899,9104047,2917333,1671613,2917333,1671613,27754926,27754926
16-07-2024,Client,308127,525133,2272595,364937,4821269,5620987,5483182,6283404,2097828,746162,1257730,991584,15866968,14905970
16-07-2024,Pro,48607,99074,710664,375419,1745887,1813791,1413360,1769413,639408,759693,1178971,536373,5718050,5372610
16-07-2024,FII,455157,107814,2393067,1755507,1076665,1273969,749357,1051230,180087,165717,242324,143656,5544662,4049888
16-07-2024,DII,77797,157667,150020,3030483,2078,395300,0,0,10,41,238308,0,625246,3426458
18-07-2024,DII,77624,159667,157371,3019036,2078,386492,0,0,0,41,250864,0,623606,3429567
18-07-2024,FII,513008,122921,2508043,1767727,827162,876804,591217,799673,185653,161579,252106,155180,5072249,3688824
18-07-2024,Pro,57130,110688,702067,430315,1455066,1535945,1175859,1599673,665125,746055,1158612,559983,5161388,5035130
18-07-2024,TOTAL,946259,946259,5608479,5608479,5421254,6792765,5421254,6792765,2914775,1699880,2914775,1699880,23383412,23383412
18-07-2024,Client,298497,552983,2240998,391401,3136948,3993524,3654178,4393419,2063997,792205,1253193,984717,12526169,11229891
19-07-2024,TOTAL,920338,920338,5550584,5550584,7956395,7398243,7956395,7398243,2965731,1642651,2965731,1642651,26433942,26433942
19-07-2024,Pro,48416,112024,697943,438050,1735987,1710700,1825908,1602017,651126,759873,1209648,533249,5604045,5720896
19-07-2024,FII,489283,131263,2516089,1760166,1210053,1333071,969224,1048405,186200,170426,265902,157391,5905122,4332351
19-07-2024,DII,78575,160851,161835,2984258,2078,345529,0,0,118,41,258001,0,588176,3403110
19-07-2024,Client,304064,516200,2174717,368110,5008277,4008943,5161263,4747821,2128287,712311,1232180,952011,14336599,12977585
22-07-2024,Client,304492,497426,2119873,345008,5508399,4542808,5590605,5063805,2040869,692364,1186910,893502,15208805,13577256
22-07-2024,FII,476829,138905,2564326,1719956,1620443,1399484,1281276,1067192,186957,171535,265890,156920,6419574,4630139
22-07-2024,DII,81205,149253,157684,3004882,2078,410861,0,0,98,2214,257683,0,654140,3411818
22-07-2024,TOTAL,907842,907842,5494370,5494370,8799467,7976868,8799467,7976868,2882854,1589751,2882854,1589751,27651152,27651152
22-07-2024,Pro,45316,122258,652487,424524,1668547,1623715,1927586,1845871,654930,723638,1172371,539329,5368633,6031939
23-07-2024,Pro,49674,134356,671776,413201,2099210,1774910,2566894,1946658,668153,730307,1229208,538754,5994030,6829071
23-07-2024,TOTAL,883300,883300,5488933,5488933,12259485,9146331,12259485,9146331,2859640,1547960,2859640,1547960,32185649,32185649
23-07-2024,DII,71085,149407,172177,3012607,2078,384911,0,0,101,2214,256713,0,632566,3418727
23-07-2024,Client,320979,441128,2139184,322585,8410561,5433430,8124787,5915712,2028237,649618,1147182,871789,18982009,16823183
23-07-2024,FII,441562,158409,2505796,1740540,1747636,1553080,1567804,1283961,163149,165821,226537,137417,6577044,5114668
24-07-2024,FII,438666,198571,2495652,1779406,1603352,1746173,1246199,1280788,145518,159351,207628,128551,6588712,4841143
24-07-2024,Client,381362,436445,2187003,326162,7520121,5316142,7542836,6013619,1784572,607975,1050902,834990,17797175,16204954
24-07-2024,Pro,67719,176252,655118,397832,1703344,1699547,2039980,1854233,671441,733594,1090034,539593,5530763,6097924
24-07-2024,TOTAL,960675,960675,5534350,5534350,10829015,9148640,10829015,9148640,2601684,1503134,2601684,1503134,30577498,30577498
24-07-2024,DII,72928,149407,196577,3030950,2198,386778,0,0,153,2214,253120,0,660848,3433477
25-07-2024,TOTAL,821516,821516,5138124,5138124,6986688,6731833,6986688,6731833,1070513,750888,1070513,750888,21499562,21499562
25-07-2024,DII,72678,151347,82314,2965593,2078,296904,0,0,368,0,2931,0,454342,3119871
25-07-2024,FII,262243,199827,2377998,1706013,950898,1007710,741993,945977,12109,31338,47010,29460,4642296,3670280
25-07-2024,Pro,91871,84448,530354,193794,1468518,1612835,1582140,1492945,220878,399895,515659,203664,4324351,4072650
25-07-2024,Client,394724,385894,2147458,272724,4565194,3814384,4662555,4292911,837158,319655,504913,517764,12078573,10636761
26-07-2024,DII,72857,152307,88593,2992856,2078,307299,0,0,460,15,18917,0,471302,3164080
26-07-2024,Pro,100200,100064,511037,212370,1959406,2006180,1780868,2129094,315813,431374,541328,265223,5324010,5028947
26-07-2024,TOTAL,887113,887113,5155875,5155875,8957894,10260809,8957894,10260809,1291486,930671,1291486,930671,27483848,27483848
26-07-2024,Client,387378,440241,2139270,294869,5439361,6223938,5947421,6613926,931056,438050,644345,604818,15559053,14545620
26-07-2024,FII,326678,194501,2416975,1655780,1557049,1723392,1229605,1517789,44157,61232,86896,60630,6129483,4745201
29-07-2024,FII,321947,170510,2390024,1643581,1633978,1676123,1379697,1501404,57726,73419,106967,80791,6153217,4882950
29-07-2024,DII,72746,151987,106540,3015014,2078,327299,0,0,364,10,30481,0,509037,3197482
29-07-2024,Client,396842,442504,2182750,312476,7722111,6506877,7730769,6940535,1085009,492130,736772,666098,18385719,16829154
29-07-2024,TOTAL,870419,870419,5201215,5201215,11656712,10712720,11656712,10712720,1495419,1041744,1495419,1041744,30978229,30978229
29-07-2024,Pro,78884,105418,521901,230144,2298545,2202421,2546246,2270781,352320,476185,621199,294855,5930256,6068643
30-07-2024,Pro,80517,105378,542891,238008,2162954,2150035,2298439,2332910,388529,513052,664973,327932,5837978,5967640
30-07-2024,DII,72646,151859,119847,3027457,2078,322299,0,0,333,0,43956,0,517203,3223272
30-07-2024,TOTAL,875844,875844,5249148,5249148,11030012,11189328,11030012,11189328,1641812,1138048,1641812,1138048,31124192,31124192
30-07-2024,Client,398528,451971,2211190,333005,7319590,6973306,7505151,7337149,1182550,538505,810917,718969,18623669,17157162
30-07-2024,FII,324153,166636,2375220,1650678,1545390,1743688,1226422,1519269,70400,86491,121966,91147,6145342,4776118
31-07-2024,Client,404932,472726,2238353,351327,5496277,6108559,5827433,6572582,1288821,583602,875433,764500,16120544,14864001
31-07-2024,TOTAL,887422,887422,5311888,5311888,8419897,10106160,8419897,10106160,1798095,1234169,1798095,1234169,27757631,27757631
31-07-2024,Pro,90807,85490,557525,253913,1629356,1846620,1664704,2128779,431771,555665,728298,365504,5111744,5226688
31-07-2024,DII,72616,154359,129945,3035720,2078,322299,0,0,332,0,52752,0,527270,3242831
31-07-2024,FII,319067,174847,2386065,1670928,1292186,1828682,927760,1404799,77171,94902,141612,104165,5998073,4424111
01-08-2024,DII,72839,154359,136201,3010461,2078,351859,0,0,277,0,105353,0,563254,3270173
01-08-2024,TOTAL,908267,908267,5332685,5332685,7587261,7463955,7587261,7463955,2035910,1317057,2035910,1317057,24645135,24645135
01-08-2024,Pro,87214,85464,549038,272275,1802584,1744070,1833695,1740498,458545,588615,819802,391251,5230066,5142985
01-08-2024,FII,337499,171220,2414470,1677170,957581,1090867,783617,948168,83516,107187,163222,117785,4991120,3861182
01-08-2024,Client,410715,497224,2232976,372779,4825018,4277159,4969949,4775289,1493572,621255,947533,808021,13860695,12370795
02-08-2024,TOTAL,900212,900212,5359317,5359317,11103395,9041408,11103395,9041408,2269096,1365661,2269096,1365661,30039089,30039089
02-08-2024,Pro,83063,88677,591522,269171,2175759,2071224,2337401,2003534,467137,655167,929674,384154,6043872,6012611
02-08-2024,DII,67876,158263,146752,2985122,2078,381379,0,0,340,0,150315,0,598425,3293700
02-08-2024,Client,413211,462319,2244918,360560,7301390,4963169,7510538,5885873,1711535,591990,1003318,848554,17226213,16071162
02-08-2024,FII,336062,190953,2376125,1744464,1624168,1625636,1255456,1152001,90084,118504,185789,132953,6170579,4661616
05-08-2024,FII,324939,214754,2412119,1768517,1821325,1762677,1611687,1393161,99057,133470,213298,150260,6553587,5351677
05-08-2024,Pro,108429,104975,639342,264518,2326414,1880246,2942045,2014608,488579,734958,1055643,392031,6177968,6773820
05-08-2024,Client,407281,430000,2182513,326361,9350891,5158834,8946976,5799666,1902995,542055,1037377,868192,19544569,17408572
05-08-2024,DII,70103,161023,146672,3021250,2078,405678,0,0,393,0,184706,0,624924,3366979
05-08-2024,TOTAL,910752,910752,5380646,5380646,13500708,9207435,13500708,9207435,2491024,1410483,2491024,1410483,32901048,32901048
06-08-2024,Client,395818,390344,2197296,328911,10039718,5281826,9795711,6255077,2029426,558878,1090849,882935,20502962,18743827
06-08-2024,DII,70333,150171,148518,3029018,2078,408374,0,0,383,0,198809,0,629686,3377998
06-08-2024,Pro,103884,108239,654396,266634,2352734,1900620,3125588,2086125,503987,763236,1112389,413747,6278857,7112722
06-08-2024,FII,305277,226558,2413730,1789377,2274269,2064652,1747500,1314270,100951,136330,232700,161762,7295209,5472167
06-08-2024,TOTAL,875312,875312,5413940,5413940,14668799,9655472,14668799,9655472,2634747,1458444,2634747,1458444,34706714,34706714
07-08-2024,TOTAL,845544,845544,5434380,5434380,11028211,9780323,11028211,9780323,2672839,1502066,2672839,1502066,31263363,31263363
07-08-2024,DII,70431,150571,149836,3068436,2078,425772,0,0,404,0,209030,0,648521,3428037
07-08-2024,FII,300216,236235,2423138,1770723,1864898,2167622,1217631,1209536,103873,138641,243234,171349,6998388,4848708
07-08-2024,Pro,99519,92765,640435,262558,1776405,1934205,2173696,2190854,522797,742991,1103817,439436,5716352,6263126
07-08-2024,Client,375378,365973,2220971,332663,7384830,5252724,7636884,6379933,2045765,620434,1116758,891281,17900102,16723492
08-08-2024,Client,396055,345219,2273213,330131,4972176,3653417,5029885,4663598,2202674,629777,1166668,919837,14127312,12455338
08-08-2024,FII,268276,253383,2316374,1802830,915306,1395899,716365,882922,104724,146343,262448,183924,5146922,4101872
08-08-2024,DII,70381,150571,151868,3029308,2078,400995,0,0,384,0,212980,0,625706,3392859
08-08-2024,Pro,103693,89232,678136,257322,1621289,1805162,1764599,1708953,526324,774367,1192010,446726,5508971,5458842
08-08-2024,TOTAL,838405,838405,5419591,5419591,7510849,7255473,7510849,7255473,2834106,1550487,2834106,1550487,25408911,25408911
09-08-2024,FII,271393,249116,2341456,1783259,1210068,1604862,991383,1114768,115927,149078,281078,198100,5692784,4617704
09-08-2024,Client,361096,322870,2270173,332872,6126851,5088320,6289085,6049947,2217290,685278,1200095,934460,16749008,15129329
09-08-2024,Pro,95624,74585,666010,263353,1798752,2002300,1857281,1945290,543060,760533,1175985,462329,5866279,5778823
09-08-2024,DII,69029,150571,157891,3056046,2078,414523,0,0,354,0,219473,0,643875,3426090
09-08-2024,TOTAL,797142,797142,5435530,5435530,9137749,9110005,9137749,9110005,2876631,1594889,2876631,1594889,28951946,28951946
12-08-2024,Client,374996,318994,2295147,343946,7335644,6385865,7478930,7174442,2280000,729439,1228919,960002,19401091,17505233
12-08-2024,TOTAL,795100,795100,5451263,5451263,10710606,10587270,10710606,10587270,2951684,1648918,2951684,1648918,32144841,32144841
12-08-2024,Pro,84722,74278,666290,264341,2110868,2180415,2133941,2157113,550326,763604,1200970,481413,6356225,6312056
12-08-2024,FII,266312,251257,2330862,1765951,1262016,1617167,1097735,1255715,121024,155875,294746,207503,5753256,4872907
12-08-2024,DII,69070,150571,158964,3077025,2078,403823,0,0,334,0,227049,0,634269,3454645
13-08-2024,Pro,103330,85705,713784,264750,2517265,2219618,3052521,2149012,531313,791948,1274647,469232,6877258,7295867
13-08-2024,TOTAL,862252,862252,5510559,5510559,14386904,10205423,14386904,10205423,3088399,1660762,3088399,1660762,35714299,35714299
13-08-2024,FII,261196,282432,2322954,1829595,1835619,2007677,1582070,1483557,119316,159643,308635,214600,6706405,5700889
13-08-2024,Client,428637,341414,2314413,352096,10031942,5601805,9752313,6572854,2437363,709171,1268408,976930,21523331,19264015
13-08-2024,DII,69089,152701,159408,3064118,2078,376323,0,0,407,0,236709,0,607305,3453528
14-08-2024,TOTAL,856303,856303,5508283,5508283,6770511,6653956,6770511,6653956,3150916,1668165,3150916,1668165,24608134,24608134
14-08-2024,FII,261114,291661,2334384,1859707,939632,1317975,682482,806546,121110,163963,324660,222493,5138178,4187549
14-08-2024,Pro,100762,75462,719302,259780,1468962,1665926,1567407,1492575,536990,782225,1294150,465042,5274167,5154416
14-08-2024,Client,425132,335491,2292866,333689,4359839,3314956,4520622,4354835,2492388,721977,1286159,980630,13607158,11811426
14-08-2024,DII,69295,153689,161731,3055107,2078,355099,0,0,428,0,245947,0,588631,3454743
16-08-2024,DII,69813,153689,169098,3085435,2078,355099,0,0,368,0,252526,0,596456,3491650
16-08-2024,Pro,94474,73398,667908,268323,1953982,2084546,1686486,2205137,570306,728006,1184877,495593,6099222,5913814
16-08-2024,FII,279636,275377,2381598,1796118,1341930,1689840,1067527,1293999,123969,161719,328883,231075,5978692,4992979
16-08-2024,TOTAL,820024,820024,5468629,5468629,8596119,10277415,8596119,10277415,3036161,1687898,3036161,1687898,29886246,29886246
16-08-2024,Client,376101,317560,2250025,318753,5298129,6147930,5842106,6778279,2341518,798173,1269875,961230,17211876,15487803
19-08-2024,DII,80231,151689,180402,3097588,2078,352599,0,0,346,0,255616,0,615656,3504893
19-08-2024,FII,275278,275628,2383138,1795311,1383243,1663947,1308158,1317735,126647,163791,336563,240355,5996044,5273750
19-08-2024,Client,388516,317484,2282331,331727,7242301,6496519,7339969,7149756,2430329,837533,1302496,979428,19677529,17420860
19-08-2024,TOTAL,822592,822592,5513469,5513469,10673266,10543689,10673266,10543689,3132513,1740036,3132513,1740036,32425565,32425565
19-08-2024,Pro,78567,77791,667598,288843,2045644,2030624,2025139,2076198,575191,738712,1237838,520253,6136336,6226062
20-08-2024,Pro,72675,68551,678956,307723,1908534,2007469,1798579,2254861,598132,738474,1237560,538566,6004240,6205840
20-08-2024,FII,283734,257500,2396442,1774784,1393095,1810866,1217154,1413656,138342,166258,330804,239594,6188737,5233492
20-08-2024,TOTAL,801515,801515,5528613,5528613,9876518,11468686,9876518,11468686,3134750,1767857,3134750,1767857,32577939,32577939
20-08-2024,DII,81263,147489,190174,3116749,2078,352599,0,0,330,0,259712,0,626444,3523950
20-08-2024,Client,363843,327975,2263041,329357,6572811,7297752,6860785,7800169,2397946,863125,1306674,989697,19758518,17614657
21-08-2024,FII,281160,263392,2424031,1799344,1325995,1772511,1028972,1289901,153628,173845,328341,239302,6131170,4949252
21-08-2024,Client,375085,334124,2295380,338270,5783153,6299637,6133731,6927346,2393003,880836,1317978,1004407,18027094,16055856
21-08-2024,DII,80860,147489,196161,3152514,2078,355099,0,0,330,0,261226,0,634528,3561229
21-08-2024,TOTAL,816244,816244,5622388,5622388,8799718,10224211,8799718,10224211,3153549,1799335,3153549,1799335,30415445,30415445
21-08-2024,Pro,79139,71239,706816,332260,1688492,1796964,1637015,2006964,606588,744654,1246004,555626,5622653,5849108
22-08-2024,Pro,82988,78253,737392,342878,1509468,1661891,1464889,1782627,621709,755506,1277601,570513,5368954,5516761
22-08-2024,DII,80787,147498,189026,3160045,2078,355099,0,0,372,0,269802,0,627362,3577345
22-08-2024,Client,369050,331943,2308894,330532,4376782,4642934,4715721,5318498,2441390,893195,1339970,1021177,15032245,13057841
22-08-2024,FII,283337,258468,2399669,1801526,1009143,1436608,716861,995407,154119,181866,330217,238877,5464742,4341356
22-08-2024,TOTAL,816162,816162,5634981,5634981,6897471,8096532,6897471,8096532,3217590,1830567,3217590,1830567,26493303,26493303
23-08-2024,FII,291135,265518,2426009,1803896,1446915,1817534,1234325,1414598,154931,189370,335622,242865,6325894,5296824
23-08-2024,DII,80703,147498,181491,3166333,2078,447870,0,0,364,0,268727,0,712506,3582558
23-08-2024,Client,372036,337614,2319652,328603,5688440,5336193,6004393,6172487,2365990,887296,1316809,1020680,16969607,15180586
23-08-2024,TOTAL,830019,830019,5674491,5674491,9062978,9551549,9062978,9551549,3169011,1842562,3169011,1842562,30130610,30130610
23-08-2024,Pro,86145,79389,747339,375659,1925545,1949952,1824260,1964464,647726,765896,1247853,579017,6122603,6070642
26-08-2024,DII,80516,146298,182600,3180125,2078,448370,0,0,430,0,258667,0,713994,3585090
26-08-2024,Client,364715,348870,2298803,325133,6535564,6880616,7023864,7586580,2213467,895224,1264200,996610,19188389,17545257
26-08-2024,FII,308522,251173,2460692,1792194,1678903,2004639,1416903,1492532,158155,193510,323755,239380,6804421,5515937
26-08-2024,Pro,79687,87099,725509,370152,2191095,2020037,1966873,2274550,681584,750150,1207014,602894,6448062,6508582
26-08-2024,TOTAL,833440,833440,5667604,5667604,10407640,11353662,10407640,11353662,3053636,1838884,3053636,1838884,33154866,33154866
27-08-2024,Pro,77426,101490,689617,371081,2136796,1984862,1957619,2223489,692577,752652,1175968,595453,6333930,6425100
27-08-2024,FII,325809,239523,2482432,1754992,1628043,1962509,1451797,1474702,146933,187009,304484,225805,6732735,5451303
27-08-2024,DII,83133,145898,193416,3181116,2078,453370,0,0,495,0,231739,0,732492,3558753
27-08-2024,Client,345981,345438,2268204,326480,6843569,6888718,7201070,7591268,2097661,867804,1225475,986207,19311937,17675938
27-08-2024,TOTAL,832349,832349,5633669,5633669,10610486,11289459,10610486,11289459,2937666,1807465,2937666,1807465,33111094,33111094
28-08-2024,Pro,64737,92517,691547,380086,1872429,1855670,1716591,1983757,716314,775477,1126505,600551,5976174,5900007
28-08-2024,TOTAL,814575,814575,5682100,5682100,9186813,10412317,9186813,10412317,2751182,1769043,2751182,1769043,30616030,30616030
28-08-2024,DII,85564,144042,211216,3191447,2078,436634,0,0,458,0,218502,0,735950,3553991
28-08-2024,Client,305943,353851,2304816,322984,5915144,6053531,6309708,6908486,1905909,800301,1128804,953807,17285644,15977640
28-08-2024,FII,358331,224165,2474521,1787583,1397162,2066482,1160514,1520074,128501,193265,277371,214685,6618262,5184392
29-08-2024,DII,83646,139836,124667,3102359,2078,321334,0,0,419,0,2659,0,532144,3244854
29-08-2024,FII,373947,163803,2364194,1755536,926698,1353418,732006,971963,12301,37228,46082,24385,5067786,3693775
29-08-2024,TOTAL,783050,783050,5314024,5314024,6664950,7567277,6664950,7567277,1186205,787118,1186205,787118,22302624,22302624
29-08-2024,Client,265869,387098,2208758,263772,4098834,4161849,4550850,4842998,942213,347012,545278,537167,12024535,11127163
29-08-2024,Pro,59588,92313,616405,192357,1637340,1730676,1382094,1752316,231272,402878,592186,225566,4678159,4236832
30-08-2024,DII,89823,140636,134442,3148188,2078,341493,0,0,402,0,21011,0,568238,3309835
30-08-2024,Pro,54467,102560,616176,216694,1987908,2161431,1766912,2355175,314835,463712,683252,294122,5598529,5418715
30-08-2024,TOTAL,817525,817525,5401099,5401099,8788849,10553712,8788849,10553712,1469660,976480,1469660,976480,28007325,28007325
30-08-2024,FII,399075,155650,2418202,1755663,1401593,1839486,1021925,1404121,47651,66671,79790,55600,6172678,4472749
30-08-2024,Client,274160,418679,2232279,280554,5397270,6211302,6000012,6794416,1106772,446097,685607,626758,15667880,14806026
02-09-2024,TOTAL,863153,863153,5426996,5426996,10982199,11574504,10982199,11574504,1746208,1103700,1746208,1103700,31696760,31696760
02-09-2024,Pro,57081,117726,616992,233131,2215970,2366830,2151209,2528325,371591,521461,774049,335695,6149925,6140135
02-09-2024,DII,108170,140636,142003,3136486,2078,417306,0,0,444,180,71048,0,670181,3348170
02-09-2024,Client,289182,429309,2224921,310441,7204388,6905155,7576150,7604881,1308355,503822,803607,697526,18435823,17421914
02-09-2024,FII,408720,175482,2443080,1746938,1559763,1885213,1254840,1441298,65818,78237,97504,70479,6440831,4786541
03-09-2024,Client,294798,435462,2225361,337675,6743540,7230386,7325079,7855042,1398288,546599,873536,737566,18438972,17564360
03-09-2024,DII,103103,151252,141923,3143525,2078,425568,0,0,512,180,101607,0,673364,3396384
03-09-2024,FII,415094,176639,2455100,1688410,1545081,2030474,1239949,1586130,74938,84290,107851,80641,6604977,4879620
03-09-2024,TOTAL,871981,871981,5433383,5433383,10572291,12108063,10572291,12108063,1875333,1171825,1875333,1171825,32032876,32032876
03-09-2024,Pro,58986,108628,610999,263773,2281592,2421635,2007263,2666891,401595,540756,792339,353618,6315563,6192512
04-09-2024,Client,312902,422885,2256611,346590,6754528,6004335,7279762,6992458,1547269,567367,944651,789156,17443012,16775502
04-09-2024,DII,103103,149652,145780,3144163,2078,558068,0,0,593,180,116713,0,809802,3410528
04-09-2024,TOTAL,884615,884615,5465387,5465387,10352142,10755202,10352142,10755202,2045937,1250876,2045937,1250876,30754159,30754159
04-09-2024,FII,408535,188820,2420647,1726767,1558146,1900875,1076380,1307350,73052,90324,123263,95402,6451579,4517982
04-09-2024,Pro,60075,123258,642349,247867,2037390,2291924,1996000,2455394,425023,593005,861310,366318,6049766,6050147
05-09-2024,Pro,59517,116119,673618,247390,1857809,2158961,1744470,2155926,450835,626217,936336,392062,5826957,5592303
05-09-2024,Client,312228,402921,2293019,347449,4709685,4338582,5177916,5350363,1703962,603543,1009571,820476,13961019,13108696
05-09-2024,TOTAL,868076,868076,5503961,5503961,7691932,8543270,7691932,8543270,2230194,1327886,2230194,1327886,26165319,26165319
05-09-2024,FII,393437,184102,2385539,1744335,1122360,1444659,769546,1036981,74830,97466,145791,115348,5518291,3996103
05-09-2024,DII,102894,164934,151785,3164787,2078,601068,0,0,567,660,138496,0,859052,3468217
06-09-2024,Pro,58761,127401,704462,242872,2595940,2496284,2968948,2379248,444802,694302,1052722,399478,6994551,7170669
06-09-2024,DII,96394,173189,151831,3115510,2078,592068,0,0,619,2740,155410,0,845730,3444109
06-09-2024,Client,355215,371888,2300746,340410,8843623,5103540,8733885,6255168,1893960,574615,1060254,854412,19071699,17616017
06-09-2024,TOTAL,866849,866849,5508879,5508879,13313565,10133577,13313565,10133577,2425309,1377901,2425309,1377901,33626080,33626080
06-09-2024,FII,356479,194371,2351840,1810087,1871924,1941685,1610732,1499161,85928,106244,156923,124011,6714100,5395285
09-09-2024,TOTAL,833548,833548,5521317,5521317,12681274,11639912,12681274,11639912,2540356,1420821,2540356,1420821,34637228,34637228
09-09-2024,Pro,55725,114640,713234,244003,2287745,2458874,2404642,2630288,464893,698149,1103632,418756,6678620,6915961
09-09-2024,DII,91725,158415,152327,3115590,2078,599842,0,0,589,2650,170254,0,849211,3444259
09-09-2024,Client,330432,360862,2317276,331313,8486723,6600471,8908461,7639324,1990323,613319,1096475,862856,20338544,19199291
09-09-2024,FII,355666,199631,2338480,1830411,1904728,1980725,1368171,1370300,84551,106703,169995,139209,6770853,5077717
10-09-2024,Client,315250,356814,2328844,321517,7879794,6852458,8363423,7859885,2034854,658111,1135928,873015,20069311,18910582
10-09-2024,DII,91725,157428,156298,3096234,2078,614842,0,0,476,2560,176935,0,867979,3430597
10-09-2024,FII,357004,199260,2320119,1860780,1873804,2048112,1352651,1443040,85585,105950,185576,155131,6790574,5196438
10-09-2024,TOTAL,814106,814106,5525798,5525798,11955201,11951797,11955201,11951797,2610115,1467993,2610115,1467993,34325010,34325010
10-09-2024,Pro,50127,100604,720537,247267,2199525,2436385,2239127,2648872,489200,701372,1111676,439847,6597146,6787393
11-09-2024,TOTAL,827184,827184,5585755,5585755,11482475,9961296,11482475,9961296,2797610,1525029,2797610,1525029,32179349,32179349
11-09-2024,Client,323417,363952,2338394,337887,7607064,5202819,7851524,6442919,2199702,678199,1194938,907556,18349595,17098776
11-09-2024,DII,89377,157428,162025,3067459,2078,604842,0,0,458,2560,186506,0,861340,3411393
11-09-2024,Pro,59866,102738,763572,272395,2158788,2247146,2348834,2155958,506356,733127,1218660,453899,6468855,6552484
11-09-2024,FII,354524,203066,2321764,1908014,1714545,1906489,1282117,1362419,91094,111143,197506,163574,6499559,5116696
12-09-2024,FII,402674,211867,2398893,1791318,1180611,1616873,707234,1195805,95821,107538,210766,184133,5802410,4301123
12-09-2024,DII,88321,165628,169006,3033707,2078,615842,0,0,304,2560,216021,0,878111,3415356
12-09-2024,TOTAL,874178,874178,5517439,5517439,7110921,9415358,7110921,9415358,2729036,1578618,2729036,1578618,27225550,27225550
12-09-2024,Pro,80423,103064,698833,330954,1832826,2020218,1605439,2259088,559121,711328,1115346,498116,5902749,5912007
12-09-2024,Client,302760,393619,2250707,361460,4095406,5162425,4798248,5960465,2073790,757192,1186903,896369,14642280,13597064
13-09-2024,Client,300885,405206,2265132,350557,5935885,6733103,6342579,7461647,2179168,795358,1232155,919746,18209531,16711890
13-09-2024,Pro,65279,109215,720818,318041,1802016,2062495,1799636,2390230,566004,715657,1167728,512937,5932269,6297787
13-09-2024,DII,102582,163636,179854,3040294,2078,624592,0,0,326,2560,217085,0,911992,3421015
13-09-2024,TOTAL,873959,873959,5543363,5543363,9181510,11359956,9181510,11359956,2842439,1627543,2842439,1627543,31428770,31428770
13-09-2024,FII,405213,195902,2377559,1834471,1441531,1939766,1039295,1508079,96941,113968,225471,194860,6374978,4998078
16-09-2024,DII,102244,158612,182982,3050893,2078,629592,0,0,338,2560,218405,0,919794,3427910
16-09-2024,Pro,59545,101089,751156,326834,2028166,2283216,2031445,2660370,577529,742001,1263052,537804,6441613,6920594
16-09-2024,Client,288036,403576,2294410,338823,6917761,7631412,7215632,8159595,2309503,821611,1259076,939009,20262733,18315711
16-09-2024,TOTAL,855966,855966,5581885,5581885,10361392,12375752,10361392,12375752,2986857,1687767,2986857,1687767,33849619,33849619
16-09-2024,FII,406141,192689,2353337,1865335,1413387,1831532,1114315,1555787,99487,121595,246324,210954,6225479,5185404
17-09-2024,DII,103965,158212,183611,3060898,2078,629592,0,0,409,2560,222121,0,922215,3441231
17-09-2024,Pro,62050,90254,762512,329633,1995495,2304636,1997170,2663976,584150,758674,1314654,546042,6467517,6941729
17-09-2024,FII,412734,192482,2359064,1876543,1382115,1897341,1125754,1664021,99753,124570,265555,225820,6275577,5350175
17-09-2024,Client,269274,407075,2303960,342073,6980448,7701412,7237212,8204984,2405370,845098,1287352,959040,20505562,18437736
17-09-2024,TOTAL,848023,848023,5609147,5609147,10360136,12532981,10360136,12532981,3089682,1730902,3089682,1730902,34170871,34170871
18-09-2024,Client,237848,390171,2259998,338581,6174665,5785058,6466574,6593745,2420865,807914,1267390,955949,17686348,16012410
18-09-2024,TOTAL,830837,830837,5589807,5589807,9775105,10559983,9775105,10559983,3097943,1724864,3097943,1724864,31578539,31578539
18-09-2024,FII,433451,195964,2368226,1858514,1566606,1978878,1208891,1622401,98278,128962,279089,238793,6574401,5403652
18-09-2024,DII,105565,157892,186219,3053168,2078,626492,0,0,526,2634,222551,0,923514,3433611
18-09-2024,Pro,53973,86810,775364,339544,2031756,2169555,2099640,2343837,578274,785354,1328913,530122,6394276,6728866
19-09-2024,Pro,61889,90937,808534,365005,1802371,1915028,1810337,2041833,599596,790206,1381821,541659,5977624,6231592
19-09-2024,FII,426551,203090,2401334,1844371,1440858,1746916,941013,1254156,107595,133315,302005,255269,6256569,4799904
19-09-2024,Client,254543,397417,2238816,335805,5118880,4802258,5612837,5794705,2495177,823316,1278522,952543,15732990,14371829
19-09-2024,TOTAL,849336,849336,5634908,5634908,8364187,9090694,8364187,9090694,3202869,1749471,3202869,1749471,28891465,28891465
19-09-2024,DII,106353,157892,186224,3089727,2078,626492,0,0,501,2634,240521,0,924282,3488140
20-09-2024,FII,525502,166440,2577289,1812062,1868651,2545703,1047720,1834788,114352,131644,288207,271652,7763141,5420869
20-09-2024,Pro,69029,127184,763644,447888,2064025,2310124,1854334,2794825,659861,771914,1259069,587766,6638597,7071066
20-09-2024,Client,248293,499342,2172286,378494,5318133,7411174,6350833,8263880,2235100,899256,1218334,946030,18284242,17656913
20-09-2024,DII,108034,157892,206538,3081313,2078,626492,0,0,496,2634,244199,0,946272,3483404
20-09-2024,TOTAL,950858,950858,5719757,5719757,9252887,12893493,9252887,12893493,3009809,1805448,3009809,1805448,33632252,33632252
23-09-2024,TOTAL,968045,968045,5668793,5668793,11050944,15127881,11050944,15127881,2932933,1839588,2932933,1839588,37588184,37588184
23-09-2024,Client,255021,510163,2160475,366629,6878535,9226782,7689605,9709277,2129314,943342,1185388,934511,21593469,20395573
23-09-2024,FII,538431,178626,2566415,1794023,2085685,2819999,1203186,2057301,123076,135694,281964,290820,8269300,5805920
23-09-2024,Pro,66591,125674,725244,425405,2084646,2592584,2158153,3361303,680055,757918,1228608,614257,6907038,7913400
23-09-2024,DII,108002,153582,216659,3082736,2078,488516,0,0,488,2634,236973,0,818377,3473291
24-09-2024,Pro,76794,127473,678705,408701,1990715,2351557,2230077,2979778,694373,756091,1191780,613670,6548235,7551479
24-09-2024,DII,107949,153582,221206,3108522,2078,384551,0,0,479,2634,233902,0,718897,3496006
24-09-2024,Client,272125,514371,2163412,356838,7636354,9041265,8167052,9469256,2032351,926250,1156792,935859,22071757,20600168
24-09-2024,FII,548313,209755,2577102,1766364,2165604,2811555,1397622,2139894,116778,137077,261507,272523,8356429,6047665
24-09-2024,TOTAL,1005181,1005181,5640425,5640425,11794751,14588928,11794751,14588928,2843981,1822052,2843981,1822052,37695318,37695318
25-09-2024,Pro,56558,128951,662993,392202,1906447,2105909,1817915,2473319,690989,775442,1122726,589179,6198338,6524292
25-09-2024,Client,259328,492037,2185789,337119,6181437,7395628,7017067,7987438,1871592,829589,1079936,894246,18723363,17807843
25-09-2024,TOTAL,947500,947500,5610237,5610237,9939185,12406297,9939185,12406297,2675617,1743495,2675617,1743495,33322331,33322331
25-09-2024,DII,108133,155082,230556,3119711,2078,292540,0,0,392,2709,227256,0,636408,3502049
25-09-2024,FII,523481,171430,2530899,1761205,1849223,2612220,1104203,1945540,112644,135755,245699,260070,7764222,5488147
26-09-2024,Client,263030,500031,2053393,291947,4103265,5084598,4759722,5443137,803436,379103,531387,526400,12686825,12052624
26-09-2024,FII,449102,113055,2534501,1650287,1252753,1552760,763169,1246195,24035,35898,43136,31618,5849049,3847460
26-09-2024,Pro,68862,113283,512737,221118,1590655,1743829,1425860,1889848,231334,364420,484612,221478,4511837,4356199
26-09-2024,DII,100107,154732,101740,3039019,2078,197993,0,0,330,75,0,0,402323,3193751
26-09-2024,TOTAL,881101,881101,5202371,5202371,6948751,8579180,6948751,8579180,1059135,779496,1059135,779496,23450034,23450034
27-09-2024,Client,265727,515298,2068107,289986,6855267,6083368,7495979,6775678,948107,458705,658939,612545,16679281,16348425
27-09-2024,Pro,60508,117442,531366,225802,2026190,2120473,2209457,2242955,342590,466071,632417,291459,5547198,5719532
27-09-2024,TOTAL,893839,893839,5293218,5293218,10839507,10550466,10839507,10550466,1385588,992181,1385588,992181,29954799,29954799
27-09-2024,FII,467414,106367,2589412,1655052,1955972,2148632,1134071,1531833,94561,67330,76694,88177,7323321,4592194
27-09-2024,DII,100190,154732,104333,3122378,2078,197993,0,0,330,75,17538,0,404999,3294648
30-09-2024,Pro,31659,121168,573832,216326,2799960,2271457,3378379,2304087,359205,535134,736079,313928,6571247,7069967
30-09-2024,TOTAL,837181,837181,5395724,5395724,14640148,10760980,14640148,10760980,1645414,1106501,1645414,1106501,34385948,34385948
30-09-2024,Client,261530,453932,2149018,274443,9440283,5928276,9522711,6611414,1173592,479276,750409,692193,19431975,18305102
30-09-2024,FII,443666,105239,2566428,1744754,2397827,2378254,1739058,1845479,112383,92016,101410,100380,7990574,5636320
30-09-2024,DII,100326,156842,106446,3160201,2078,182993,0,0,234,75,57516,0,392152,3374559
01-10-2024,Pro,35151,116588,588859,211022,1925671,1802689,2116704,1789182,397968,547437,749038,324675,5297775,5307209
01-10-2024,FII,429647,111510,2559442,1758864,1900926,2121100,1269330,1532343,115372,104230,126235,115768,7230717,4914050
01-10-2024,DII,100392,160691,106823,3195728,2078,182993,0,0,234,75,149211,0,392595,3505630
01-10-2024,TOTAL,833730,833730,5444126,5444126,11323771,9316669,11323771,9316669,1843036,1183337,1843036,1183337,29944669,29944669
01-10-2024,Client,268540,444941,2189002,278512,7495096,5209887,7937737,5995144,1329462,531595,818552,742894,17023582,16217780
03-10-2024,DII,99692,166404,105342,3262548,2078,170187,0,0,82,75,197875,0,377456,3626827
03-10-2024,Pro,65441,121249,646144,205183,1902537,1840091,2210385,1676018,413776,628259,888649,340829,5496248,5442313
03-10-2024,TOTAL,828209,828209,5512510,5512510,9428151,7509506,9428151,7509506,2141047,1291085,2141047,1291085,26710508,26710508
03-10-2024,FII,331756,168901,2495456,1781399,1499927,1555236,1051125,1040980,115703,128818,182001,149157,6126896,4373563
03-10-2024,Client,331320,371655,2265568,263380,6023609,3943992,6166641,4792508,1611486,533933,872522,801099,14709908,13267805
04-10-2024,Pro,79706,116571,682786,194306,2454432,2033021,2727543,1791317,447232,683014,951486,353085,6380191,6134308
04-10-2024,TOTAL,864216,864216,5543167,5543167,13955889,8911730,13955889,8911730,2333199,1364395,2333199,1364395,32972596,32972596
04-10-2024,Client,381416,350097,2272194,247547,9169589,4674832,9629733,5904155,1773289,536033,915468,836925,18807353,17883925
04-10-2024,DII,98432,175873,106272,3298445,2078,167418,0,0,66,39,209186,0,374305,3683504
04-10-2024,FII,304662,221675,2481915,1802869,2329790,2036459,1598613,1216258,112612,145309,257059,174385,7410747,5270859
07-10-2024,Pro,110425,104541,705623,198810,2492015,2104758,3061309,1962750,461054,724372,1052123,376833,6598247,6756366
07-10-2024,TOTAL,910245,910245,5657755,5657755,15217552,9537891,15217552,9537891,2523992,1420665,2523992,1420665,35268100,35268100
07-10-2024,DII,99853,186163,109169,3371235,2078,152418,0,0,66,0,227816,0,363584,3785214
07-10-2024,Client,440566,325416,2263198,247972,10127231,5122045,10256686,6306012,1940073,536823,946167,858101,20429936,18940354
07-10-2024,FII,259401,294125,2579765,1839738,2596228,2158670,1899557,1269129,122799,159470,297886,185731,7876333,5786166
08-10-2024,Client,451000,314163,2276930,247429,9725623,6056450,10045635,7139245,1959602,576135,982025,873816,21045740,19602313
08-10-2024,DII,113665,183924,112681,3372687,2078,162418,0,0,66,0,232813,0,390908,3789424
08-10-2024,Pro,103404,94987,703189,193831,2242486,2106492,2749810,2240314,493426,715175,1043092,388091,6364172,6710125
08-10-2024,FII,245042,320037,2567838,1846691,2569151,2318230,1743893,1264031,125606,162299,320770,191702,7988166,5687124
08-10-2024,TOTAL,913111,913111,5660638,5660638,14539338,10643590,14539338,10643590,2578700,1453609,2578700,1453609,35788986,35788986
09-10-2024,FII,214566,343275,2567949,1877147,2086362,2084230,1421265,1177635,131980,169670,387601,223568,7254757,5430491
09-10-2024,TOTAL,927304,927304,5681440,5681440,12900780,9730164,12900780,9730164,2717630,1532236,2717630,1532236,33489554,33489554
09-10-2024,Pro,115696,90765,705458,196257,2135933,2079018,2511156,2041071,527935,738084,1059488,403776,6302124,6302513
09-10-2024,DII,117861,183655,114197,3346037,2078,164418,0,0,66,150,244910,0,398770,3774602
09-10-2024,Client,479181,309609,2293836,261999,8676407,5402498,8968359,6511458,2057649,624332,1025631,904892,19533903,17981948
10-10-2024,Pro,124380,85497,710991,198726,1704087,1898538,1862939,1707117,536906,761861,1100181,416403,5736763,5370863
10-10-2024,TOTAL,929397,929397,5698476,5698476,8557854,8139901,8557854,8139901,2871782,1606671,2871782,1606671,27804081,27804081
10-10-2024,FII,190809,346255,2536617,1867051,1360568,1643475,1069005,1218863,133096,172310,435753,250151,6036875,5187078
10-10-2024,DII,118274,183655,115503,3364829,2078,164418,0,0,66,180,252440,0,400519,3800924
10-10-2024,Client,495934,313990,2335365,267870,5491121,4433470,5625910,5213921,2201714,672320,1083408,940117,15629924,13445216
11-10-2024,FII,190569,340866,2534672,1823537,1838399,1753651,1365295,1165777,127971,167386,500035,295439,6612648,5490949
11-10-2024,Client,502780,314259,2323483,266589,7321851,5098996,7557788,5986430,2303337,710258,1113197,943673,18260705,16181936
11-10-2024,TOTAL,925594,925594,5674325,5674325,11217277,8977239,11217277,8977239,2989074,1654538,2989074,1654538,31438047,31438047
11-10-2024,DII,117837,183730,116479,3375530,2078,164418,0,0,66,180,263785,0,401058,3823045
11-10-2024,Pro,114408,86739,699691,208669,2054949,1960174,2294194,1825032,557700,776714,1112057,415426,6163636,5942117
14-10-2024,FII,183529,333716,2527425,1822741,1926728,1791370,1424952,1244668,131118,163815,527682,315109,6723985,5668868
14-10-2024,Pro,104649,77936,717979,221967,2026360,2159004,2176676,2220017,572956,787132,1168610,438371,6368080,6303577
14-10-2024,TOTAL,895755,895755,5711319,5711319,11320670,10661413,11320670,10661413,3126946,1709961,3126946,1709961,33426064,33426064
14-10-2024,Client,490913,300389,2347920,275497,7365504,6546621,7719042,7196728,2422806,758834,1156991,956481,19932598,17605128
14-10-2024,DII,116664,183714,117995,3391114,2078,164418,0,0,66,180,273663,0,401401,3848491
15-10-2024,Pro,110566,77379,736555,229739,2250288,2213337,2513163,2185216,560615,809306,1275869,445391,6680667,6726757
15-10-2024,FII,178874,336543,2508977,1837399,2058114,1773561,1576594,1191189,140909,168664,501921,307804,6829099,5751450
15-10-2024,TOTAL,905142,905142,5746833,5746833,12835270,10576093,12835270,10576093,3271652,1733050,3271652,1733050,35068040,35068040
15-10-2024,Client,500275,306840,2379886,283098,8524790,6428777,8745513,7199688,2570128,754900,1213597,979855,21158756,18728591
15-10-2024,DII,115427,184380,121415,3396597,2078,160418,0,0,0,180,280265,0,399518,3861242
16-10-2024,Client,511367,310802,2402718,285525,8029339,5197140,8351678,6342845,2641929,779402,1262260,1012463,19561895,17565573
16-10-2024,TOTAL,913520,913520,5787940,5787940,11971120,9352181,11971120,9352181,3351784,1786018,3351784,1786018,33162563,33162563
16-10-2024,DII,113267,184521,120882,3418257,2078,160418,0,0,0,105,281650,0,396750,3884428
16-10-2024,FII,170276,338380,2508317,1851271,1916029,1922808,1261969,1021036,141422,171811,489875,309777,6830663,5272308
16-10-2024,Pro,118610,79817,756023,232887,2023674,2071815,2357473,1988300,568433,834700,1317999,463778,6373255,6440254
17-10-2024,Pro,111718,84600,778351,244990,1799011,1893376,2088262,1687816,580925,870982,1443685,482603,6034363,6031956
17-10-2024,FII,164379,334199,2523515,1860331,1414100,1579638,1076595,910936,150777,185967,474798,313498,6018376,4970357
17-10-2024,TOTAL,918597,918597,5831049,5831049,9426468,7594360,9426468,7594360,3539909,1838334,3539909,1838334,29148717,29148717
17-10-2024,Client,528833,315055,2403629,294580,6211279,3944928,6261611,4995608,2808207,781280,1332750,1042233,16678156,14241837
17-10-2024,DII,113667,184743,125554,3431148,2078,176418,0,0,0,105,288676,0,417822,3904567
18-10-2024,DII,113452,183476,133852,3470094,2078,176418,0,0,0,30,291040,0,425830,3944610
18-10-2024,Client,510454,292809,2382553,281813,6411606,5919575,6829540,6581390,2834221,809882,1378134,1049798,18868291,16413484
18-10-2024,TOTAL,882839,882839,5816780,5816780,10118804,10310152,10118804,10310152,3590832,1856907,3590832,1856907,32576314,32576314
18-10-2024,Pro,93492,79105,776339,247133,1931297,2230768,1958126,2284412,608277,856644,1455925,495281,6496817,6519982
18-10-2024,FII,165441,327449,2524036,1817740,1773823,1983391,1331138,1444350,148334,190351,465733,311828,6785376,5698238
21-10-2024,DII,114025,184449,140646,3437122,2078,176918,0,0,0,4456,292740,0,438123,3914311
21-10-2024,FII,162044,329758,2495682,1822088,1902736,2078384,1552658,1463892,163977,205252,463772,301878,7008075,5934046
21-10-2024,Pro,88312,81068,789433,251757,2196433,2174479,2592647,2147792,614012,875612,1533575,508414,6738281,7115253
21-10-2024,TOTAL,871998,871998,5796772,5796772,12796924,10620449,12796924,10620449,3681935,1868541,3681935,1868541,35636619,35636619
21-10-2024,Client,507617,276723,2371011,285805,8695677,6190668,8651619,7008765,2903946,783221,1391848,1058249,21452140,18673009
22-10-2024,Pro,111374,94933,814187,251151,2572349,2078421,3092963,1901909,611991,891945,1582965,492677,7080267,7416598
22-10-2024,TOTAL,895491,895491,5816471,5816471,14474915,9667395,14474915,9667395,3743801,1845992,3743801,1845992,36444065,36444065
22-10-2024,DII,115402,181080,142866,3444196,2078,172014,0,0,0,4456,296655,0,436816,3921931
22-10-2024,FII,156307,327123,2524773,1840289,2094584,1998733,1796783,1361162,169041,212275,477983,305675,7155713,6109015
22-10-2024,Client,512408,292355,2334645,280835,9805904,5418227,9585169,6404324,2962769,737316,1386198,1047640,21771269,18996521
23-10-2024,Client,508875,288721,2312298,295620,7997188,5442423,8132371,6378445,2923034,780362,1389923,1048006,19964180,17533086
23-10-2024,DII,122433,181110,143864,3467970,2078,172014,0,0,0,4456,298136,0,444845,3947216
23-10-2024,Pro,98122,89664,808808,263233,2099580,1939218,2419040,1911797,625907,881443,1556556,525580,6453078,6765870
23-10-2024,TOTAL,889131,889131,5842080,5842080,11947549,9592417,11947549,9592417,3726369,1884581,3726369,1884581,33882127,33882127
23-10-2024,FII,159701,329636,2577110,1815257,1848703,2038762,1396138,1302175,177428,218320,481754,310995,7020024,5635955
24-10-2024,DII,122283,180947,145582,3484860,2078,172034,0,0,0,4761,301814,0,446738,3967621
24-10-2024,Client,512833,281309,2311184,301440,5361109,4491731,5586712,5283655,2941326,815420,1410813,1069364,16433603,13933293
24-10-2024,TOTAL,890866,890866,5873052,5873052,8598073,8260254,8598073,8260254,3794970,1952698,3794970,1952698,29369913,29369913
24-10-2024,FII,170416,317647,2605754,1801014,1594624,1883261,1241345,1320711,191459,236122,492324,316032,6681636,5489073
24-10-2024,Pro,85334,110963,810532,285738,1640262,1713228,1770016,1655888,662185,896395,1590019,567302,5807936,5979926
25-10-2024,TOTAL,886613,886613,5914253,5914253,12121595,9466523,12121595,9466523,3734696,1894570,3734696,1894570,34018250,34018250
25-10-2024,DII,122613,177190,147033,3501685,2078,173582,0,0,0,761,303729,0,446067,3982604
25-10-2024,Client,513557,266942,2248022,281126,7770194,5011584,7875407,5938336,2868388,744136,1359450,1006981,19155881,16728242
25-10-2024,Pro,71594,134155,815453,293263,2182520,1866429,2415527,1823833,662581,906640,1557369,542383,6505217,6766530
25-10-2024,FII,178849,308326,2703745,1838179,2166803,2414928,1830661,1704354,203727,243033,514148,345206,7911085,6540874
28-10-2024,DII,122536,180142,146576,3517823,2078,171657,0,0,0,761,304034,0,443608,4001999
28-10-2024,FII,192641,286433,2732186,1815621,2376170,2494866,1730736,1599301,211821,242892,519378,343314,8250576,6294783
28-10-2024,Pro,69585,142099,801650,288887,2110550,2033511,2355498,2259280,688909,891804,1493892,591831,6596009,7131487
28-10-2024,Client,468401,244489,2221939,280020,7982791,6326589,8385355,7168042,2724912,778531,1308338,978843,20503163,18365087
28-10-2024,TOTAL,853163,853163,5902351,5902351,12471589,11026623,12471589,11026623,3625642,1913988,3625642,1913988,35793356,35793356
29-10-2024,FII,184030,275431,2758739,1819936,2300690,2875664,1652369,1968779,201718,245837,520165,332992,8566678,6569672
29-10-2024,Pro,78699,130142,778058,309944,2007164,2369000,2126590,2815627,728685,884176,1428192,627031,6845782,7437526
29-10-2024,Client,456147,259728,2243028,288682,7312723,7615313,7843696,8256494,2578495,781887,1261023,952693,20987593,18862316
29-10-2024,TOTAL,845429,845429,5932433,5932433,11622655,13040900,11622655,13040900,3510190,1912716,3510190,1912716,36864323,36864323
29-10-2024,DII,126553,180128,152608,3513871,2078,180923,0,0,1292,816,300810,0,464270,3994809
30-10-2024,TOTAL,802553,802553,5900911,5900911,11310549,10277265,11310549,10277265,3281722,1848415,3281722,1848415,33421415,33421415
30-10-2024,DII,138625,180128,156643,3537886,2078,175749,0,0,1292,808,296980,0,475195,4014994
30-10-2024,Client,448032,246671,2259785,265926,7485961,5761105,7725094,6761010,2346782,714248,1169397,897834,19015913,17065932
30-10-2024,Pro,64246,102080,754891,299279,1840099,1906687,2123353,1944233,740314,895862,1302839,619970,6202099,6391754
30-10-2024,FII,151650,273674,2729592,1797820,1982411,2433724,1462102,1572022,193334,237497,512506,330611,7728208,5948735
31-10-2024,Pro,64673,92713,560236,162024,1724087,1872602,1809061,1629574,235451,393103,532208,243744,4850152,4469324
31-10-2024,TOTAL,699423,699423,5477862,5477862,8423723,7230448,8423723,7230448,1125084,839225,1125084,839225,23795765,23795765
31-10-2024,Client,435068,221913,2197337,210022,5241588,3502731,5472378,4653411,875595,405295,525961,548663,12657614,11632348
31-10-2024,FII,61521,214748,2654268,1680736,1455970,1683734,1142284,947463,13946,40827,66561,46818,5910266,4098610
31-10-2024,DII,138161,170049,66021,3425080,2078,171381,0,0,92,0,354,0,377733,3595483
01-11-2024,DII,138161,170049,69143,3880933,2078,171381,0,0,92,0,367,0,380855,4051349
01-11-2024,Client,437845,231188,2472949,263653,5740024,4011299,6075515,5141197,1027087,480629,632082,644657,14169833,12988292
01-11-2024,FII,62288,213895,3024619,1878293,1482255,1707605,1153998,996506,17640,46727,75950,53239,6341134,4371881
01-11-2024,Pro,67851,91013,641762,185594,1925338,2076552,1920182,1829134,286463,463683,622883,293143,5461649,4941949
01-11-2024,TOTAL,706145,706145,6208473,6208473,9149695,7966837,9149695,7966837,1331282,991039,1331282,991039,26353471,26353471
04-11-2024,DII,139273,170364,71052,3857181,2078,167881,0,0,92,0,105839,0,380376,4133384
04-11-2024,TOTAL,743727,743727,6235301,6235301,11844871,9107985,11844871,9107985,1701647,1157259,1701647,1157259,30790790,30790790
04-11-2024,FII,71681,232568,3023303,1902296,1906482,1911832,1495229,1223085,56711,76035,131061,90682,7046044,5074921
04-11-2024,Pro,61555,101604,654190,199561,2197531,1991387,2566018,1947271,381006,544840,732964,351350,5830509,5898768
04-11-2024,Client,471218,239191,2486756,276263,7738780,5036885,7783624,5937629,1263838,536384,731783,715227,17533861,15683717
05-11-2024,Client,453896,229059,2471580,289492,6522563,5940329,6917757,6601557,1347385,591227,788154,746488,17326980,15572507
05-11-2024,DII,139788,170364,91587,3856567,2078,160881,0,0,92,0,171750,0,394426,4198681
05-11-2024,Pro,50537,93949,637229,206728,1981973,2035277,2206471,2337968,449052,566406,752456,393905,5720474,5991477
05-11-2024,TOTAL,729749,729749,6249813,6249813,10574159,10370096,10574159,10370096,1873290,1252644,1873290,1252644,31049751,31049751
05-11-2024,FII,85528,236377,3049417,1897026,2067545,2233609,1449931,1430571,76761,95011,160930,112251,7607871,5287086
06-11-2024,Client,460284,233728,2488224,289879,6975465,6120106,7134812,6873088,1421138,685900,846906,784105,18151117,16162518
06-11-2024,DII,140230,170017,111495,3852011,2078,180881,0,0,92,0,203926,0,434776,4225954
06-11-2024,Pro,53768,95148,629418,221377,1818857,1987394,2294062,2353506,510254,569002,785481,445440,5568693,6195014
06-11-2024,TOTAL,737469,737469,6257138,6257138,11050229,10573906,11050229,10573906,2026820,1361698,2026820,1361698,32007260,32007260
06-11-2024,FII,83187,238576,3028001,1893871,2253829,2285525,1621355,1347312,95336,106796,190507,132153,7852674,5423774
07-11-2024,DII,140199,169520,113415,3830113,2078,170881,0,0,92,0,216139,0,426665,4215772
07-11-2024,Client,487991,235656,2552031,286612,5620965,4001914,5546307,4888371,1653590,702717,922415,835740,15019208,12715101
07-11-2024,FII,83698,257780,2988614,1965479,1521925,1645426,1226990,914756,101868,130192,239165,149037,6471723,4753207
07-11-2024,TOTAL,762501,762501,6304287,6304287,8848618,7518353,8848618,7518353,2269997,1442962,2269997,1442962,27146718,27146718
07-11-2024,Pro,50613,99545,650227,222083,1703650,1700132,2075321,1715226,514447,610053,892278,458185,5229122,5462638
08-11-2024,Pro,58509,97814,671221,231967,2047856,1974814,2474584,2001897,537037,647147,965335,481532,5936584,6253129
08-11-2024,DII,140583,169520,116365,3822775,2078,177586,0,0,92,0,234379,0,436704,4226674
08-11-2024,FII,82969,261867,2999405,1993777,1895634,2089607,1523795,1273558,116905,142554,294828,174328,7327074,5522153
08-11-2024,TOTAL,764776,764776,6346532,6346532,11597668,9307721,11597668,9307721,2478765,1532461,2478765,1532461,32027923,32027923
08-11-2024,Client,482715,235575,2559541,298013,7652100,5065714,7599289,6032266,1824731,742760,984223,876601,18327561,16025967
11-11-2024,TOTAL,759497,759497,6362152,6362152,12370111,10815444,12370111,10815444,2615621,1596269,2615621,1596269,34519094,34519094
11-11-2024,Client,465621,239143,2558089,296682,8124594,6073367,8154609,6871802,1866149,723474,996060,846230,19811294,17404526
11-11-2024,Pro,67646,90326,709530,246885,2329928,2398547,2659141,2488573,627330,724401,1062107,550942,6857382,7097974
11-11-2024,FII,85802,260508,2974813,2008469,1913511,2165875,1556361,1455069,122050,148394,319823,199097,7410445,5799327
11-11-2024,DII,140428,169520,119720,3810116,2078,177655,0,0,92,0,237631,0,439973,4217267
12-11-2024,FII,86641,272013,2962882,2044216,2172106,2256226,1919876,1509251,129049,158571,336167,207585,7765475,6289108
12-11-2024,Client,494412,259867,2554801,299193,9914264,5294681,9546120,6311955,2062906,686368,1061685,866415,21007432,18345235
12-11-2024,DII,140377,169520,121225,3785976,2078,181303,0,0,92,0,242605,0,445075,4198101
12-11-2024,TOTAL,808737,808737,6383734,6383734,15196449,10223942,15196449,10223942,2814211,1621411,2814211,1621411,37048484,37048484
12-11-2024,Pro,87307,107337,744826,254349,3108001,2491732,3730453,2402736,622164,776472,1173754,547411,7830502,8216040
13-11-2024,FII,85875,298449,2994109,2039999,2065543,2436007,1721265,1593516,136179,163370,351860,219454,7881083,6224543
13-11-2024,DII,141646,169520,121453,3793107,2078,185303,0,0,92,0,253985,0,450572,4216612
13-11-2024,Client,531805,257055,2509312,295335,8517802,4805312,8350028,5863857,2188667,679811,1092406,859653,19232709,16718334
13-11-2024,Pro,74396,108698,768783,265216,2804842,2384078,3318972,2353327,627585,810698,1254272,574772,7470382,7875257
13-11-2024,TOTAL,833722,833722,6393657,6393657,13390265,9810700,13390265,9810700,2952523,1653879,2952523,1653879,35034746,35034746
14-11-2024,Pro,61907,104811,773002,266031,2107248,2028685,2334872,1884146,655061,828930,1296392,609541,6454833,6495793
14-11-2024,TOTAL,846298,846298,6393825,6393825,9213249,7940708,9213249,7940708,3060371,1715388,3060371,1715388,29169839,29169839
14-11-2024,DII,142646,169520,126376,3792092,2078,186915,0,0,92,0,257371,0,458107,4218983
14-11-2024,FII,92998,314348,2988718,2048195,1600003,1877055,1260485,1118338,145902,169771,356355,222693,6874447,5320414
14-11-2024,Client,548747,257619,2505729,287507,5503920,3848053,5617892,4938224,2259316,716687,1150253,883154,15382452,13134649
18-11-2024,DII,143842,169011,129643,3795166,2078,187303,0,0,92,0,261817,0,462958,4225994
18-11-2024,FII,97834,315726,3004899,2044418,1868262,2013197,1604776,1380160,153522,180532,365117,223879,7318246,5934076
18-11-2024,Client,547758,251527,2495285,294192,7335797,5506107,7474801,6406834,2317554,735551,1177966,893188,18938052,16498508
18-11-2024,TOTAL,845209,845209,6413104,6413104,11852925,10253192,11852925,10253192,3150938,1754590,3150938,1754590,34269958,34269958
18-11-2024,Pro,55775,108945,783277,279328,2646788,2546585,2773348,2466198,679770,838507,1346038,637523,7550702,7611380
19-11-2024,Client,516527,231285,2445424,299549,6981201,4944339,7496833,6187419,2262136,725414,1171392,895752,17875041,16282230
19-11-2024,DII,143692,169011,136388,3784309,2078,188303,0,0,92,0,262700,0,470553,4216020
19-11-2024,FII,99713,291250,3038722,1999560,1977287,2077909,1491173,1268989,166342,194923,374602,224988,7554896,5650562
19-11-2024,TOTAL,813272,813272,6381844,6381844,11656813,9869097,11656813,9869097,3143478,1774684,3143478,1774684,33639188,33639188
19-11-2024,Pro,53340,121726,761310,298426,2696247,2658546,2668807,2412689,714908,854347,1334784,653944,7738698,7490376
21-11-2024,Pro,60905,114017,802655,319165,2035194,1994167,2129436,1931383,742180,901010,1433848,701940,6536111,6629789
21-11-2024,Client,523696,242639,2461768,299236,5488051,4259949,5566407,5060028,2383525,756879,1187061,914267,15873868,13269638
21-11-2024,FII,99807,300868,2999364,2016374,1297482,1729509,1126962,1175517,180627,207777,416399,249459,6514566,5285579
21-11-2024,TOTAL,826435,826435,6404606,6404606,8822805,8166928,8822805,8166928,3306424,1865666,3306424,1865666,29392864,29392864
21-11-2024,DII,142027,168911,140819,3769831,2078,183303,0,0,92,0,269116,0,468319,4207858
22-11-2024,FII,129293,283642,3102622,1928869,1823355,2376013,1298411,1676479,191144,221549,405096,244461,7843976,5836958
22-11-2024,Client,467349,229464,2385335,283250,5319995,6068295,6064513,6805551,2057211,849109,1139223,915726,17147294,15437727
22-11-2024,TOTAL,793490,793490,6369435,6369435,9463608,11286707,9463608,11286707,3076665,1945099,3076665,1945099,32935004,32935004
22-11-2024,DII,142886,168411,145500,3785943,2376,202915,0,0,92,0,265910,0,493769,4220264
22-11-2024,Pro,53962,111973,735978,371373,2317882,2639484,2100684,2804677,828218,874441,1266436,784912,7449965,7440055
25-11-2024,Client,406347,227383,2351912,303898,6971418,7770183,7487797,8141639,1972569,911452,1105588,900849,20383881,18167154
25-11-2024,Pro,53092,103495,719132,413125,2587788,2998553,2620390,3439979,912129,881592,1284869,854262,8152286,8716120
25-11-2024,DII,144437,164311,184072,3781707,2094,222915,0,0,228,0,291590,0,553746,4237608
25-11-2024,FII,150611,259298,3237846,1994232,2111627,2524494,1564740,1934527,203072,219709,405951,257642,8447359,6416390
25-11-2024,TOTAL,754487,754487,6492962,6492962,11672927,13516145,11672927,13516145,3087998,2012753,3087998,2012753,37537272,37537272
26-11-2024,TOTAL,739442,739442,6418548,6418548,12166208,13197906,12166208,13197906,3114757,2033192,3114757,2033192,37670053,37670053
26-11-2024,FII,142108,265172,3171031,1929768,2156037,2492606,1642418,1847060,197092,218448,390164,249062,8377322,6323644
26-11-2024,Pro,59460,91146,694512,396994,2598373,2788866,2642751,3087740,908286,897458,1311017,864491,7946955,8394139
26-11-2024,Client,392573,218813,2366304,302503,7410304,7668519,7881039,8263106,2009151,917286,1117150,919639,20764137,18702250
26-11-2024,DII,145301,164311,186701,3789283,1494,247915,0,0,228,0,296426,0,581639,4250020
27-11-2024,Client,379753,203234,2377531,299921,5783296,6172587,6383636,6955077,1830966,868153,1050336,886790,17412286,15778994
27-11-2024,Pro,60689,81989,695890,417199,2045084,2397744,2011384,2521735,910474,905014,1195740,851427,7014895,7079474
27-11-2024,DII,144615,163911,200026,3812836,196,252915,0,0,228,0,296952,0,597980,4273699
27-11-2024,FII,156979,292902,3153318,1896809,1859911,1985360,1293467,1331794,188742,217701,387382,252651,7562011,5455005
27-11-2024,TOTAL,742036,742036,6426765,6426765,9688487,10808606,9688487,10808606,2930410,1990868,2930410,1990868,32587172,32587172
28-11-2024,DII,143977,155211,98688,3804907,164,222906,0,0,92,0,10604,0,465827,3970722
28-11-2024,FII,112880,231385,2928170,1834884,927334,1296235,849332,802764,21454,48443,79579,49924,5334516,3847868
28-11-2024,TOTAL,712608,712608,6076056,6076056,7153890,6683795,7153890,6683795,1219725,940116,1219725,940116,22786190,22786190
28-11-2024,Client,409800,226466,2393265,243877,4560546,3387882,4548874,4249066,869728,418772,523880,549462,12039993,10341625
28-11-2024,Pro,45951,99546,655933,192388,1665846,1776772,1755684,1631965,328451,472901,605662,340730,4945854,4625975
29-11-2024,DII,143472,155211,103430,3876030,0,222906,0,0,92,0,58972,0,469900,4090213
29-11-2024,Pro,45673,100696,670989,217289,2107124,2090295,1878204,2078230,467752,550907,678016,422638,5932740,5375073
29-11-2024,TOTAL,705538,705538,6197301,6197301,8484795,8810661,8484795,8810661,1538152,1159382,1538152,1159382,26895829,26895829
29-11-2024,FII,112318,227331,2990584,1837651,1145458,1401211,1002731,955894,64260,96722,149073,106320,5810553,4279000
29-11-2024,Client,404075,222300,2432298,266331,5232213,5096249,5603860,5776537,1006048,511753,652091,630424,14682636,13151543
02-12-2024,Client,409503,228922,2475089,283217,6112451,6823264,6842743,7755677,1145331,594524,741675,701374,17560162,16553608
02-12-2024,FII,116731,241085,3013704,1836310,1585098,1923448,1071006,1141685,86469,117313,189749,138410,6842763,4618245
02-12-2024,DII,144473,155211,105665,3913065,0,232906,0,0,92,0,106597,0,483136,4174873
02-12-2024,TOTAL,730411,730411,6279349,6279349,10267353,11899099,10267353,11899099,1794245,1322791,1794245,1322791,32293248,32293248
02-12-2024,Pro,59704,105193,684891,246757,2569804,2919481,2353604,3001737,562353,610954,756224,483007,7407187,6946522
03-12-2024,Pro,61857,111994,688554,261282,2792671,3177655,2476624,3378468,650285,664454,820341,532251,8035476,7580960
03-12-2024,FII,123612,220999,3013372,1839316,1758658,2055146,1176768,1255627,102206,126560,251442,184106,7179554,4928258
03-12-2024,Client,391364,232267,2492231,307209,6189749,7826092,7087686,8677704,1266382,674251,800920,748908,18840069,17854694
03-12-2024,DII,143657,155230,109095,3895445,0,252906,0,0,92,0,146262,0,505750,4196937
03-12-2024,TOTAL,720490,720490,6303252,6303252,10741078,13311799,10741078,13311799,2018965,1465265,2018965,1465265,34560849,34560849
04-12-2024,Pro,63890,108445,733367,311039,3083340,3282185,2821090,3482119,703494,715206,893099,570840,8581482,8186632
04-12-2024,TOTAL,727579,727579,6336583,6336583,12071002,13725234,12071002,13725234,2223931,1570137,2223931,1570137,36654466,36654466
04-12-2024,FII,132697,215260,2945000,1848526,2035183,2296439,1377383,1453937,119898,144332,292742,201944,7673549,5389792
04-12-2024,Client,387226,248644,2539279,320036,6952479,7883704,7872529,8789178,1400447,710599,869554,797353,19873734,18897294
04-12-2024,DII,143766,155230,118937,3856982,0,262906,0,0,92,0,168536,0,525701,4180748
05-12-2024,FII,160638,206035,3052220,1858140,1231275,1562527,944281,1030221,144881,163558,321963,231900,6315099,4592540
05-12-2024,TOTAL,707381,707381,6362106,6362106,7040218,8451521,7040218,8451521,2348370,1666718,2348370,1666718,26576314,26576314
05-12-2024,Pro,58668,102825,694152,326620,1867629,1986438,1825755,2261912,781776,739289,921437,619262,6127952,6057811
05-12-2024,Client,341307,242291,2490270,333398,3941314,4639650,4270182,5159388,1421129,763871,901324,815556,13597541,11722139
05-12-2024,DII,146768,156230,125464,3843948,0,262906,0,0,584,0,203646,0,535722,4203824
06-12-2024,Client,357851,251072,2540140,342523,6534731,6272021,6725059,6825493,1542554,828077,943645,860512,18075374,15948304
06-12-2024,DII,147600,154230,141203,3875716,0,262906,0,0,419,0,218487,0,552128,4248433
06-12-2024,FII,163290,202731,3065987,1896276,1664875,1842955,1370665,1285021,157617,174142,353743,255272,7068866,5363708
06-12-2024,TOTAL,728694,728694,6457025,6457025,10364642,10683039,10364642,10683039,2507388,1777276,2507388,1777276,32518064,32518064
06-12-2024,Pro,59953,120661,709695,342510,2165036,2305157,2268918,2572525,806798,775057,991513,661492,6821696,6957619
09-12-2024,FII,162875,200569,3009969,1952784,2023370,2082961,1802218,1553914,165592,181104,403316,289407,7625871,6202208
09-12-2024,Pro,52567,124761,748294,343855,2499283,2494501,2828362,2747388,823362,839065,1131301,687405,7457072,7863072
09-12-2024,Client,368817,250399,2610214,344065,8576026,7090063,8468099,7629129,1808316,866200,1019903,909557,21319636,18621152
09-12-2024,TOTAL,729476,729476,6511460,6511460,13098679,11930431,13098679,11930431,2797689,1886369,2797689,1886369,36954104,36954104
09-12-2024,DII,145217,153747,142983,3870756,0,262906,0,0,419,0,243169,0,551525,4267672
10-12-2024,Pro,51806,121025,761173,349976,2705119,2649175,2993705,2830875,841916,870749,1179743,702296,7879938,8177620
10-12-2024,DII,146510,153847,147266,3873717,0,262906,0,0,567,0,258838,0,557249,4286402
10-12-2024,TOTAL,729726,729726,6535980,6535980,14158354,12482831,14158354,12482831,2954797,1955392,2954797,1955392,38817080,38817080
10-12-2024,Client,375004,251696,2634837,348968,9357441,7393792,9154414,7846036,1937768,899892,1071258,934573,22598734,19606945
10-12-2024,FII,156406,203158,2992704,1963319,2095794,2176958,2010235,1805920,174546,184751,444958,318523,7781159,6746113
11-12-2024,Pro,49572,117972,773542,352155,2826544,2762609,3461666,3301035,863831,872038,1203644,718762,8148136,9155234
11-12-2024,DII,145400,153407,151382,3880497,0,262906,0,0,530,0,280398,0,560218,4314302
11-12-2024,Client,377791,253616,2655663,351000,9742231,8175138,9218256,8238508,2036283,948668,1112971,947126,23935774,20121477
11-12-2024,TOTAL,729613,729613,6559524,6559524,15212738,13366879,15212738,13366879,3079734,2009367,3079734,2009367,40957855,40957855
11-12-2024,FII,156850,204618,2978937,1975872,2643963,2166226,2532816,1827336,179090,188661,482721,343479,8313727,7366842
12-12-2024,Pro,54017,113262,800260,346995,2103047,2023716,2140665,2008135,847439,916473,1292844,715126,6744952,6617027
12-12-2024,DII,144748,152967,156307,3897145,0,261254,0,0,544,0,287800,0,562853,4337912
12-12-2024,Client,390151,254606,2700124,335745,5271630,4582661,5349372,5245798,2223925,949831,1163389,969596,16118322,13318506
12-12-2024,TOTAL,724121,724121,6607707,6607707,8652782,8398594,8652782,8398594,3258255,2062554,3258255,2062554,29704013,29704013
12-12-2024,FII,135205,203286,2951016,2027822,1278105,1530963,1162745,1144661,186347,196250,514222,377832,6277886,5430568
13-12-2024,TOTAL,707666,707666,6623260,6623260,10152057,10816541,10152057,10816541,3269702,2076673,3269702,2076673,33645899,33645899
13-12-2024,Client,364059,244826,2656090,341285,5680424,6119200,6407416,6886421,2199594,956453,1159999,957697,17975820,15997644
13-12-2024,Pro,60018,109929,779680,373292,2322371,2276572,2213672,2462782,871449,912961,1260247,733487,7223051,7153409
13-12-2024,FII,139706,200264,3027265,1992295,2148762,2161479,1530969,1467338,198136,207259,540306,385489,7882607,6116661
13-12-2024,DII,143883,152647,160225,3916388,500,259290,0,0,523,0,309150,0,564421,4378185
16-12-2024,Client,389326,242328,2694694,342158,7570928,6356756,8101612,7414212,2410234,983081,1211714,983271,20405019,18295295
16-12-2024,Pro,53096,117456,806981,377745,2902861,2710867,2841952,2615161,849251,925268,1376695,750127,8248324,8079136
16-12-2024,DII,145027,152627,161901,3925273,500,249310,0,0,208,0,314299,0,556946,4392199
16-12-2024,FII,128318,203356,2994911,2013311,2309301,2245395,1840026,1532955,205795,216641,562780,391592,8100361,6544020
16-12-2024,TOTAL,715767,715767,6658487,6658487,12783590,11562328,12783590,11562328,3465488,2124990,3465488,2124990,37310650,37310650
17-12-2024,Client,422750,254504,2737370,338566,10821694,6312599,10451061,7112397,2667513,939931,1256002,1004624,23901857,20417154
17-12-2024,Pro,56110,124699,870794,372597,3561132,2803272,4056541,2777745,828398,995210,1529929,731104,9114916,9592615
17-12-2024,FII,119667,210765,2943712,2056697,3186744,2158102,3062468,1620141,207733,226464,602172,425877,8842422,7978120
17-12-2024,TOTAL,743726,743726,6716615,6716615,17570070,11510283,17570070,11510283,3703863,2161605,3703863,2161605,42406162,42406162
17-12-2024,DII,145199,153758,164739,3948755,500,236310,0,0,219,0,315760,0,546967,4418273
18-12-2024,TOTAL,763524,763524,6759165,6759165,20790195,11278771,20790195,11278771,3786956,2143155,3786956,2143155,45521766,45521766
18-12-2024,Client,452257,250395,2723056,331349,12429119,6394677,11681565,6977934,2760059,902331,1257513,1000665,25661499,21499421
18-12-2024,DII,145376,153398,169043,3960564,500,232310,0,0,219,0,316847,0,547448,4430809
18-12-2024,Pro,49237,141735,899956,374098,4334330,2558702,5027463,2646576,818266,1003278,1569969,719982,9663769,10479823
18-12-2024,FII,116654,217996,2967110,2093154,4026246,2093082,4081167,1654261,208412,237546,642627,422508,9649050,9111713
19-12-2024,TOTAL,784136,784136,6830783,6830783,11455550,8333173,11455550,8333173,3846414,2137130,3846414,2137130,33387186,33387186
19-12-2024,DII,145594,153017,169750,3982935,500,223822,0,0,219,0,317110,0,539885,4453062
19-12-2024,FII,116414,241758,2958839,2124731,1802082,1722562,1855767,1267357,216903,243149,657641,424283,7059949,6571537
19-12-2024,Client,470416,258448,2745755,333101,7026340,4384290,6806232,5189710,2792707,863474,1250245,1004600,18282982,14842336
19-12-2024,Pro,51712,130913,956439,390016,2626628,2002499,2793551,1876106,836585,1030507,1621418,708247,7504370,7520251
20-12-2024,TOTAL,822723,822723,6853999,6853999,13896194,9438932,13896194,9438932,3888987,2069695,3888987,2069695,36970530,36970530
20-12-2024,DII,145622,155714,176714,4002110,500,227902,0,0,219,0,312830,0,550957,4470654
20-12-2024,Client,487217,262525,2716657,317595,8921942,4844458,8599350,5701012,2840174,739745,1220778,976194,20550193,17077454
20-12-2024,Pro,66759,132981,977501,385587,2957422,2231150,3122024,1994181,823963,1081093,1705648,672442,8137888,8012863
20-12-2024,FII,123125,271503,2983127,2148707,2016330,2135422,2174820,1743739,224631,248857,649731,421059,7731492,7409559
23-12-2024,Client,461574,248155,2670142,317630,9938738,6440961,9307389,6727434,2680117,758599,1179074,946481,22950131,18726163
23-12-2024,DII,145573,155974,178815,4006159,500,220322,0,0,219,0,313595,0,545429,4475728
23-12-2024,Pro,69320,115351,924965,388332,2836927,2369842,3215425,2493541,838351,1029532,1620527,715217,8068937,8548393
23-12-2024,FII,122450,279437,3081283,2143084,2367008,2230530,2620359,2040680,230078,260214,635569,386647,8291563,8105776
23-12-2024,TOTAL,798917,798917,6855205,6855205,15143173,11261655,15143173,11261655,3748765,2048345,3748765,2048345,39856060,39856060
24-12-2024,Pro,66770,87217,889045,383810,2036385,1977096,2193832,2066190,865322,1015168,1405827,713685,6849786,6850561
24-12-2024,Client,449623,241537,2669541,312042,6484898,5405591,6560284,6084625,2334888,698667,1078513,897971,18043208,15174972
24-12-2024,DII,140538,155744,183592,4022478,500,189322,0,0,219,0,317993,0,514171,4496215
24-12-2024,TOTAL,735811,735811,6863399,6863399,10540933,9882384,10540933,9882384,3428073,1977764,3428073,1977764,33428364,33428364
24-12-2024,FII,78880,251313,3121221,2145069,2019150,2310375,1786817,1731569,227644,263929,625740,366108,8021199,6906616
26-12-2024,DII,121224,154568,133430,3936847,0,174079,0,0,0,0,8831,0,428733,4100246
26-12-2024,Pro,43892,85655,638941,182362,1062777,1427546,1171547,1251419,294542,471260,539383,280137,3938958,3510503
26-12-2024,Client,441007,211022,2536941,263193,2747576,2225574,2631721,2892809,778971,343834,459349,562304,9073903,7020398
26-12-2024,FII,45149,200027,3070623,1997533,577155,969612,584240,652583,15357,58069,81307,30722,4735965,3546412
26-12-2024,TOTAL,651272,651272,6379935,6379935,4387508,4796811,4387508,4796811,1088870,873163,1088870,873163,18177559,18177559
27-12-2024,TOTAL,668394,668394,6451854,6451854,5124427,5274661,5124427,5274661,1457649,1117254,1457649,1117254,20094239,20094239
27-12-2024,Client,435712,208221,2574007,268231,3180036,2590261,3120232,3207234,946112,399431,593922,658219,10125559,8056059
27-12-2024,Pro,40018,85451,635692,207072,1264034,1489943,1372107,1363306,449995,584298,656827,388601,4463980,4073364
27-12-2024,FII,45536,220084,3105408,2014662,680357,1027180,632088,704122,61542,133525,156114,70434,5053548,3797504
27-12-2024,DII,147128,154638,136747,3961889,0,167277,0,0,0,0,50786,0,451152,4167313
30-12-2024,DII,150352,154638,141308,3998595,0,163276,0,0,0,0,62430,0,454936,4215663
30-12-2024,TOTAL,699094,699094,6551827,6551827,6091504,5655144,6091504,5655144,1708188,1266167,1708188,1266167,21971925,21971925
30-12-2024,FII,39562,236829,3157837,2035763,784230,1090101,636482,696848,95466,180731,200835,92301,5347926,3899058
30-12-2024,Pro,52668,83486,658084,234832,1436049,1614511,1619244,1449322,523655,663273,757423,443776,4948240,4588083
30-12-2024,Client,456512,224141,2594598,282637,3871226,2787257,3835779,3508974,1089067,422163,687500,730090,11220823,9269121
31-12-2024,DII,150405,153854,149959,4021545,0,173276,0,0,0,0,84701,0,473640,4260100
31-12-2024,TOTAL,743815,743815,6583520,6583520,6101197,6089544,6101197,6089544,1867927,1368671,1867927,1368671,22754674,22754674
31-12-2024,Pro,70324,88539,684685,228248,1346902,1689009,1545326,1619549,581851,701617,794881,485380,5074388,4761923
31-12-2024,Client,481310,237584,2622810,286682,3751265,2829212,3889809,3782505,1174267,459158,756753,779984,11318022,9733317
31-12-2024,FII,41776,263838,3126066,2047045,1003029,1398048,666062,687490,111809,207896,231592,103307,5888624,3999334
01-01-2025,TOTAL,746054,746054,6581936,6581936,6377160,6676948,6377160,6676948,2030026,1457391,2030026,1457391,23869515,23869515
01-01-2025,Client,488759,228827,2640198,292590,3802525,3190614,4061975,4118006,1251203,499031,815258,817903,11872330,10334559
01-01-2025,FII,43499,277695,3108566,2040552,1094329,1467525,692546,784836,129100,231330,257350,116858,6074349,4169838
01-01-2025,DII,150492,153654,152792,4015584,0,173276,0,0,0,0,134575,0,476560,4303813
01-01-2025,Pro,63304,85878,680380,233210,1480306,1845533,1622639,1774105,649723,727030,822843,522630,5446276,5061305
02-01-2025,Pro,58839,77548,624568,280111,1243536,1460951,1206653,1369498,762497,740667,833862,596571,4891057,4364242
02-01-2025,Client,439460,218618,2590307,311441,2421452,2373614,2558277,3018568,1254290,593158,860311,850371,9672281,7817586
02-01-2025,TOTAL,717121,717121,6613193,6613193,4384949,5074309,4384949,5074309,2169492,1585477,2169492,1585477,20544542,20544542
02-01-2025,DII,153937,153724,154219,4016210,0,193276,0,0,0,0,181138,0,501432,4351072
02-01-2025,FII,64885,267231,3244099,2005431,719961,1046469,620019,686244,152705,251652,294181,138535,5479771,4011641
03-01-2025,TOTAL,733769,733769,6650414,6650414,6297602,5723484,6297602,5723484,2339224,1674379,2339224,1674379,23418871,23418871
03-01-2025,Pro,56415,78756,623513,283741,1517443,1671614,1422793,1356961,773401,798067,919737,626128,5440453,4688116
03-01-2025,DII,154319,153324,152983,4015793,70,193276,0,0,0,0,185119,0,500648,4354236
03-01-2025,FII,60264,290258,3257556,2035717,956105,1231911,922546,874269,168315,277965,322079,151655,5952116,4596524
03-01-2025,Client,462771,211431,2616362,315163,3823984,2626682,3952263,3492254,1397508,598347,912289,896596,11525654,9779996
06-01-2025,TOTAL,735709,735709,6666887,6666887,7493918,5865769,7493918,5865769,2509158,1705218,2509158,1705218,24976659,24976659
06-01-2025,DII,154781,154099,155408,3994640,70,177076,0,0,0,0,193751,0,487335,4342490
06-01-2025,Client,462533,220895,2605966,322566,4713580,2664028,4558452,3517749,1572154,544495,949017,917195,12562756,10485873
06-01-2025,Pro,55573,75416,664008,273171,1605378,1736108,1891502,1450554,745586,854243,1030616,621696,5660896,5342955
06-01-2025,FII,62822,285299,3241505,2076510,1174890,1288557,1043964,897466,191418,306480,335774,166327,6265672,4805340
07-01-2025,Client,449651,213456,2592485,336701,4786182,3137327,4572262,3816069,1623466,584083,990143,940533,13173194,10869163
07-01-2025,Pro,63473,76883,660560,285071,1518393,1709073,1802002,1531397,787354,862033,1074715,661220,5600886,5431288
07-01-2025,TOTAL,737921,737921,6685299,6685299,7466361,6279284,7466361,6279284,2620561,1773327,2620561,1773327,25562753,25562753
07-01-2025,DII,152336,154104,163508,3993786,70,175956,0,0,0,0,202843,0,491870,4350733
07-01-2025,FII,72461,293478,3268746,2069741,1161717,1256928,1092098,931818,209741,327211,352860,171574,6296804,4911569
08-01-2025,FII,74043,312364,3248241,2086824,1232669,1327306,1231714,1031742,213575,315478,404903,202664,6411311,5270211
08-01-2025,Pro,66753,90829,693990,295538,1603077,1768235,1995278,1619071,811287,915930,1146465,678831,5859272,5826012
08-01-2025,TOTAL,759126,759126,6729276,6729276,7996197,6651012,7996197,6651012,2794164,1841174,2794164,1841174,26770949,26770949
08-01-2025,Client,467032,201899,2615586,342298,5160381,3384516,4769205,4000199,1769302,609766,1028418,959679,14006583,11301698
08-01-2025,DII,151298,154034,171459,4004616,70,170956,0,0,0,0,214378,0,493783,4373028
09-01-2025,Client,502036,213533,2653979,350020,4062526,2476846,3732381,3142987,1953613,646331,1089312,988274,12295331,9516507
09-01-2025,DII,150468,154109,174362,4021971,70,165198,0,0,0,0,232192,0,490098,4408272
09-01-2025,TOTAL,800950,800950,6783785,6783785,6276151,5256517,6276151,5256517,3024992,1930425,3024992,1930425,24072820,24072820
09-01-2025,Pro,84409,101442,745071,303192,1357851,1530496,1684892,1322559,851073,962299,1233235,711832,5531199,5357152
09-01-2025,FII,64037,331866,3210373,2108602,855704,1083977,858878,790972,220306,321795,470253,230319,5756192,4790890
10-01-2025,FII,64563,342373,3266583,2106723,1028141,1328826,1042729,1011454,234829,340000,496713,243258,6262942,5243250
10-01-2025,Pro,85412,119091,751889,325352,1663419,1697621,2020409,1463401,847660,967925,1276216,716248,6013926,5920717
10-01-2025,TOTAL,817670,817670,6798769,6798769,7649757,5923417,7649757,5923417,3139091,1946110,3139091,1946110,26274814,26274814
10-01-2025,Client,519826,205748,2599609,346453,4958128,2737500,4586620,3448562,2056602,638185,1124840,986604,13509850,10698826
10-01-2025,DII,147869,150458,180688,4020241,70,159470,0,0,0,0,241322,0,488097,4412021
13-01-2025,Client,532439,208205,2539424,340272,5767268,2814082,5223701,3524981,2233630,637231,1127469,964618,14524075,11389247
13-01-2025,DII,148051,149738,188192,4048054,70,154930,0,0,165,45,259161,0,491453,4456953
13-01-2025,Pro,90426,117763,788035,327915,1887185,1712451,2493343,1642571,861846,1005378,1410258,749138,6345321,6740988
13-01-2025,FII,66012,361222,3348464,2147874,1377906,1585139,1315385,1099050,245862,346398,544615,275296,6969781,5743442
13-01-2025,TOTAL,836928,836928,6864115,6864115,9032430,6266602,9032430,6266602,3341503,1989052,3341503,1989052,28330630,28330630
14-01-2025,FII,73366,368203,3395666,2125640,1480455,1632758,1274977,1104814,263173,366653,570276,264498,7212071,5708408
14-01-2025,Pro,82368,107308,781473,339119,1744450,1741098,2272649,1749881,924519,995527,1411741,808330,6269435,6689028
14-01-2025,TOTAL,830150,830150,6902845,6902845,8952599,6931115,8952599,6931115,3415213,2045764,3415213,2045764,29077686,29077686
14-01-2025,Client,524445,204901,2535856,336966,5727624,3395829,5404973,4076420,2226731,683525,1167137,972936,15094010,12163333
14-01-2025,DII,149971,149738,189850,4101120,70,161430,0,0,790,59,266059,0,502170,4516917
15-01-2025,Client,519216,206343,2553886,353504,6030562,3600773,5560831,4082830,2270367,730240,1202585,994949,15705044,12401042
15-01-2025,TOTAL,823004,823004,6953583,6953583,9349805,7013457,9349805,7013457,3500680,2112282,3500680,2112282,29752811,29752811
15-01-2025,Pro,77493,100478,762093,365260,1855842,1708243,2352366,1731646,949787,1009102,1447040,832782,6362560,6829572
15-01-2025,FII,76241,366445,3442354,2142663,1463331,1543010,1436608,1198981,279111,372881,573490,284551,7176929,6002738
15-01-2025,DII,150054,149738,195250,4092156,70,161430,0,0,1415,59,277565,0,508278,4519459
16-01-2025,Client,510103,202961,2593301,351898,4411618,2724119,4260792,3389106,2297947,785588,1239549,1032243,13322676,10476549
16-01-2025,FII,75660,373156,3375036,2144061,1223173,1249862,1015277,735664,294604,385472,584731,304696,6603807,5157585
16-01-2025,Pro,74108,99951,781278,371612,1487979,1481678,1846771,1492163,981832,1026982,1470948,861103,5833857,6142548
16-01-2025,DII,169145,152948,199438,4081482,70,161274,0,0,1415,0,280570,0,531342,4515000
16-01-2025,TOTAL,829016,829016,6949053,6949053,7122839,5616933,7122839,5616933,3575798,2198042,3575798,2198042,26291682,26291682
17-01-2025,DII,179935,152948,211693,4073134,70,156274,0,0,2165,0,290858,0,550137,4516940
17-01-2025,FII,75904,402742,3371180,2148229,1355420,1322284,1208725,884346,309561,398254,600714,326904,6832603,5571661
17-01-2025,TOTAL,862603,862603,6953952,6953952,8164390,6002047,8164390,6002047,3667461,2252738,3667461,2252738,27903191,27903191
17-01-2025,Client,524698,209131,2591046,351525,5151637,2958821,4907178,3600039,2356638,808127,1279667,1051684,14390967,11399224
17-01-2025,Pro,82066,97782,780033,381064,1657263,1564668,2048487,1517661,999097,1046357,1496222,874150,6129484,6415366
20-01-2025,TOTAL,867143,867143,7016930,7016930,8211291,6839946,8211291,6839946,3756670,2322122,3756670,2322122,29014102,29014102
20-01-2025,Pro,82258,95296,793669,488331,1758933,1630692,2018506,1710181,1020501,1045757,1535369,907354,6331810,6755037
20-01-2025,DII,180045,152298,226736,4004567,70,155274,0,0,2165,0,294263,0,564290,4451128
20-01-2025,Client,518427,199997,2598676,349555,5016747,3573282,4957202,4099293,2415033,867941,1312066,1069248,14990106,11987361
20-01-2025,FII,86413,419552,3397849,2174477,1435542,1480698,1235584,1030471,318971,408424,614972,345520,7127897,5820576
21-01-2025,DII,182751,152798,235521,4100880,70,140274,0,0,2165,0,304833,0,560781,4558511
21-01-2025,Client,526487,210506,2638181,361596,5965964,3167647,5679756,3860257,2605223,797118,1349204,1066902,15700620,12528220
21-01-2025,FII,91228,441205,3376423,2235022,1635318,1561029,1452484,1121913,329543,418408,640507,366951,7411949,6258081
21-01-2025,TOTAL,902090,902090,7116024,7116024,9523824,6588392,9523824,6588392,3951443,2302170,3951443,2302170,30383944,30383944
21-01-2025,Pro,101624,97581,865899,418526,1922473,1719442,2391585,1606223,1014512,1086644,1656899,868317,6710594,7039131
22-01-2025,FII,94786,445114,3424507,2259003,1796763,1574613,1660574,1406716,341609,426501,672329,385702,7658779,6829439
22-01-2025,DII,191556,152041,245295,4116482,70,140274,0,0,3048,0,319129,0,580243,4587652
22-01-2025,TOTAL,892085,892085,7186183,7186183,10255629,7558290,10255629,7558290,4043025,2360465,4043025,2360465,32295677,32295677
22-01-2025,Pro,88647,88541,882538,442658,2092481,1981331,2471181,1829796,1048788,1089994,1671451,910387,7183780,7414014
22-01-2025,Client,517096,206389,2633843,368040,6366314,3862072,6123873,4321779,2649580,843970,1380116,1064376,16872876,13464573
23-01-2025,DII,191808,151091,252283,4161728,70,140370,0,0,3248,0,320223,0,587779,4633042
23-01-2025,Client,511175,206868,2656305,364332,5862799,3680296,6024848,4194995,2635247,909369,1393317,1081917,16255191,13266278
23-01-2025,Pro,78359,94872,887698,472936,2015428,1861086,2235657,1802235,1079650,1085128,1674148,963434,7007349,7243282
23-01-2025,TOTAL,880137,880137,7232913,7232913,9630618,7090925,9630618,7090925,4074325,2428018,4074325,2428018,31336936,31336936
23-01-2025,FII,98795,427306,3436627,2233917,1752320,1409174,1370112,1093695,356180,433521,686637,382667,7486617,6194335
24-01-2025,TOTAL,869424,869424,7280878,7280878,11147591,7636302,11147591,7636302,4133772,2420522,4133772,2420522,33488489,33488489
24-01-2025,FII,105790,415460,3446700,2239423,1876574,1617940,1716075,1301178,363834,443274,690832,397391,7854112,6760360
24-01-2025,Pro,82037,102767,917280,495367,2300008,1931350,2401314,1743374,1086195,1114641,1721085,937769,7431512,7401676
24-01-2025,Client,489841,200621,2659491,370641,6970939,3946642,7030202,4591750,2680495,862607,1397743,1085362,17610015,14676319
24-01-2025,DII,191756,150576,257407,4175447,70,140370,0,0,3248,0,324112,0,592851,4650135
27-01-2025,DII,180357,146212,263449,4168096,70,134370,0,0,3248,0,329140,0,581494,4643448
27-01-2025,Client,470098,194192,2581475,357212,7890776,4189658,7832496,4747834,2700867,796575,1354654,1030985,18629450,15517373
27-01-2025,Pro,74796,113647,894627,460667,2553187,2085810,2782062,1907795,1064776,1123503,1769826,933531,7796699,7967528
27-01-2025,TOTAL,838559,838559,7226436,7226436,12520571,8127310,12520571,8127310,4145229,2373966,4145229,2373966,35232072,35232072
27-01-2025,FII,113308,384508,3486885,2240461,2076538,1717472,1906013,1471682,376338,453888,691609,409450,8224428,7103722
28-01-2025,Pro,62226,102038,892117,464977,2586806,2318108,2292121,2228954,1105202,1114520,1708162,974853,8078978,7771104
28-01-2025,DII,134226,114368,271242,4174243,70,123808,0,0,3248,0,325254,0,532594,4613865
28-01-2025,Client,418141,161501,2529108,341548,6894124,5271024,7575769,5651996,2557974,795100,1304420,995441,18465471,16030675
28-01-2025,TOTAL,732090,732090,7237965,7237965,11568027,9708975,11568027,9708975,4048814,2378351,4048814,2378351,35674222,35674222
28-01-2025,FII,117497,354183,3545498,2257197,2087027,1996036,1700137,1828025,382390,468731,710978,408057,8597179,7258577
29-01-2025,TOTAL,638161,638161,7228237,7228237,11306416,10564214,11306416,10564214,3838852,2401083,3838852,2401083,35976963,35976963
29-01-2025,Client,375392,145543,2510152,327533,6295570,5616475,7246718,6120773,2274924,787186,1245232,957346,17859699,16043145
29-01-2025,Pro,52651,95764,856323,493329,2687308,2564028,2340435,2521013,1163572,1110924,1578577,1044279,8434805,8073396
29-01-2025,FII,110646,334836,3576994,2245262,2323469,2281236,1719264,1922429,397108,502973,698320,399458,9192426,7319569
29-01-2025,DII,99472,62018,284768,4162113,70,102475,0,0,3248,0,316723,0,490033,4540854
30-01-2025,DII,68071,49295,145366,4005566,70,27664,0,0,633,0,2460,0,241804,4057321
30-01-2025,Client,243116,93829,2474001,260125,997086,864123,1011292,1061247,898293,405460,509191,529880,5882078,3465564
30-01-2025,FII,24718,197727,3424273,2272783,404897,416492,389723,286397,56340,87944,127823,71993,4414664,3346446
30-01-2025,TOTAL,368558,368558,6734845,6734845,1853907,1783255,1853907,1783255,1331013,993775,1331013,993775,13065352,13065352
30-01-2025,Pro,32653,27707,691205,196371,451854,474976,452892,435610,375747,500371,691539,391902,2526806,2196022
31-01-2025,Client,239269,97770,2446913,258454,1541567,1505308,1414723,1573407,1065166,508564,600183,582429,7306786,4526966
31-01-2025,DII,70858,55704,152517,4031547,70,31690,0,0,1033,0,63999,0,256168,4151250
31-01-2025,FII,27141,201383,3420894,2197180,561236,511026,655586,485316,91503,133517,214842,119001,4745317,3873308
31-01-2025,Pro,46427,28838,669061,202204,663882,639844,696446,629144,538845,591679,817523,532330,3149738,2906485
31-01-2025,TOTAL,383695,383695,6689385,6689385,2766754,2687868,2766754,2687868,1696547,1233760,1696547,1233760,15458009,15458009
01-02-2025,Pro,47034,30382,682034,237870,858653,782659,951012,797962,629406,674634,971856,580786,3674420,3569869
01-02-2025,TOTAL,386022,386022,6765905,6765905,3903519,3328678,3903519,3328678,2059968,1375124,2059968,1375124,17819217,17819217
01-02-2025,DII,68134,52273,176292,4024349,1920,31690,0,0,4390,0,136855,0,282426,4213477
01-02-2025,FII,27925,202177,3453482,2223778,685339,592527,785000,561548,111023,144425,248509,145066,5014721,4166079
01-02-2025,Client,242929,101190,2454097,279908,2357606,1921803,2167506,1969168,1315149,556065,702748,649272,8847649,5869792
03-02-2025,Client,244573,98840,2508631,298023,2741422,2150769,2529125,2226935,1598067,630519,820850,738305,9873981,6712079
03-02-2025,FII,24408,208525,3426291,2235678,685051,628750,870383,640782,137807,170299,312934,180882,5072606,4449184
03-02-2025,DII,68365,49328,185901,4038400,1920,31690,0,0,4520,0,176089,0,292396,4263817
03-02-2025,TOTAL,381439,381439,6834989,6834989,4388628,3760505,4388628,3760505,2435733,1564271,2435733,1564271,19365565,19365565
03-02-2025,Pro,44093,24746,714166,262888,960235,949296,989120,892788,695339,763453,1125860,645084,4126583,3940486
04-02-2025,FII,38700,192104,3447168,2134012,697341,687826,785944,735818,154340,186156,359349,201734,5211531,4408961
04-02-2025,DII,68219,59314,202202,4024616,1920,31677,0,0,5184,0,249984,0,309202,4333914
04-02-2025,Client,222854,88359,2456442,308199,2358751,2771409,2301149,2634415,1598571,712929,869811,779159,10120955,6981092
04-02-2025,TOTAL,363728,363728,6758609,6758609,3961211,4389166,3961211,4389166,2558018,1672259,2558018,1672259,19702991,19702991
04-02-2025,Pro,33955,23951,652797,291782,903199,898254,874118,1018933,799923,773174,1078874,691366,4061302,3979024
05-02-2025,DII,68115,59314,215736,4028023,1920,31677,0,0,5184,0,277306,0,322632,4364643
05-02-2025,TOTAL,361605,361605,6785336,6785336,4737980,4556677,4737980,4556677,2731879,1779612,2731879,1779612,20953089,20953089
05-02-2025,FII,42167,191515,3427784,2151850,768846,749243,909107,852227,169156,206327,391592,218373,5363523,4714663
05-02-2025,Client,221739,88790,2483848,306001,2869028,2820133,2689900,2685066,1716816,767360,928260,836087,10878924,7534104
05-02-2025,Pro,29584,21986,657968,299462,1098185,955625,1138973,1019385,840723,805925,1134721,725152,4388010,4339679
06-02-2025,FII,38444,194579,3429465,2256981,524891,542163,508875,389933,188043,227087,434332,241956,4950093,4026656
06-02-2025,TOTAL,364634,364634,6899697,6899697,2810658,2642991,2810658,2642991,3016733,1873555,3016733,1873555,17608268,17608268
06-02-2025,DII,68084,59364,220528,4045352,70,21614,0,0,5084,0,319761,0,315380,4424477
06-02-2025,Pro,30343,22772,706047,289277,768222,684908,736909,634846,844310,865077,1271059,744056,3898907,3698919
06-02-2025,Client,227763,87919,2543657,308087,1517474,1394307,1564873,1618212,1979296,781391,991581,887543,8443888,5458216
07-02-2025,TOTAL,367661,367661,6945257,6945257,3625305,3038803,3625305,3038803,3176974,1924578,3176974,1924578,19078578,19078578
07-02-2025,Pro,34740,21749,718863,297346,957092,810079,906116,720342,881161,891609,1322098,772987,4293544,4040638
07-02-2025,Client,226215,87421,2552442,313942,2106339,1614047,2194692,1891898,2098689,800483,1059804,906829,9398216,6454586
07-02-2025,DII,68477,57794,223119,4057831,70,16219,0,0,5084,0,354620,0,312969,4470245
07-02-2025,FII,38229,200697,3450833,2276138,561804,598457,524497,426563,192040,232486,440452,244762,5073849,4113109
10-02-2025,DII,67838,56124,225123,4085235,70,14619,0,0,4734,0,362355,0,312384,4503714
10-02-2025,TOTAL,381098,381098,6997401,6997401,4311105,3321585,4311105,3321585,3403331,1961280,3403331,1961280,20375800,20375800
10-02-2025,Client,236141,90960,2580403,321625,2592148,1758575,2679242,2097821,2327892,786472,1116039,932336,10281631,7238023
10-02-2025,Pro,40429,23838,756673,295441,1132243,904652,1094560,775105,867803,932871,1450243,764870,4634672,4404057
10-02-2025,FII,36690,210176,3435202,2295100,586643,643738,537302,448660,202902,241937,474694,264074,5147113,4230006
11-02-2025,Client,247832,101371,2587179,316601,3129276,1824215,3132280,2173601,2502581,735587,1140126,931996,11026670,7795975
11-02-2025,DII,68319,52564,228866,4119358,70,14247,0,0,4734,0,373705,0,316236,4545627
11-02-2025,Pro,52296,30064,798217,303190,1197906,974654,1246194,852607,858121,980773,1559961,745606,4861967,4737622
11-02-2025,FII,36747,221195,3442298,2317411,637865,692555,586643,479464,223025,252156,514669,290914,5284646,4410296
11-02-2025,TOTAL,405194,405194,7056560,7056560,4965117,3505671,4965117,3505671,3588461,1968516,3588461,1968516,21489520,21489520
12-02-2025,Client,246805,102907,2580437,317539,3270916,2184107,3209342,2443651,2590136,746904,1188077,927880,11619305,8189396
12-02-2025,FII,40458,227279,3481825,2304700,656495,673625,618351,475534,240341,267069,561517,305794,5359813,4493175
12-02-2025,DII,76172,49949,225417,4171479,70,14984,0,0,4594,0,386251,0,321237,4607679
12-02-2025,Pro,47086,30386,811663,305624,1132786,983371,1232575,936902,895283,998929,1594509,779228,4869118,4879225
12-02-2025,TOTAL,410521,410521,7099342,7099342,5060268,3856087,5060268,3856087,3730354,2012902,3730354,2012902,22169474,22169474
13-02-2025,Pro,47732,29666,819865,323519,831117,787184,868123,695431,923225,1014536,1619760,795669,4423660,4332169
13-02-2025,TOTAL,410352,410352,7112630,7112630,3302438,2792188,3302438,2792188,3841804,2074329,3841804,2074329,19533741,19533741
13-02-2025,Client,244028,104464,2575771,331209,1990433,1435712,2003181,1760017,2661636,792868,1226264,943773,9700449,6368908
13-02-2025,DII,75908,49949,231941,4174346,70,14984,0,0,4524,0,390245,0,327427,4614540
13-02-2025,FII,42684,226273,3485053,2283556,480817,554308,431133,336740,252419,266925,605535,334887,5082206,4218125
14-02-2025,FII,43202,232541,3507963,2295709,566240,640303,512163,378651,275097,266795,642391,374716,5299600,4436172
14-02-2025,Client,249010,106408,2544016,332810,2647115,1649498,2713633,2055260,2839351,743881,1254163,941270,10672871,7403544
14-02-2025,TOTAL,424804,424804,7161353,7161353,4301716,3219650,4301716,3219650,4042439,2082255,4042439,2082255,21232217,21232217
14-02-2025,Pro,57149,32786,876528,339363,1088290,914866,1075919,785739,923344,1071399,1748809,766269,4931577,4748886
14-02-2025,DII,75443,53069,232846,4193471,70,14984,0,0,4647,180,397076,0,328170,4643616
17-02-2025,Pro,55606,31953,892802,353764,1112351,966171,1035339,893931,958776,1056542,1764881,814643,5042248,4894512
17-02-2025,Client,248720,107978,2547814,337330,2697977,2037938,2824371,2384336,2860260,812379,1286786,949379,11205088,7890180
17-02-2025,DII,74382,53077,235188,4244655,70,14984,0,0,4647,180,391483,0,329451,4689215
17-02-2025,FII,44423,230123,3546805,2286860,573802,649153,524490,389979,290513,280946,671046,386025,5385643,4488523
17-02-2025,TOTAL,423131,423131,7222609,7222609,4384200,3668246,4384200,3668246,4114196,2150047,4114196,2150047,21962430,21962430
18-02-2025,Pro,57198,33218,901948,373546,1148028,981614,1100224,894732,944650,1058786,1796313,814499,5092225,5012533
18-02-2025,Client,247754,105138,2545815,341555,3031844,2133637,3126118,2508396,2898137,820653,1302938,952918,11677840,8337063
18-02-2025,DII,73748,53012,239502,4230890,70,14984,0,0,4677,180,389318,0,333161,4673220
18-02-2025,TOTAL,422208,422208,7234197,7234197,4771573,3808283,4771573,3808283,4160483,2174082,4160483,2174082,22570826,22570826
18-02-2025,FII,43508,230840,3546932,2288206,591630,678049,545230,405155,313019,294463,671914,406665,5467601,4548010
19-02-2025,Pro,52519,36344,926790,418075,1160933,974243,1181865,960495,977128,1043716,1755649,855739,5135329,5208167
19-02-2025,Client,248354,104447,2561036,335773,3180520,2340374,3218484,2637113,2823179,867227,1301630,962837,12020690,8560284
19-02-2025,TOTAL,422306,422306,7291450,7291450,4969017,4001887,4969017,4001887,4134902,2226085,4134902,2226085,23045647,23045647
19-02-2025,DII,76663,51212,239654,4249252,70,14984,0,0,4677,180,392468,0,336228,4692932
19-02-2025,FII,44770,230303,3563970,2288350,627494,672286,568668,404278,329918,314962,685155,407509,5553400,4584264
20-02-2025,TOTAL,429866,429866,7311154,7311154,3608409,3078884,3608409,3078884,4060287,2258043,4060287,2258043,20746643,20746643
20-02-2025,DII,81057,51208,244512,4249869,70,14984,0,0,4677,180,393990,0,345480,4695067
20-02-2025,FII,43775,235979,3582076,2273554,504014,576591,466784,313549,343153,327133,689148,405979,5376742,4384993
20-02-2025,Client,250698,103887,2552153,334557,2262692,1656854,2271099,1998247,2718545,906122,1293855,964944,10347064,6966589
20-02-2025,Pro,54336,38792,932413,453174,841633,830455,870526,767087,993912,1024608,1683294,887120,4677357,4699993
21-02-2025,FII,41129,234020,3572785,2286792,581744,662780,555308,383346,369405,351899,701849,425672,5579742,4586988
21-02-2025,TOTAL,436061,436061,7303780,7303780,4502469,3471602,4502469,3471602,4118953,2258805,4118953,2258805,22091670,22091670
21-02-2025,DII,80041,51208,247202,4244883,70,14984,0,0,4677,180,394990,0,347154,4691081
21-02-2025,Pro,61668,36502,917361,438598,1039151,942342,1057826,821193,1004795,1057617,1723445,869374,5022934,4946938
21-02-2025,Client,253223,114331,2566432,333507,2881504,1851496,2889335,2267062,2740076,849109,1298669,963759,11141840,7866663
24-02-2025,Client,263109,114389,2559418,336493,3484830,2106559,3367981,2452214,2689319,847023,1261612,948830,11950259,8481519
24-02-2025,FII,44402,245292,3592999,2280952,826414,872668,822725,590312,375339,358175,699910,428389,6069997,5067580
24-02-2025,TOTAL,449490,449490,7289882,7289882,5463041,3971191,5463041,3971191,4048925,2253144,4048925,2253144,23475674,23475674
24-02-2025,Pro,61651,38791,889517,390050,1151727,978980,1272335,928665,979590,1047766,1692413,875925,5109231,5198179
24-02-2025,DII,80328,51018,247948,4282387,70,12984,0,0,4677,180,394990,0,346187,4728395
25-02-2025,Pro,64812,39595,843346,366956,1173816,969450,1286302,989801,977268,1058103,1569147,870274,5086795,5122075
25-02-2025,FII,51630,251208,3606249,2259825,905778,1028325,903430,771324,385037,349139,671855,412633,6326159,5270275
25-02-2025,DII,80604,55018,250082,4277499,70,10984,0,0,5677,0,394090,0,347417,4726607
25-02-2025,TOTAL,455791,455791,7231380,7231380,5443403,4278323,5443403,4278323,3796830,2183785,3796830,2183785,23389512,23389512
25-02-2025,Client,258745,109970,2531703,327100,3363739,2269564,3253671,2517199,2428848,776543,1161738,900878,11629142,8270555
27-02-2025,DII,79508,53018,160669,4113598,70,10735,0,0,1480,0,2350,0,252462,4168966
27-02-2025,Pro,42267,31513,677348,195007,527320,560261,479523,483866,341114,511690,629274,366694,2660000,2185877
27-02-2025,Client,216890,80600,2357766,286825,1229145,1053687,1359503,1402435,750057,402160,433692,525682,6009705,4088736
27-02-2025,FII,41784,215318,3486150,2086503,393097,489910,310606,228293,97558,103835,124893,125309,4612334,3090922
27-02-2025,TOTAL,380449,380449,6681933,6681933,2149632,2114593,2149632,2114593,1190209,1017685,1190209,1017685,13534501,13534501
28-02-2025,DII,86986,47435,167332,4195062,70,13902,0,0,1480,0,26108,0,269770,4268605
28-02-2025,TOTAL,409223,409223,6819687,6819687,3615439,2910150,3615439,2910150,1620394,1257980,1620394,1257980,16632874,16632874
28-02-2025,Pro,43745,40034,697837,226847,913507,862390,867295,726990,479325,654495,825437,477835,3651298,3164438
28-02-2025,FII,41136,229727,3574400,2116610,531870,676796,468611,432487,122562,150789,216240,166202,5097553,3629877
28-02-2025,Client,237356,92027,2380118,281168,2169993,1357063,2279534,1750673,1017027,452696,552609,613943,7614252,5569954
03-03-2025,Pro,48939,46382,701266,235507,1082269,907202,989971,843556,543377,722487,901866,537034,4005540,3554316
03-03-2025,TOTAL,423142,423142,6932813,6932813,4056343,3349541,4056343,3349541,1831779,1413168,1831779,1413168,18006786,18006786
03-03-2025,DII,87681,44305,170227,4231662,3470,13977,0,0,2105,0,42478,0,277460,4318445
03-03-2025,Client,242627,100768,2426210,335702,2391529,1722564,2550391,2033460,1133103,527820,642001,661594,8443853,6323915
03-03-2025,FII,43895,231687,3635110,2129942,579075,705798,515981,472525,153194,162861,245434,214540,5279933,3810110
04-03-2025,TOTAL,426472,426472,6969569,6969569,4294674,3797901,4294674,3797901,1994815,1536913,1994815,1536913,19020344,19020344
04-03-2025,Pro,42889,49574,689366,251881,1110461,959716,1027638,936139,595859,775432,966519,574670,4173723,3806421
04-03-2025,DII,87912,41005,171463,4234839,4870,13050,0,0,2105,0,53082,0,279400,4328926
04-03-2025,FII,46943,234366,3653109,2103486,653091,802644,518692,485956,179336,173907,262036,251303,5509030,3855838
04-03-2025,Client,248728,101527,2455631,379363,2526253,2022491,2748345,2375806,1217515,587574,713178,710940,9058192,7029159
05-03-2025,FII,48788,233366,3652948,2075972,732056,895318,577455,598436,192733,180598,282510,259543,5702441,4027282
05-03-2025,DII,89196,41538,176820,4237113,4870,13593,0,0,2747,0,60203,0,287226,4338854
05-03-2025,Client,250774,101860,2473896,402844,2425090,2536434,2699005,2809123,1170959,662378,770410,750051,9519532,7533293
05-03-2025,TOTAL,430964,430964,6992692,6992692,4382451,4587667,4382451,4587667,2043398,1629100,2043398,1629100,20066273,20066273
05-03-2025,Pro,42206,54200,689028,276763,1220434,1142322,1105990,1180109,676959,786124,930275,619506,4557073,4166844
06-03-2025,Client,242505,100936,2473178,418660,1501303,1695092,1787758,2011331,1234267,722028,839405,791986,7868373,5950077
06-03-2025,FII,51135,225490,3636896,2035968,532055,658914,385016,392152,208602,194858,309224,267783,5282460,3615633
06-03-2025,DII,98910,42636,183894,4202795,4870,12093,0,0,3103,0,68277,0,302870,4313708
06-03-2025,TOTAL,430574,430574,6958775,6958775,2963861,3292268,2963861,3292268,2161018,1699366,2161018,1699366,17505862,17505862
06-03-2025,Pro,38024,61512,664807,301352,925632,926169,791086,888785,715046,782480,944112,639597,4052158,3626445
07-03-2025,FII,51584,227742,3611711,2037483,657621,837641,474837,520415,218475,212159,332874,273898,5589191,3867249
07-03-2025,DII,98954,44236,190358,4188027,4870,12093,0,0,3303,0,79287,0,309578,4311550
07-03-2025,Client,241454,100737,2500186,440750,2030884,2096607,2323134,2436254,1343270,762083,895309,838077,8974484,7034261
07-03-2025,Pro,38629,57906,679626,315621,1103988,1072410,999392,1062082,738844,804234,996422,666501,4437731,4097924
07-03-2025,TOTAL,430621,430621,6981881,6981881,3797363,4018751,3797363,4018751,2303892,1778476,2303892,1778476,19310984,19310984
10-03-2025,DII,98694,44369,194908,4154517,2175,14209,0,0,3383,0,116537,0,313369,4315423
10-03-2025,Pro,38288,49295,706816,346790,1172812,1089316,1176133,1050309,765249,825628,1095708,683774,4598109,4402009
10-03-2025,TOTAL,437803,437803,7006873,7006873,4482421,4100714,4482421,4100714,2524786,1831165,2524786,1831165,20383762,20383762
10-03-2025,FII,51147,230626,3590713,2037240,750958,882920,555812,548702,230318,231593,368791,279842,5737649,4021013
10-03-2025,Client,249674,113513,2514436,468326,2556477,2114269,2750477,2501703,1525836,773944,943750,867549,9734636,7645318
11-03-2025,TOTAL,447804,447804,7049764,7049764,4630297,4906469,4630297,4906469,2662526,1892547,2662526,1892547,21589408,21589408
11-03-2025,FII,51820,230791,3609627,2059159,833821,1042012,583037,634059,246479,252237,402753,296940,6035995,4206739
11-03-2025,DII,103611,44602,197218,4168162,2126,14318,0,0,3628,0,138316,0,320901,4351080
11-03-2025,Client,253917,116552,2518077,482776,2588445,2622791,2873879,2985590,1610645,818692,994832,884934,10412567,8338563
11-03-2025,Pro,38456,55859,724842,339667,1205906,1227349,1173382,1286820,801774,821618,1126625,710673,4819945,4693026
12-03-2025,FII,51136,234617,3622467,2061375,881065,1077536,662085,689396,250579,263066,443305,307991,6145849,4398770
12-03-2025,Client,256338,112916,2534538,507409,2973341,2654904,3146060,2954076,1740943,839434,1033185,900197,10999499,8653843
12-03-2025,Pro,38367,57461,717153,362065,1242652,1184558,1290488,1287803,820029,838416,1176245,732728,4841175,4906790
12-03-2025,DII,103755,44602,204614,4147923,1575,14277,0,0,4128,0,162944,0,328349,4355469
12-03-2025,TOTAL,449596,449596,7078772,7078772,5098634,4931275,5098634,4931275,2815679,1940916,2815679,1940916,22314872,22314872
13-03-2025,Client,254107,114733,2551598,511649,1935052,1798684,2088672,2147574,1815981,845723,1061842,917797,9201145,6842267
13-03-2025,DII,106255,43494,214264,4130985,1202,14153,0,0,4152,0,167438,0,340026,4341917
13-03-2025,Pro,36805,54906,725592,373278,948414,957579,941873,917034,826868,855387,1201161,737719,4350645,4225972
13-03-2025,TOTAL,452701,452701,7098888,7098888,3512685,3512249,3512685,3512249,2902464,1973431,2902464,1973431,19452417,19452417
13-03-2025,FII,55534,239568,3607434,2082976,628016,741833,482139,447640,255463,272321,472023,317915,5560601,4042262
17-03-2025,FII,58092,229976,3641486,2060010,725575,886098,516694,582235,261145,275908,498971,331024,5848304,4218910
17-03-2025,DII,106341,43494,228146,4170703,926,14153,0,0,4152,0,173430,0,353718,4387627
17-03-2025,Client,250012,115920,2556895,520936,2250939,2331364,2591513,2666397,1839264,907072,1079617,925938,10135546,7900321
17-03-2025,TOTAL,451280,451280,7151380,7151380,4194396,4370379,4194396,4370379,2958380,2037441,2958380,2037441,21163257,21163257
17-03-2025,Pro,36835,61890,724853,399731,1216956,1138764,1086189,1121748,853819,854461,1206362,780479,4825688,4656398
18-03-2025,FII,65115,206226,3669200,2027378,801355,906678,600888,662948,270643,275220,490404,328627,5988210,4316471
18-03-2025,DII,107513,43833,235184,4165414,590,18153,0,0,4152,0,174530,0,365592,4383777
18-03-2025,Client,237453,126480,2524799,524267,2179393,3195964,2570649,3245059,1661848,962172,1058463,927133,10761629,8452051
18-03-2025,TOTAL,449759,449759,7150663,7150663,4266924,5404808,4266924,5404808,2851294,2087230,2851294,2087230,22210678,22210678
18-03-2025,Pro,39678,73220,721480,433604,1285587,1284013,1095388,1496800,914651,849838,1127897,831470,5095247,5058379
19-03-2025,DII,112186,41833,244764,4139933,475,23953,0,0,3852,0,184471,0,385230,4366237
19-03-2025,TOTAL,453258,453258,7154742,7154742,4631956,5599173,4631956,5599173,2898455,2189638,2898455,2189638,22927221,22927221
19-03-2025,Pro,40009,76632,730831,467162,1272240,1268875,1185826,1530718,970717,872643,1182611,887774,5155315,5330723
19-03-2025,FII,74278,202668,3668225,2020349,909741,955048,626941,663688,282861,290947,489354,337268,6181099,4340268
19-03-2025,Client,226785,132125,2510922,527298,2449500,3351297,2819189,3404766,1641025,1026048,1042019,964596,11205577,8889993
20-03-2025,Pro,36946,71876,733963,517017,1002663,993358,913019,1154752,1015525,904025,1220825,923662,4686480,4801151
20-03-2025,FII,81120,192190,3699508,2005551,684160,743274,496670,550034,291927,302405,515579,363955,5802394,4123979
20-03-2025,DII,114276,39897,249200,4086698,388,24953,0,0,3652,0,186352,0,392469,4312947
20-03-2025,Client,207628,136007,2464396,537801,1880654,2387928,2158176,2444728,1661532,1077969,1049880,996782,9680108,7323374
20-03-2025,TOTAL,439970,439970,7147067,7147067,3567865,4149514,3567865,4149514,2972636,2284399,2972636,2284399,20561451,20561451
21-03-2025,Client,191804,140234,2430828,549056,2232165,2957711,2530187,2966754,1551923,1098306,1010307,1005789,10462736,8202327
21-03-2025,TOTAL,425952,425952,7205872,7205872,4231286,4985249,4231286,4985249,2971595,2371041,2971595,2371041,22190994,22190994
21-03-2025,Pro,35717,65514,768910,561399,1182561,1128616,1054089,1280844,1109504,956204,1236173,975154,5181512,5173173
21-03-2025,DII,113985,39043,258844,4071867,321,24953,0,0,3552,0,194938,0,401655,4305848
21-03-2025,FII,84446,181161,3747290,2023550,816239,873970,647010,737651,306616,316531,530177,390098,6145091,4509647
24-03-2025,Pro,45283,63209,746779,550643,1292978,1342658,1194474,1501472,1153995,1011308,1292572,1044550,5593001,5646920
24-03-2025,TOTAL,426147,426147,7164329,7164329,4586731,5601480,4586731,5601480,2982917,2447236,2982917,2447236,23208840,23208840
24-03-2025,Client,181946,138895,2398631,543521,2376823,3236521,2590261,3182634,1502540,1098997,960994,1009836,10795458,8426141
24-03-2025,FII,85847,181343,3752018,2014783,916649,994522,801996,917374,322717,336931,532337,392850,6408684,4840683
24-03-2025,DII,113071,42700,266901,4055382,281,27779,0,0,3665,0,197014,0,411697,4295096
25-03-2025,Client,185590,146893,2380548,547491,3135964,3252047,3185872,3298030,1598437,1048787,957502,993622,11601373,9129409
25-03-2025,FII,87457,178061,3785672,2024136,1054118,1116435,904190,932537,330130,362875,568060,402651,6736687,5009635
25-03-2025,DII,105147,42893,260460,4031619,137,53703,0,0,3401,0,197278,0,422848,4271790
25-03-2025,Pro,55866,66213,713354,536788,1290131,1227904,1390289,1419522,1113891,1000587,1323019,1015976,5401733,5751807
25-03-2025,TOTAL,434060,434060,7140034,7140034,5480351,5650089,5480351,5650088,3045859,2412249,3045859,2412249,24162641,24162641
26-03-2025,Pro,43202,65120,724879,547273,1467682,1212474,1596684,1391749,1101580,1012487,1302306,989090,5562304,5892222
26-03-2025,TOTAL,417954,417954,7174282,7174282,5991218,5439143,5991218,5439143,3000740,2343876,3000740,2343876,24367213,24367213
26-03-2025,DII,104363,40255,273056,4049334,101,56117,0,0,3401,0,198095,0,437038,4287684
26-03-2025,FII,85611,169344,3795529,2023719,1154735,1143462,928628,876464,319217,345267,571774,408881,6843820,4978810
26-03-2025,Client,184778,143235,2380818,553956,3368700,3027090,3465906,3170929,1576542,986122,928565,945905,11524050,9208497
27-03-2025,Pro,26500,62852,648982,232849,782608,680067,767347,732047,349081,451139,585914,353141,2938377,2734150
27-03-2025,TOTAL,324558,324558,6654316,6654316,2563631,2575691,2563631,2575691,1173162,889087,1173162,889087,14180445,14180445
27-03-2025,FII,60054,90609,3604424,1997461,389855,462358,237666,265151,38129,68149,140249,91064,4622969,2822201
27-03-2025,DII,98456,40385,151326,3940939,70,69034,0,0,651,0,4802,0,319537,3986126
27-03-2025,Client,139548,130712,2249584,483067,1391099,1364232,1558619,1578492,785301,369799,442197,444882,6299563,4637969
28-03-2025,FII,57268,106275,3598796,2034362,522689,657809,447317,507011,72716,110521,216141,152279,5019798,3463385
28-03-2025,Client,147847,125039,2308208,486145,2055302,1730962,2119721,1891638,1005424,444845,542815,537404,7692588,5702762
28-03-2025,TOTAL,328262,328262,6740182,6740182,3505229,3235256,3505229,3235256,1555127,1157702,1555127,1157702,16521759,16521759
28-03-2025,Pro,24623,56463,666934,260556,927169,780452,938191,836607,476309,602336,766944,468019,3477823,3326781
28-03-2025,DII,98524,40485,166244,3959119,70,66034,0,0,678,0,29227,0,331550,4028831
01-04-2025,DII,98598,31530,171035,4010110,70,65034,0,0,1428,0,101180,0,336165,4142820
01-04-2025,Client,133199,101667,2254925,411288,2917069,1890704,2812296,2070779,1192530,503071,613811,605945,8891499,6615787
01-04-2025,FII,52618,119196,3607974,2022970,734407,764881,661834,565955,96719,133228,267782,212515,5389827,3850252
01-04-2025,TOTAL,302903,302903,6711756,6711756,4666255,3608097,4666255,3608097,1842062,1319984,1842062,1319984,18451057,18451057
01-04-2025,Pro,18488,50510,677822,267388,1014709,887478,1192125,971362,551385,683685,859289,501524,3833567,3842199
02-04-2025,Client,126530,101002,2178951,363374,2785031,2526194,2720587,2550073,1253309,583614,676100,643869,9453630,7055006
02-04-2025,DII,100831,31780,177274,4036122,27103,74292,0,0,1578,0,139779,0,381078,4207681
02-04-2025,Pro,17031,49281,656921,266171,1146246,1119442,1259300,1262762,630030,713015,885532,561131,4282685,4284178
02-04-2025,FII,57222,119551,3635983,1983462,791731,807159,770224,714252,114213,148973,297719,240602,5555281,4125809
02-04-2025,TOTAL,301614,301614,6649129,6649129,4750111,4527088,4750111,4527088,1999130,1445602,1999130,1445602,19672674,19672674
03-04-2025,Pro,17514,51446,673321,276462,685101,738805,719664,786428,687940,769868,1005768,590196,3572549,3429964
03-04-2025,TOTAL,311883,311883,6697935,6697935,2735895,2978360,2735895,2978360,2287603,1567877,2287603,1567877,16579553,16579553
03-04-2025,Client,130655,99983,2224997,372012,1509366,1561620,1701607,1816360,1454734,624912,752604,699174,7506283,5441739
03-04-2025,DII,108230,31780,182243,4042907,70,61796,0,0,2492,0,177535,0,354831,4252222
03-04-2025,FII,55484,128674,3617374,2006554,541358,616140,314625,375572,142437,173097,351696,278507,5145890,3455628
04-04-2025,DII,107558,31837,211327,4021448,70,73186,0,0,2594,0,238933,0,394735,4292218
04-04-2025,Client,138245,97731,2248089,366336,2665107,1830648,2862575,2241163,1788769,617804,819890,748874,9288662,7136569
04-04-2025,TOTAL,323267,323267,6768756,6768756,4488537,3504280,4488537,3504280,2692086,1692457,2692086,1692457,19469383,19469383
04-04-2025,FII,59842,146434,3600846,2072022,876183,803645,594554,448198,158059,201052,439154,313951,5699627,4014313
04-04-2025,Pro,17622,47265,708494,308950,947178,796801,1031408,814919,742664,873601,1194109,629632,4086360,4026283
07-04-2025,Pro,36422,43379,754458,311188,1199408,910851,1269898,940072,812765,936722,1252327,705564,4650626,4522428
07-04-2025,DII,104612,27995,238321,4076546,70,57296,0,0,2394,0,275986,0,402693,4380527
07-04-2025,FII,54417,162032,3640186,2063933,968628,920621,630978,518369,197063,269003,444282,307423,6049918,4127017
07-04-2025,TOTAL,336803,336803,6794009,6794009,4617900,3417744,4617900,3417744,2796057,1743655,2796057,1743655,19706168,19706168
07-04-2025,Client,141352,103397,2161044,342342,2449794,1528976,2717023,1959304,1783835,537930,823462,730668,8602931,6676196
08-04-2025,FII,51486,160615,3631179,2062941,1166267,1170381,636350,562782,212017,278628,464398,329553,6509957,4216639
08-04-2025,Pro,31534,36618,749730,326522,1159617,957712,1302712,1009060,841620,933357,1284962,716136,4673570,4676010
08-04-2025,Client,138801,103741,2179522,349145,2514336,1868823,2901378,2480970,1847677,588925,863469,755305,9138083,7454007
08-04-2025,TOTAL,329209,329209,6814356,6814356,4840440,4052812,4840440,4052812,2904835,1800994,2904835,1800994,20742646,20742646
08-04-2025,DII,107388,28235,253925,4075748,220,55897,0,0,3521,84,292006,0,421035,4395989
09-04-2025,Client,147877,104917,2209511,361315,1716032,1205481,1912952,1669147,1979542,636363,922244,794582,7894805,5765156
09-04-2025,DII,106642,27969,267990,4079583,310,47476,0,0,3708,84,302084,0,426210,4409636
09-04-2025,Pro,30353,36151,764166,347237,813910,791546,941922,811176,880232,970257,1363618,756530,4250463,4256634
09-04-2025,TOTAL,328885,328885,6868232,6868232,3266680,2889926,3266680,2889926,3070136,1890288,3070136,1890288,18314147,18314147
09-04-2025,FII,44013,159848,3626565,2080097,736429,845424,411806,409603,206654,283584,482190,339176,5742669,3882721
11-04-2025,FII,52112,153346,3693538,2067460,954325,987474,522031,465574,222353,300570,521405,349683,6210372,4079499
11-04-2025,TOTAL,328407,328407,6951977,6951977,3613600,3388561,3613600,3388561,3104921,1944500,3104921,1944500,19331967,19331967
11-04-2025,DII,105970,27969,276924,4128865,475,40349,0,0,2818,84,313375,0,426620,4470209
11-04-2025,Pro,27906,42058,754617,390952,854217,865440,923640,931306,935592,944884,1319703,777425,4382655,4385084
11-04-2025,Client,142419,105034,2226898,364700,1804583,1495299,2167929,1991681,1944158,698962,950438,817392,8312319,6397174
15-04-2025,DII,106919,27878,283195,4098530,475,42667,0,0,2999,84,316929,0,436339,4443337
15-04-2025,FII,56255,143602,3738114,2038117,906456,872292,707648,634744,231551,296997,578759,405199,6101665,4508069
15-04-2025,TOTAL,323137,323137,6963571,6963571,4239119,4028650,4239119,4028650,3186806,2069220,3186806,2069220,20810504,20810504
15-04-2025,Pro,26174,50656,745391,437205,1043639,940596,1051616,1031490,996038,957700,1305916,822326,4709538,4699209
15-04-2025,Client,133789,101001,2196871,389719,2288549,2173096,2479855,2362416,1956218,814439,985202,841695,9562962,7159888
16-04-2025,FII,56156,142225,3735114,2059538,936773,871790,632071,548563,239156,312526,627223,408305,6151515,4417924
16-04-2025,Pro,26129,50680,758834,505499,1142237,1026130,1099920,1141672,1061272,979957,1338569,870627,4994558,5006967
16-04-2025,Client,130774,99694,2217179,411093,2296746,2463343,2644240,2722095,1994920,868285,1003860,883220,9971246,7764201
16-04-2025,TOTAL,320377,320377,7013376,7013376,4376230,4412330,4376230,4412330,3298492,2162152,3298492,2162152,21582957,21582957
16-04-2025,DII,107318,27778,302249,4037246,475,51067,0,0,3144,1384,328840,0,465637,4393864
17-04-2025,DII,106642,28553,321282,4007771,475,50567,0,0,3164,1384,337213,0,483514,4373537
17-04-2025,Client,126867,110606,2188468,431519,1477989,1834799,1754932,2053227,1785019,914375,984800,895079,8327517,6230163
17-04-2025,TOTAL,325616,325616,7106989,7106989,3047901,3523926,3047901,3523926,3204221,2238035,3204221,2238035,19446688,19446688
17-04-2025,Pro,32074,43151,765049,585515,871257,912019,824311,1000673,1142312,985329,1278488,931447,4708039,4663585
17-04-2025,FII,60033,143306,3832190,2082184,698180,726542,468658,470026,273726,336947,603720,411509,5927618,4179403
21-04-2025,Client,131978,123879,2180683,437633,2267215,2724059,2402285,2764331,1712553,963807,971075,904623,9980296,7603827
21-04-2025,DII,105535,28593,348271,3992597,475,59762,0,0,3270,334,340916,0,517647,4362106
21-04-2025,Pro,42322,50093,738732,593161,999882,1121010,1034216,1313658,1199274,1011596,1325407,986373,5112816,5302909
21-04-2025,TOTAL,346420,346420,7150463,7150463,4165638,4805183,4165638,4805183,3241187,2333478,3241187,2333478,22042370,22042370
21-04-2025,FII,66585,143855,3882777,2127072,898066,900352,729136,727194,326090,357741,603789,442482,6431611,4773528
22-04-2025,DII,104170,31758,370089,3982472,525,62302,0,0,3347,339,331576,0,540772,4345806
22-04-2025,Pro,53593,51340,743324,620306,1155304,1154137,1200271,1319170,1216559,1045935,1340912,1011388,5368852,5543388
22-04-2025,TOTAL,361704,361704,7235104,7235104,4669895,5178517,4669895,5178517,3270435,2396325,3270435,2396325,23111980,23111980
22-04-2025,FII,67276,145611,3938634,2190045,927915,995954,770274,835070,336082,374968,622215,459155,6640829,5022371
22-04-2025,Client,136665,132995,2183057,442281,2586151,2966124,2699349,3024276,1714447,975083,975732,925782,10561528,8200416
23-04-2025,TOTAL,354871,354871,7215770,7215770,5324726,5710861,5324726,5710861,3093066,2407002,3093066,2407002,24106296,24106296
23-04-2025,Pro,45776,48502,710609,670118,1339221,1336159,1387444,1474655,1261371,1077589,1232441,1030867,5770726,5844026
23-04-2025,DII,103982,33461,408850,3973239,499,71002,0,0,2556,414,318308,0,587303,4325008
23-04-2025,Client,136201,133225,2139341,434241,2916499,3184366,3014828,3216097,1490618,960761,926717,897851,10827786,8622959
23-04-2025,FII,68912,139683,3956970,2138172,1068507,1119334,922454,1020109,338521,368238,615600,478284,6920481,5314302
24-04-2025,Client,107750,128621,2042226,345695,1168353,1215752,1364754,1392905,732190,365044,523308,506453,5631314,4261736
24-04-2025,TOTAL,285155,285155,6486834,6486834,2097038,2209945,2097038,2209945,1211958,938139,1211958,938139,13229070,13229070
24-04-2025,DII,101735,33923,184137,3829258,70,44614,0,0,843,0,7249,0,331399,3870430
24-04-2025,FII,55516,80356,3694179,2062236,386837,428577,190827,250793,94489,98829,138910,105151,4758427,2828273
24-04-2025,Pro,20154,42255,566292,249645,541778,521003,541458,566247,384436,474266,542491,326535,2507929,2268631
25-04-2025,Pro,22486,34295,598182,274483,837429,766693,771091,745099,512547,635752,692963,438427,3373089,2956357
25-04-2025,TOTAL,285578,285578,6550359,6550359,3299346,2965367,3299346,2965367,1539885,1202932,1539885,1202932,15843467,15843467
25-04-2025,Client,111063,128604,2012081,352996,1965180,1624557,2067752,1703225,897552,419026,624444,605410,7029460,5482431
25-04-2025,FII,53607,88833,3737502,2090063,496666,523402,460503,517043,128943,148154,200961,159095,5088274,3516498
25-04-2025,DII,98422,33846,202594,3832817,70,50715,0,0,843,0,21517,0,352644,3888180
28-04-2025,TOTAL,301645,301645,6595327,6595327,3433915,4058324,3433915,4058324,1715541,1341677,1715541,1341677,17446429,17446429
28-04-2025,Client,116102,143073,1996801,366460,2023923,2316875,2173469,2269252,960312,505998,721643,651231,7920012,6325128
28-04-2025,FII,62890,85666,3790565,2058230,539129,709134,494406,746096,154314,165200,223767,194136,5421233,3802301
28-04-2025,Pro,30871,34613,598265,294633,870793,981599,766040,1042976,600072,670479,715539,496310,3752079,3350111
28-04-2025,DII,91782,38293,209696,3876004,70,50715,0,0,843,0,54592,0,353106,3968889
29-04-2025,TOTAL,306873,306873,6629764,6629764,4411161,4154996,4411161,4154996,1888209,1443911,1888209,1443911,18834914,18834914
29-04-2025,FII,69575,87472,3810157,2081350,691391,712810,709186,758885,190945,172321,233087,226881,5647199,4096862
29-04-2025,Client,118393,142096,2013294,374309,2640241,2433931,2673642,2388692,1054877,555870,801114,697521,8816606,7077374
29-04-2025,DII,88477,44123,213628,3870820,70,46215,0,0,903,0,77235,0,349293,3992178
29-04-2025,Pro,30428,33182,592685,303285,1079460,962040,1028333,1007419,641484,715720,776773,519509,4021817,3668501
30-04-2025,TOTAL,308528,308528,6671784,6671784,2453833,2690321,2453833,2690321,2053596,1554890,2053596,1554890,15732952,15732952
30-04-2025,Pro,30717,32317,600097,317604,712765,780045,616808,745451,667127,780315,852689,546818,3571066,3111687
30-04-2025,DII,87283,45848,215859,3885764,70,46215,0,0,967,0,88951,0,350394,4020563
30-04-2025,FII,75093,85093,3851423,2081332,472395,471444,278615,383056,225231,177058,239196,259610,5272644,3326903
30-04-2025,Client,115435,145270,2004405,387084,1268603,1392617,1558410,1561814,1160271,597517,872760,748462,6538848,5273799
02-05-2025,Pro,25361,31621,598650,312646,867682,841614,773570,781932,707387,818403,899664,578771,3859096,3378204
02-05-2025,FII,76566,85054,3863497,2094466,615810,568051,541595,531700,236005,183852,276396,286659,5543781,3815870
02-05-2025,Client,115991,142938,2013858,385763,1947661,1677775,2116218,1816322,1256879,644932,924719,781757,7657096,6167717
02-05-2025,DII,84312,42617,222211,3905341,230,42515,0,0,1181,0,100673,0,350449,4048631
02-05-2025,TOTAL,302230,302230,6698216,6698216,3431383,3129955,3431383,3129955,2201452,1647187,2201452,1647187,17410423,17410423
05-05-2025,TOTAL,309164,309164,6724879,6724879,4082030,3919996,4082030,3919996,2333938,1717309,2333938,1717309,19087316,19087316
05-05-2025,DII,84314,43812,222849,3941781,230,42515,0,0,1424,0,131483,0,351332,4117076
05-05-2025,Client,117710,144584,2017480,390961,2397309,2267613,2483885,2210940,1316576,699987,966694,807781,8816675,7004845
05-05-2025,FII,79468,84337,3881795,2066519,688615,586039,691644,671275,239124,200809,313506,287389,5675850,4114669
05-05-2025,Pro,27672,36431,602755,325618,995877,1023829,906502,1037781,776814,816513,922255,622139,4243460,3850726
06-05-2025,TOTAL,307372,307372,6750880,6750880,4531466,4142491,4531466,4142491,2511383,1774774,2511383,1774774,20018366,20018366
06-05-2025,FII,84387,87034,3898468,2085996,751542,695590,714046,690667,264251,205756,344824,313088,5899994,4235654
06-05-2025,DII,82591,43812,231400,3914875,70,56326,0,0,1499,110,164543,0,371996,4123230
06-05-2025,Client,113610,143841,2014775,398983,2657939,2227468,2812231,2349332,1469756,715179,1003289,829440,9198726,7537116
06-05-2025,Pro,26784,32685,606237,351026,1121915,1163108,1005190,1102493,775877,853729,998727,632246,4547650,4122367
07-05-2025,DII,76784,41984,230460,3963000,70,53282,0,0,4354,110,177675,0,365060,4182659
07-05-2025,FII,83473,83015,3922361,2065874,785188,772772,754996,786397,292093,223215,346090,318989,6079102,4355361
07-05-2025,Pro,23408,36865,621740,349227,1261225,1227900,1112623,1195573,797355,850717,1014807,663854,4782346,4372949
07-05-2025,Client,115376,137177,2003878,400338,2736527,2501876,2915391,2573860,1477801,754842,1033031,846041,9590300,7905839
07-05-2025,TOTAL,299041,299041,6778439,6778439,4783010,4555830,4783010,4555830,2571603,1828884,2571603,1828884,20816808,20816808
08-05-2025,TOTAL,295947,295947,6790545,6790545,2836262,2847920,2836262,2847920,2686714,1866852,2686714,1866852,17324240,17324240
08-05-2025,FII,89606,82142,3928529,2093220,611997,724421,338540,459529,320283,237870,357659,347626,5912706,3678716
08-05-2025,Pro,21912,37242,631725,365628,765107,807521,692582,809687,793156,921983,1077334,655171,3941404,3637644
08-05-2025,DII,76763,34315,235668,3928661,70,58097,0,0,4429,110,187140,0,375137,4150116
08-05-2025,Client,107666,142248,1994623,403036,1459088,1257880,1805140,1578703,1568846,706889,1064581,864055,7094992,5857764
09-05-2025,Pro,17837,49106,637813,326989,879730,800921,785777,830891,814246,932313,1102332,685992,4082859,3781087
09-05-2025,TOTAL,294103,294103,6741053,6741053,3406111,3054342,3406111,3054342,2781432,1908948,2781432,1908948,18185989,18185989
09-05-2025,FII,77186,84606,3884178,2064471,704650,720011,526867,531066,333930,260748,378497,345133,5980702,3930640
09-05-2025,DII,86635,27456,243041,3966636,70,58497,0,0,4429,110,218845,0,392782,4212937
09-05-2025,Client,112445,132935,1976021,382957,1821662,1474914,2093467,1692385,1628827,715777,1081758,877823,7729646,6261325
12-05-2025,TOTAL,308208,308208,6793896,6793896,3557163,4255669,3557163,4255669,2815392,1982848,2815392,1982848,19713176,19713176
12-05-2025,FII,80301,80148,3962710,2034572,774531,869014,566411,687352,339668,271517,392909,363644,6297741,4125035
12-05-2025,Client,125063,143176,1983846,388817,1784929,2192007,2118624,2416587,1543266,806731,1078505,878835,8435842,7024544
12-05-2025,Pro,19452,54318,603998,380196,997632,1141999,872129,1151730,927982,904490,1062554,740369,4595554,4261296
12-05-2025,DII,83392,30566,243342,3990311,70,52649,0,0,4476,110,281424,0,384039,4302301
13-05-2025,Client,146838,124763,2081195,380923,2790323,2110138,2941706,2371495,1786189,805838,1115873,915697,9720521,7850458
13-05-2025,FII,54961,91461,3887954,2066517,833886,956897,707625,787025,331608,284867,432348,376606,6350172,4461582
13-05-2025,TOTAL,301197,301197,6823529,6823529,4891633,4154041,4891633,4154041,3011043,2017998,3011043,2017998,21199441,21199441
13-05-2025,Pro,15598,49786,618139,359102,1267354,1038328,1242302,995520,888902,927183,1172761,725695,4755504,4545166
13-05-2025,DII,83800,35187,236241,4016987,70,48678,0,0,4344,110,290061,0,373243,4342235
14-05-2025,Client,138345,122578,2104925,392390,2952350,2416037,3201441,2629415,1895529,875644,1158434,947350,10382831,8451607
14-05-2025,Pro,16602,45987,635304,375159,1353306,1101050,1243824,1083809,917894,932220,1234651,752730,4956376,4736160
14-05-2025,DII,83742,35321,242778,4036915,70,48637,0,0,4344,110,307567,0,379681,4379803
14-05-2025,TOTAL,295448,295448,6873507,6873507,5130769,4511002,5130769,4511002,3158737,2094958,3158737,2094958,22064421,22064421
14-05-2025,FII,56759,91562,3890500,2069043,825042,945278,685504,797779,340970,286984,458085,394878,6345533,4496851
15-05-2025,FII,70023,83544,3949363,2027907,608418,729360,423710,526196,366377,287251,465564,418072,6010792,3944993
15-05-2025,Pro,25367,43648,627055,413368,745769,759416,688188,804594,976968,930612,1206279,786345,4065187,3942422
15-05-2025,TOTAL,311766,311766,6900822,6900822,2957656,3269180,2957656,3269180,3167335,2170691,3167335,2170691,18777450,18777450
15-05-2025,Client,136977,135823,2077482,417959,1603399,1734767,1845757,1938390,1819771,952718,1165463,966274,8325114,6469667
15-05-2025,DII,79399,48751,246922,4041588,70,45637,0,0,4219,110,330029,0,376357,4420368
16-05-2025,FII,64538,87773,3933185,2040502,702642,762939,535494,595298,376097,292169,506640,447234,6131570,4212941
16-05-2025,Client,143410,132309,2113161,410789,2109364,1931880,2325031,2125888,1957908,1003182,1193942,999724,9258905,7187683
16-05-2025,Pro,22011,41907,646018,428208,912144,801327,863696,821596,1001742,962725,1305025,811228,4345967,4271661
16-05-2025,DII,79181,47151,253030,4065895,70,46637,0,0,3877,110,334017,0,382905,4447063
16-05-2025,TOTAL,309140,309140,6945394,6945394,3724221,3542783,3724221,3542783,3339624,2258186,3339624,2258186,20119348,20119348
19-05-2025,FII,64745,88243,3899659,2065644,799875,774956,640653,595415,384843,301206,543635,470120,6225284,4403710
19-05-2025,Pro,23264,40027,661308,485336,1063880,820511,1065474,855772,1006343,990322,1410874,827024,4565629,4684507
19-05-2025,DII,79421,48216,262771,3997666,70,49037,0,0,3527,110,334716,0,394936,4380598
19-05-2025,Client,143387,134331,2142451,417543,2606760,2082088,2764459,2275405,2137177,1028970,1242665,1023464,10140833,7857866
19-05-2025,TOTAL,310817,310817,6966189,6966189,4470585,3726592,4470585,3726592,3531890,2320608,3531890,2320608,21326682,21326682
20-05-2025,FII,55387,94135,3855700,2084107,871660,827213,698940,627682,392935,317406,593517,487074,6320301,4585455
20-05-2025,Pro,30355,43512,698362,414762,1402716,848235,1349978,846569,990415,1034086,1515130,809768,5004169,4979719
20-05-2025,Client,162424,127201,2174474,412236,3137464,2121934,3362991,2370569,2341701,976367,1280462,1031127,10914364,8584586
20-05-2025,TOTAL,330600,330600,7004116,7004116,5411910,3844820,5411910,3844820,3728851,2327969,3728851,2327969,22648266,22648266
20-05-2025,DII,82434,65752,275580,4093011,70,47437,0,0,3800,110,339742,0,409431,4498505
21-05-2025,Client,169860,126290,2169595,428234,3021900,2299671,3436940,2639709,2368546,1036854,1313870,1045043,11066426,8990086
21-05-2025,FII,55963,93552,3882569,2084093,851774,912881,571854,630033,396653,322278,608309,508818,6422119,4496659
21-05-2025,DII,82436,82511,278473,4098855,70,48254,0,0,3800,2646,339742,0,415679,4521108
21-05-2025,Pro,36314,42220,707825,427280,1365649,981256,1230599,972320,1012856,1039477,1519934,847394,5143377,5039747
21-05-2025,TOTAL,344573,344573,7038462,7038462,5239393,4242062,5239393,4242062,3781855,2401255,3781855,2401255,23047600,23047600
22-05-2025,FII,48897,104206,3858553,2119519,604318,689688,437499,459545,395668,336226,651802,532119,5933350,4304690
22-05-2025,TOTAL,348202,348202,7092685,7092685,3368288,2984288,3368288,2984288,3889719,2409137,3889719,2409137,20092319,20092319
22-05-2025,Pro,36587,42961,737814,427962,793591,681886,804324,676213,981944,1064280,1571685,834892,4296102,4358036
22-05-2025,DII,82701,85858,280472,4127418,70,48254,0,0,3800,1730,349393,0,417027,4562669
22-05-2025,Client,180017,115177,2215846,417786,1970309,1564460,2126466,1848530,2508307,1006901,1316839,1042126,9445840,6866924
23-05-2025,TOTAL,354253,354253,7086566,7086566,3713200,3815946,3713200,3815946,3836272,2427547,3836272,2427547,21233784,21233784
23-05-2025,FII,52567,106764,3887844,2103869,712928,762030,468598,516600,417928,347265,657727,531984,6180562,4385542
23-05-2025,Client,177228,118281,2187588,401963,1995255,2056941,2432302,2386341,2371342,1028099,1306974,1034971,9816454,7680831
23-05-2025,DII,82709,88923,283789,4140864,70,48654,0,0,4453,1730,354875,0,421405,4584662
23-05-2025,Pro,41749,40285,727345,439870,1004947,948320,812301,913005,1042549,1050453,1516696,860592,4815363,4582749
26-05-2025,Pro,43636,37592,707893,450997,1121339,1051964,945028,985605,1082794,1058413,1513829,914490,5066039,4847541
26-05-2025,TOTAL,359932,359932,7101142,7101142,4071491,4128372,4071491,4128372,3789968,2467239,3789968,2467239,21918144,21918144
26-05-2025,DII,79474,92523,296363,4145379,70,45628,0,0,5176,1730,355514,0,428441,4593416
26-05-2025,FII,58418,109730,3902849,2103516,838650,881553,477265,520078,456209,384299,638843,515922,6521979,4365354
26-05-2025,Client,178404,120087,2194037,401250,2111432,2149226,2649198,2622688,2245789,1022797,1281782,1036827,9901685,8111833
27-05-2025,TOTAL,352145,352145,7174231,7174231,5050841,4201665,5050841,4201665,3735035,2428871,3735035,2428871,22942788,22942788
27-05-2025,FII,56668,124087,3918735,2150736,1006189,1005050,623927,557185,477337,407982,633338,509134,6871962,4598407
27-05-2025,Pro,30400,38581,711803,451112,1404109,1138279,1197413,1010816,1073487,1070130,1508185,897688,5428208,5103796
27-05-2025,DII,83097,73308,300075,4190398,70,45335,0,0,5176,1730,349353,0,435483,4613059
27-05-2025,Client,181980,116169,2243618,381985,2640473,2013001,3229501,2633663,2179035,949029,1244159,1022049,10207136,8627526
28-05-2025,DII,83883,71408,319557,4193047,70,45335,0,0,5176,1730,341431,0,455751,4605886
28-05-2025,TOTAL,363741,363741,7226070,7226070,5390181,4195606,5390181,4195606,3581475,2381792,3581475,2381792,23138865,23138865
28-05-2025,Pro,35291,41222,744601,484412,1340829,1026876,1313857,1008391,1050238,1079233,1439953,869882,5277067,5157716
28-05-2025,FII,53684,132671,3886244,2180814,766906,841639,647527,678614,465827,386491,641394,528210,6400791,4809230
28-05-2025,Client,190883,118440,2275668,367797,3282376,2281756,3428797,2508601,2060234,914338,1158697,983700,11005255,8566033
29-05-2025,DII,76697,40378,167642,4084561,70,10901,0,0,3620,0,1884,0,258930,4126823
29-05-2025,Client,163518,105626,2182092,294081,1395059,1092250,1495661,1296173,942165,349930,522025,503921,6125014,4217488
29-05-2025,Pro,16354,32602,621427,219546,536182,525790,501381,457537,307773,471668,616436,282621,2479194,2110123
29-05-2025,TOTAL,281940,281940,6700023,6700023,2221012,1962136,2221012,1962136,1296396,892925,1296396,892925,13354431,13354431
29-05-2025,FII,25371,103334,3728862,2101835,289700,333194,223969,208425,42838,71327,156051,106383,4491293,2899997
30-05-2025,FII,26158,109842,3695772,2078841,435738,451396,303930,282038,63319,95462,207971,144610,4767846,3127232
30-05-2025,TOTAL,294109,294109,6786926,6786926,3186554,2558129,3186554,2558129,1665121,1119551,1665121,1119551,15610390,15610390
30-05-2025,Client,171398,109608,2264334,306656,1936644,1391621,2173570,1690989,1184894,426902,672365,615738,7375792,5568926
30-05-2025,DII,77035,41978,176246,4147159,70,10901,0,0,3620,0,18228,0,267872,4207365
30-05-2025,Pro,19518,32681,650574,254270,814102,704211,709054,585101,413288,597187,766557,359203,3198880,2706867
02-06-2025,Pro,18025,31364,659082,258777,1049652,901229,793791,779079,515965,651802,846262,399982,3795755,3109255
02-06-2025,TOTAL,294117,294117,6819677,6819677,3641545,3088018,3641545,3088018,1956110,1249359,1956110,1249359,17048826,17048826
02-06-2025,DII,77035,36606,185322,4180004,70,10901,0,0,3826,1678,126979,0,278832,4343589
02-06-2025,FII,26663,115729,3686593,2063642,547183,579674,343040,317347,100092,113911,226204,177854,5054116,3243816
02-06-2025,Client,172394,110418,2288680,317254,2044640,1596213,2504714,1991592,1336227,481968,756665,671523,7920123,6352165
03-06-2025,Client,181370,111981,2347890,315589,2920416,1719103,3187497,2025650,1526123,498699,816770,733604,9193601,7191091
03-06-2025,Pro,21169,32640,690426,279441,1317809,867204,1180446,772827,555501,739562,950983,425948,4191671,3642285
03-06-2025,DII,80002,34766,186713,4209450,70,10901,0,0,3926,0,157181,0,281612,4401397
03-06-2025,FII,25786,128940,3674315,2094864,582147,634210,452500,432941,119960,133662,280576,212371,5170081,3602192
03-06-2025,TOTAL,308327,308327,6899344,6899344,4820443,3231418,4820443,3231418,2205510,1371923,2205510,1371923,18836965,18836965
04-06-2025,Client,184832,116197,2379135,330289,2919692,1981635,3222588,2219805,1633720,551308,881666,767981,9650321,7538526
04-06-2025,DII,79608,35017,187689,4240997,70,10901,0,0,4030,0,174327,0,282298,4450341
04-06-2025,TOTAL,312084,312084,6960230,6960230,4866417,3611476,4866417,3611476,2379941,1479471,2379941,1479471,19609619,19609619
04-06-2025,FII,26924,129859,3680849,2108964,552207,612458,452628,477037,137257,135910,322634,258688,5145605,3749810
04-06-2025,Pro,20720,31011,712557,279980,1394448,1006482,1191200,914635,604934,792253,1001314,452802,4531394,3870942
05-06-2025,TOTAL,321503,321503,7017104,7017104,2619149,2475007,2619149,2475007,2505966,1566997,2505966,1566997,16505726,16505726
05-06-2025,Client,189297,120628,2402797,338624,1500648,1303689,1674288,1542909,1689165,601486,921245,790311,7687082,5388005
05-06-2025,DII,78032,38942,190249,4249621,70,10901,0,0,4030,0,196162,0,283282,4484725
05-06-2025,Pro,27870,28641,721841,292188,683629,666723,631925,605537,655200,817433,1026947,482722,3572695,3067961
05-06-2025,FII,26304,133292,3702217,2136671,434801,493695,312936,326561,157571,148078,361612,293964,4962666,3565036
06-06-2025,DII,79043,39677,201913,4263952,70,11201,0,0,4030,0,209812,0,296257,4513441
06-06-2025,TOTAL,330188,330188,7025703,7025703,3261342,3406007,3261342,3406007,2609372,1660186,2609372,1660186,18292798,18292798
06-06-2025,Client,188351,126827,2376950,339063,1772897,1966876,2095347,2138360,1701903,676974,969120,808973,8683951,6477690
06-06-2025,FII,33228,125958,3732708,2112065,539142,541230,391131,398827,182804,160224,395716,326601,5189336,3750298
06-06-2025,Pro,29566,37726,714132,310623,949234,886700,774864,868820,720635,822988,1034724,524612,4123254,3551369
09-06-2025,TOTAL,332884,332884,7072204,7072204,3741680,3799218,3741680,3799218,2778724,1777985,2778724,1777985,19502696,19502696
09-06-2025,Pro,26205,39330,719901,328755,1004863,922230,896151,959171,754563,861658,1109366,566776,4289420,3899549
09-06-2025,DII,82151,39725,213538,4266718,70,11201,0,0,4030,0,210415,0,310990,4516858
09-06-2025,FII,31072,126944,3739938,2119306,581994,551372,460206,422916,204613,167213,426876,365986,5276202,3922234
09-06-2025,Client,193456,126885,2398827,357425,2154753,2314415,2385323,2417131,1815518,749114,1032067,845223,9626083,7164055
10-06-2025,DII,80452,40925,219396,4243010,70,11201,0,0,4030,0,218890,0,315149,4502825
10-06-2025,Client,193068,123968,2416039,363649,2477292,2448518,2661802,2596742,1967396,775593,1080854,875038,10277906,7702054
10-06-2025,FII,30942,123966,3703529,2127739,620905,599786,504331,444525,214115,171737,474526,399595,5341014,4074681
10-06-2025,Pro,22060,37663,729263,333829,1054480,989897,986614,1008135,778441,905822,1189712,578519,4479962,4134471
10-06-2025,TOTAL,326522,326522,7068227,7068227,4152747,4049402,4152747,4049402,2963982,1853152,2963982,1853152,20414032,20414032
11-06-2025,FII,34473,121022,3689537,2130070,746366,706236,470490,407558,230631,180341,520147,431026,5587583,4080313
11-06-2025,TOTAL,326491,326491,7078633,7078633,4478476,4344770,4478476,4344770,3130987,1927802,3130987,1927802,21287159,21287159
11-06-2025,DII,78822,42740,226582,4232139,70,11201,0,0,4030,0,229396,0,320705,4504275
11-06-2025,Pro,22450,33320,737659,351147,1199534,1097570,1072450,1070815,785561,943708,1257476,592982,4786481,4378190
11-06-2025,Client,190746,129409,2424855,365277,2532507,2529764,2935536,2866397,2110765,803753,1123968,903794,10592389,8324381
12-06-2025,Client,197044,123776,2439828,358116,1771358,1436759,1939892,1720936,2358361,748662,1166640,921357,8952012,6230717
12-06-2025,DII,80391,37140,229741,4217977,70,14534,0,0,3898,0,241974,0,328634,4497091
12-06-2025,Pro,21360,38401,782852,339552,759357,716939,750874,668895,775001,1009872,1375677,575584,4065381,3748983
12-06-2025,FII,31951,131429,3663750,2200526,486799,538638,326817,317039,233494,192673,586463,454266,5147305,4016540
12-06-2025,TOTAL,330746,330746,7116171,7116171,3017583,2706870,3017583,2706870,3370754,1951207,3370754,1951207,18493331,18493331
13-06-2025,FII,32115,136324,3646370,2231697,539681,593490,374625,382522,247019,199487,597042,478841,5258162,4201051
13-06-2025,DII,87622,34557,236162,4214077,70,15534,0,0,3898,0,254823,0,343286,4503457
13-06-2025,TOTAL,340089,340089,7134036,7134036,3631396,3100367,3631396,3100367,3532977,1993109,3532977,1993109,19731974,19731974
13-06-2025,Client,200462,123905,2438582,355602,2117643,1651481,2408089,1925375,2492384,750939,1219513,926830,9651491,6959315
13-06-2025,Pro,19890,45303,812922,332660,974002,839861,848682,792469,789676,1042683,1461599,587438,4479034,4068151
16-06-2025,Pro,27801,38214,815352,343136,1105627,1037357,806305,1027961,816747,1015801,1448017,614819,4818685,4278452
16-06-2025,TOTAL,341466,341466,7183034,7183034,3720406,3947254,3720406,3947254,3588576,2041031,3588576,2041031,20821767,20821767
16-06-2025,FII,34514,136257,3688504,2232679,555120,618169,391924,435136,264327,201377,620032,498742,5362011,4314771
16-06-2025,Client,192737,127208,2443260,364380,2059590,2276181,2522177,2484157,2503552,823783,1244127,927470,10299103,7669518
16-06-2025,DII,86414,39787,235918,4242839,70,15546,0,0,3950,70,276400,0,341968,4559026
17-06-2025,DII,86182,39912,239146,4218769,70,15887,0,0,3950,140,287014,0,345375,4545695
17-06-2025,Client,195916,125829,2457797,370466,2592938,2214510,2907746,2475071,2647222,836075,1271221,943146,10944458,8093479
17-06-2025,TOTAL,341996,341996,7204450,7204450,4280512,3871415,4280512,3871415,3735779,2095239,3735779,2095239,21529391,21529391
17-06-2025,FII,35733,135216,3686095,2256379,576913,619198,399897,409605,273001,207891,654436,532796,5398831,4388329
17-06-2025,Pro,24165,41039,821412,358836,1110592,1021820,972869,986739,811606,1051133,1523108,619297,4840728,4501888
18-06-2025,TOTAL,338162,338162,7271337,7271337,4888607,3900524,4888607,3900524,3836704,2125768,3836704,2125768,22361102,22361102
18-06-2025,Client,193128,124467,2486430,373459,2976965,2247764,3264023,2501852,2720584,848205,1299182,958114,11473076,8521097
18-06-2025,Pro,24492,36566,847310,374303,1318788,1018657,1162639,960545,823366,1062807,1567232,625848,5095421,4727133
18-06-2025,FII,34368,133501,3693439,2291152,592784,618216,461945,438128,288804,214616,679072,541806,5442227,4545604
18-06-2025,DII,86174,43628,244158,4232423,70,15887,0,0,3950,140,291218,0,350379,4567269
19-06-2025,TOTAL,339060,339060,7280195,7280195,3046821,2789570,3046821,2789570,3875398,2133116,3875398,2133116,19464160,19464160
19-06-2025,Pro,23893,33024,862672,394970,837420,718291,740030,695186,819770,1075728,1586269,632437,4337775,4081916
19-06-2025,DII,86051,43811,249800,4213740,70,15887,0,0,3898,140,310141,0,355846,4567692
19-06-2025,FII,39173,136135,3690210,2293533,498768,536702,296620,308294,312670,225425,686402,548869,5302948,4269852
19-06-2025,Client,189943,126090,2477513,377952,1710563,1518690,2010172,1786090,2739060,831823,1292586,951810,9467592,6544700
20-06-2025,Pro,38294,30237,850415,432339,1105041,1065731,780851,1005189,902545,1050229,1449974,670771,5012255,4369362
20-06-2025,FII,43734,140102,3747434,2272874,607315,649320,452592,481610,350697,235747,652512,543893,5634248,4543583
20-06-2025,DII,81593,51037,254351,4201247,70,15887,0,0,3898,140,329054,0,355939,4581338
20-06-2025,Client,184737,126982,2440985,386725,1827905,2124806,2306888,2368944,2437644,875350,1263244,946802,9891426,7399585
20-06-2025,TOTAL,348358,348358,7293185,7293185,3540331,3855744,3540331,3855744,3694784,2161466,3694784,2161466,20893868,20893868
23-06-2025,Client,184906,116906,2447665,383409,2252504,2271075,2699373,2601933,2349425,879756,1236552,942721,10385331,7980893
23-06-2025,DII,80448,48021,258147,4218231,70,23487,0,0,3898,210,337198,0,366260,4603450
23-06-2025,FII,42664,145371,3693140,2203452,615273,704144,436532,487740,386653,249016,628298,538744,5690890,4440137
23-06-2025,Pro,32826,30546,830524,424384,1133974,1040017,865915,949051,916769,1053215,1454697,700732,5007325,4425325
23-06-2025,TOTAL,340844,340844,7229476,7229476,4001820,4038723,4001820,4038723,3656745,2182197,3656745,2182197,21449806,21449806
24-06-2025,Client,186962,115164,2423111,366270,2675707,2310902,3061143,2595797,2199003,839482,1193224,920174,10635166,8251772
24-06-2025,DII,77256,42747,262965,4204314,70,25187,0,0,3898,210,337452,0,369586,4584513
24-06-2025,TOTAL,350042,350042,7207455,7207455,4725158,4102697,4725158,4102697,3535654,2167562,3535654,2167562,22088568,22088568
24-06-2025,FII,46141,155612,3707375,2198739,657824,684667,579392,552240,407948,261712,618732,541833,5765667,4646548
24-06-2025,Pro,39683,36519,814004,438132,1391558,1081941,1084623,954660,924805,1066158,1386246,705555,5318149,4605735
25-06-2025,Client,179448,123519,2363978,351618,2432787,2830335,2913816,3149028,1978507,851771,1109855,893495,10636826,8541332
25-06-2025,FII,46451,153321,3693426,2144197,715457,810579,557900,629518,412166,247622,614541,554152,5925702,4653629
25-06-2025,Pro,55863,35357,754677,430382,1420740,1339010,1097338,1226565,953850,1067048,1293897,719004,5591188,4802543
25-06-2025,TOTAL,357444,357444,7075826,7075826,4569055,5005112,4569055,5005112,3348610,2166651,3348610,2166651,22522697,22522697
25-06-2025,DII,75682,45247,263745,4149629,70,25187,0,0,4087,210,330317,0,368981,4525193
26-06-2025,TOTAL,300631,300631,6367590,6367590,1906569,2408577,1906569,2408577,1121080,891109,1121080,891109,12995556,12995556
26-06-2025,DII,76126,47899,112757,3934963,70,14983,0,0,2086,70,1341,0,206092,3984203
26-06-2025,FII,54903,89870,3529240,1932306,315340,367235,241900,290294,67275,67671,97298,87796,4401664,2739465
26-06-2025,Pro,25101,37410,556903,230899,598654,641509,417522,572406,361939,467002,482161,269219,2651108,2009618
26-06-2025,Client,144501,125452,2168690,269422,992505,1384850,1247146,1545876,689780,356366,540280,534094,5736692,4262271
27-06-2025,TOTAL,310945,310945,6446507,6446507,2585185,3190116,2585185,3190116,1461662,1101173,1461662,1101173,15095589,15095589
27-06-2025,DII,78508,49599,119017,3989483,70,18383,0,0,2086,70,28257,0,218134,4067339
27-06-2025,Pro,28155,39895,585276,253401,840691,825903,546995,755783,483574,585908,596589,329278,3349507,2521942
27-06-2025,FII,55702,89220,3543851,1915579,355675,393527,312628,353081,107952,91864,174138,148227,4548571,2992874
27-06-2025,Client,148580,132231,2198363,288044,1388749,1952303,1725562,2081252,868050,423331,662678,623668,6979376,5513434
30-06-2025,Pro,39419,41091,608641,259587,1158437,832826,890422,689478,520444,641513,683534,366473,3801281,2930585
30-06-2025,TOTAL,307692,307692,6495910,6495910,3745728,3145720,3745728,3145720,1674606,1220384,1674606,1220384,16590040,16590040
30-06-2025,Client,138935,129345,2244852,292983,2212116,1903694,2476424,2082769,1021760,468774,744909,692779,7990131,6419209
30-06-2025,FII,51034,89157,3520669,1940300,375104,390817,378882,373472,130316,110027,201130,161132,4577967,3144074
30-06-2025,DII,78304,48099,121748,4003040,70,18383,0,0,2086,70,45033,0,220661,4096172
01-07-2025,DII,77978,48099,125533,4023863,70,18383,0,0,2086,253,110983,0,224303,4182945
01-07-2025,FII,53195,91901,3520760,1961861,407878,485234,377479,351068,152467,122266,233301,185262,4741800,3200872
01-07-2025,Pro,43165,39883,613425,266898,1079475,952563,888925,820237,600325,698475,748305,400560,3987428,3164808
01-07-2025,TOTAL,310698,310698,6551321,6551321,3922531,3565746,3922531,3565746,1918392,1339690,1918392,1339690,17608377,17608377
01-07-2025,Client,136360,130815,2291603,298699,2435107,2109566,2656126,2394441,1163514,518696,825803,753868,8654846,7059752
02-07-2025,Client,141425,123767,2307524,301825,2917744,2155281,2946503,2397570,1289190,539171,880026,799478,9350335,7449169
02-07-2025,Pro,33577,33455,605808,271835,1208049,1018219,1118238,936524,647361,749027,809852,429953,4262041,3599856
02-07-2025,TOTAL,301371,301371,6567855,6567855,4541444,3663798,4541444,3663798,2109798,1424087,2109798,1424087,18608353,18608353
02-07-2025,DII,76861,45420,126397,4036986,70,17583,0,0,2086,253,166379,0,223250,4248785
02-07-2025,FII,49508,98729,3528126,1957209,415581,472715,476704,329703,171161,135636,253541,194656,4772726,3310542
03-07-2025,DII,76337,42920,127896,4048355,70,17583,0,0,2086,253,217776,0,224225,4309051
03-07-2025,Client,146071,120524,2319341,303559,1481071,1236522,1563052,1547582,1387049,559744,921598,831740,7129798,5288055
03-07-2025,FII,43723,105530,3522295,1954066,267140,374127,218601,210180,189515,151101,280815,207461,4547901,2976654
03-07-2025,TOTAL,298065,298065,6579552,6579552,2383731,2357328,2383731,2357328,2277143,1494295,2277143,1494295,15390114,15390114
03-07-2025,Pro,31934,29091,610020,273572,635449,729096,602078,599565,698493,783197,856954,455094,3488190,2816354
04-07-2025,DII,75272,43720,131757,4062203,70,18084,0,0,2086,253,246867,0,227522,4352790
04-07-2025,FII,43986,109673,3527844,1965392,312500,429805,260097,277779,193252,154536,286400,210535,4661922,3109876
04-07-2025,Client,146766,115062,2326427,304245,1898043,1606581,2164476,1953421,1499147,588444,980265,866970,8065408,6384439
04-07-2025,TOTAL,295952,295952,6612995,6612995,3063713,2901647,3063713,2901647,2436691,1561301,2436691,1561301,16872299,16872299
04-07-2025,Pro,29928,27497,626967,281155,853100,847178,639140,670447,742206,818068,923159,483796,3917446,3025193
07-07-2025,TOTAL,299785,299785,6629267,6629267,3267562,3131514,3267562,3131514,2561516,1610249,2561516,1610249,17499893,17499893
07-07-2025,FII,44888,113991,3527997,1970631,318995,437331,276812,295042,195909,156750,288598,213311,4681869,3158385
07-07-2025,Pro,26723,26568,636503,284450,872075,930540,733905,755863,761767,835631,980466,511156,4063238,3292407
07-07-2025,DII,75152,43720,132319,4069666,70,18084,0,0,2086,415,271527,0,228126,4384913
07-07-2025,Client,153022,115506,2332448,304520,2076423,1745559,2256845,2080609,1601754,617453,1020925,885782,8526659,6664187
08-07-2025,DII,75119,43720,136225,4087096,70,21581,0,0,2086,415,291507,0,235496,4422323
08-07-2025,Pro,25703,30504,660507,291128,953101,1031784,809258,904746,799714,872209,1045359,542870,4343018,3623865
08-07-2025,TOTAL,310135,310135,6678096,6678096,3419434,3536154,3419434,3536154,2685741,1670832,2685741,1670832,18300392,18300392
08-07-2025,FII,47671,118184,3523251,1992432,330830,440443,295869,305378,190307,159181,286965,217709,4691682,3216537
08-07-2025,Client,161642,117727,2358113,307440,2135434,2042346,2314308,2326029,1693634,639027,1061910,910253,9030196,7037667
09-07-2025,TOTAL,318391,318391,6721569,6721569,4153917,3636823,4153917,3636823,2801207,1732383,2801207,1732383,19364290,19364290
09-07-2025,Pro,29972,31479,677792,302336,1183678,1128951,1121053,963875,827343,895417,1107131,578966,4743153,4104840
09-07-2025,Client,166250,120455,2377555,319737,2612658,2042928,2690182,2365734,1787340,663894,1106311,939490,9650625,7541909
09-07-2025,DII,75137,43720,141257,4093606,70,21581,0,0,2086,415,313608,0,240546,4450934
09-07-2025,FII,47032,122737,3524965,2005890,357511,443364,342682,307214,184438,172657,274157,213927,4729966,3266607
10-07-2025,Client,171126,116937,2400067,317565,1569418,1255602,1608491,1552772,1876529,669380,1150041,968678,7942122,5714485
10-07-2025,TOTAL,319786,319786,6716438,6716438,2497783,2385479,2497783,2385479,2884324,1766247,2884324,1766247,16570057,16570057
10-07-2025,DII,75273,43720,144733,4082043,70,20581,0,0,2086,415,321815,0,243158,4447578
10-07-2025,FII,41476,126725,3477277,2017611,263223,378421,218092,221618,173324,170133,240257,193576,4503853,3017879
10-07-2025,Pro,31911,32404,694361,299219,665073,730875,671200,611088,832385,926319,1172211,603993,3880924,3390115
11-07-2025,Pro,34480,32906,724209,313248,953090,899337,936848,698418,857020,959274,1243367,609869,4427410,3834656
11-07-2025,TOTAL,323720,323720,6779697,6779697,3598861,2797750,3598861,2797750,3045680,1790160,3045680,1790160,18335868,18335868
11-07-2025,Client,178631,110608,2420725,325993,2299359,1433224,2324355,1826035,2010534,657360,1195097,991470,8999833,6773558
11-07-2025,FII,35226,138986,3480173,2051219,346342,448301,337657,273297,176040,173111,242601,188821,4659193,3232582
11-07-2025,DII,75383,41220,154590,4089237,70,16888,0,0,2086,415,364615,0,249432,4495072
14-07-2025,FII,34985,156047,3490705,2061756,373321,442669,390172,293753,171633,174124,241188,183790,4687436,3326706
14-07-2025,Client,189305,109458,2443308,333377,2611999,1615906,2688752,2018554,2090494,685108,1242747,1004780,9636120,7397669
14-07-2025,TOTAL,335316,335316,6831902,6831902,4136138,3063171,4136138,3063171,3151405,1824319,3151405,1824319,19342252,19342252
14-07-2025,Pro,39027,33591,740096,316920,1150749,989260,1057214,750863,887192,964672,1278615,635749,4770997,4072953
14-07-2025,DII,71999,36220,157793,4119849,70,15336,0,0,2086,415,388855,0,247699,4544924
15-07-2025,TOTAL,338545,338545,6859933,6859933,3996842,3525806,3996842,3525806,3187494,1855620,3187494,1855620,19764240,19764240
15-07-2025,FII,36299,158119,3495595,2063524,369936,461212,363840,311236,172898,173748,242047,185582,4709687,3324348
15-07-2025,Client,191649,108482,2464242,339203,2559800,2007398,2663457,2352909,2092380,712326,1268090,1020323,10027794,7752464
15-07-2025,DII,72050,36118,164990,4134516,70,13283,0,0,2086,415,401956,0,252894,4572590
15-07-2025,Pro,38547,35826,735106,322690,1067037,1043913,969545,861660,920130,969131,1275401,649715,4773864,4114837
16-07-2025,TOTAL,342391,342391,6899540,6899540,4319073,3965178,4319073,3965178,3301649,1911899,3301649,1911899,20739730,20739730
16-07-2025,Pro,39988,36488,751069,332480,1146165,1190424,1077197,1025353,937284,990447,1339907,673196,5055377,4484622
16-07-2025,DII,72102,34118,182076,4129261,70,13283,0,0,2086,415,408089,0,270032,4571468
16-07-2025,FII,35961,161473,3475270,2091874,385035,493511,379664,341608,174679,174952,244980,184927,4739408,3404526
16-07-2025,Client,194340,110312,2491125,345925,2787803,2267960,2862212,2598216,2187600,746085,1308673,1053776,10674913,8279114
17-07-2025,Client,198989,111997,2523887,351410,1703474,1280496,1708112,1627643,2279421,759648,1345678,1083939,8745915,6228778
17-07-2025,FII,34085,169832,3472100,2102705,294815,390103,256699,210131,176285,176573,249403,186916,4543960,3175685
17-07-2025,Pro,41736,32984,760373,343510,656125,739749,691173,585858,948454,1016273,1406417,682054,4162710,3741996
17-07-2025,DII,72121,32118,187175,4145910,1570,13283,0,0,2086,415,404748,0,276650,4582776
17-07-2025,TOTAL,346931,346931,6943535,6943535,2655983,2423632,2655983,2423632,3406246,1952909,3406246,1952909,17729236,17729236
18-07-2025,Pro,49137,31005,781490,354717,977588,915643,949802,689419,943205,1043008,1486725,696913,4710071,4208581
18-07-2025,Client,206134,112144,2553924,352426,2315649,1464850,2351123,1904776,2412802,757931,1390433,1101979,9711289,7212881
18-07-2025,DII,67768,31826,193896,4169491,7570,14283,0,0,4086,415,401930,0,288018,4603247
18-07-2025,TOTAL,354818,354818,7000250,7000250,3656160,2855189,3656160,2855189,3535439,1990100,3535439,1990100,19391956,19391956
18-07-2025,FII,31779,179843,3470940,2123616,355354,460414,355235,260995,175346,188746,256351,191208,4682578,3367247
21-07-2025,FII,31538,176782,3438974,2101582,350360,474567,351746,322862,177034,188378,260360,191932,4660850,3405263
21-07-2025,DII,66559,29360,197637,4185557,5911,14283,0,0,2086,415,409798,0,286891,4624715
21-07-2025,Client,206633,110812,2559885,357432,2290251,1920424,2486062,2311413,2482030,802340,1426779,1116398,10261563,7808896
21-07-2025,TOTAL,346575,346575,6994543,6994543,3679829,3461752,3679829,3461752,3628130,2040249,3628130,2040249,20151078,20151078
21-07-2025,Pro,41845,29621,798047,349972,1033307,1052479,842021,827477,966980,1049116,1531193,731919,4941773,4312203
22-07-2025,Pro,43873,28644,816220,375728,1097819,1080196,1060528,863802,979918,1092407,1589885,755511,5110433,4674098
22-07-2025,FII,30254,179708,3426583,2117650,404137,528219,424169,350391,181416,194032,265671,196946,4764640,3534534
22-07-2025,TOTAL,347102,347102,7040864,7040864,4348891,3619404,4348891,3619404,3712769,2094477,3712769,2094477,21163507,21163507
22-07-2025,DII,65840,29560,204186,4180362,5911,14283,0,0,2086,415,413307,0,292721,4623229
22-07-2025,Client,207135,109190,2593875,367124,2841025,1996706,2864195,2405211,2549349,807623,1443906,1142020,10995713,8331646
23-07-2025,FII,32171,177728,3438153,2109065,418425,540459,402265,404952,184995,195454,267249,199183,4809657,3560442
23-07-2025,Pro,38114,27874,828876,394815,1100090,1279789,902577,1144834,1006469,1087988,1558832,778985,5341326,4807917
23-07-2025,TOTAL,340078,340078,7066552,7066552,3946087,4391862,3946087,4391862,3702448,2138198,3702448,2138198,21585226,21585226
23-07-2025,Client,204737,103216,2592154,363630,2421661,2557331,2641246,2842075,2508898,854341,1458971,1160030,11139122,8569169
23-07-2025,DII,65056,31260,207369,4199042,5911,14283,0,0,2086,415,417396,0,295120,4647698
24-07-2025,TOTAL,344982,344982,7066639,7066639,3022103,2688606,3022103,2688606,3768416,2141103,3768416,2141103,19031849,19031849
24-07-2025,Pro,37471,28972,841461,414795,728807,767856,744046,608571,995620,1110237,1620684,773836,4481452,4190904
24-07-2025,DII,65944,37689,211222,4194286,1570,14963,0,0,2452,415,422806,0,296566,4654781
24-07-2025,FII,30674,176212,3405753,2094647,337211,456262,310417,263558,186768,197657,269679,199619,4614325,3314132
24-07-2025,Client,210893,102109,2608203,362911,1954516,1449525,1967640,1816476,2583576,832794,1455247,1167648,9639507,6872032
25-07-2025,Client,217910,101463,2594930,359607,2803065,1538984,2736743,2014106,2629162,778123,1428417,1144868,10562174,7785205
25-07-2025,FII,31725,190245,3399653,2124099,432309,558610,460562,324550,185705,201355,268783,195123,4809357,3563362
25-07-2025,Pro,45884,28488,874985,426399,1043637,923609,1083276,697509,973579,1116373,1671051,756275,4978067,4662998
25-07-2025,TOTAL,358021,358021,7087141,7087141,4280581,3036165,4280581,3036165,3790898,2096266,3790898,2096266,20649072,20649072
25-07-2025,DII,62502,37825,217573,4177036,1570,14963,0,0,2452,415,422647,0,299475,4637508
28-07-2025,TOTAL,363981,363981,7066036,7066036,4966717,3198459,4966717,3198459,3768130,2066216,3768130,2066216,21429538,21429538
28-07-2025,Pro,45521,30304,856324,394174,1274678,984435,1280241,735663,982865,1101432,1691615,772997,5245255,4904994
28-07-2025,DII,60723,38049,221740,4219448,1570,18296,0,0,2452,415,418715,0,305196,4676212
28-07-2025,FII,33986,198714,3418612,2109666,444580,588880,522244,346635,181334,194216,260467,186414,4861608,3624140
28-07-2025,Client,223751,96914,2569360,342748,3245888,1606848,3164232,2116160,2601479,770153,1397333,1106805,11017479,8224192
29-07-2025,FII,31031,201715,3458703,2094967,453880,591027,479598,387862,179638,185616,252562,178005,4899895,3594709
29-07-2025,DII,60573,31545,235005,4268535,1570,23796,0,0,2016,415,417207,0,323375,4717287
29-07-2025,Client,221661,89857,2557200,336441,2990974,1996872,3114150,2437918,2407442,798683,1349748,1074633,10972832,8402747
29-07-2025,Pro,47730,37878,841142,392107,1253231,1043273,1105907,829188,984606,1062817,1554185,794893,5232799,4714158
29-07-2025,TOTAL,360995,360995,7092050,7092050,4699655,3654968,4699655,3654968,3573702,2047531,3573702,2047531,21428900,21428900
30-07-2025,Client,219278,86237,2545291,322981,3005821,2179155,3011218,2557330,2239728,802441,1280154,1044453,10991714,8302374
30-07-2025,Pro,53561,39448,826102,421074,1285030,1153499,1230814,953107,980410,1056180,1456788,810894,5354782,4912125
30-07-2025,TOTAL,367051,367051,7098719,7098719,4748289,3929373,4748289,3929373,3394547,2027898,3394547,2027898,21565877,21565877
30-07-2025,FII,33838,206851,3480187,2118922,455868,568923,506257,418936,172393,168862,247763,172551,4880072,3671280
30-07-2025,DII,60374,34515,247139,4235742,1570,27796,0,0,2016,415,409842,0,339310,4680099
31-07-2025,Client,184815,80838,2436244,257028,1235920,1026045,1243657,1368577,951822,428931,570092,627818,6263777,4148011
31-07-2025,DII,62595,32404,127294,4088400,70,24774,0,0,965,0,616,0,215698,4121420
31-07-2025,Pro,29278,25786,652962,209623,466286,571447,421130,437421,322728,517313,683624,338604,2560014,2116188
31-07-2025,TOTAL,293026,293026,6563018,6563018,1889329,1949518,1889329,1949518,1284444,980909,1284444,980909,12960244,12960244
31-07-2025,FII,16338,153998,3346518,2007967,187052,327252,224542,143520,8929,34665,30112,14487,3920755,2574626
01-08-2025,Client,202002,86619,2460900,271348,2204098,1262583,2110516,1714683,1226855,482178,715508,729820,7838616,5628494
01-08-2025,DII,62957,31218,131506,4070595,70,24774,0,0,1148,0,47739,0,220455,4149552
01-08-2025,FII,16421,174605,3340768,2034752,283704,411973,361271,210981,20962,48180,45653,25760,4122008,2853023
01-08-2025,Pro,40378,29316,687796,244275,751651,790556,767736,564221,419358,630810,859423,405588,3320549,2870559
01-08-2025,TOTAL,321758,321758,6620970,6620970,3239523,2489885,3239523,2489885,1668323,1161168,1668323,1161168,15501627,15501627
04-08-2025,Pro,40704,28274,681193,235653,875745,957551,731924,728974,528527,655414,884319,463758,3739134,3072902
04-08-2025,DII,62911,31218,136452,4101490,70,24774,0,0,1148,0,104337,0,225355,4237045
04-08-2025,Client,199081,86254,2443180,274529,2206963,1758312,2304380,2180048,1315922,554202,829908,768284,8477660,6443402
04-08-2025,FII,17230,174180,3357670,2006823,292059,406572,338534,238188,31899,56756,58932,34330,4162186,2850986
04-08-2025,TOTAL,319926,319926,6618495,6618495,3374838,3147209,3374838,3147209,1877496,1266372,1877496,1266372,16604336,16604336
05-08-2025,Pro,46349,29489,676333,244505,931462,942519,919649,733768,552626,698917,957835,479347,3848206,3364593
05-08-2025,DII,62935,29518,144003,4088900,70,19634,0,0,1148,0,118895,0,227790,4237313
05-08-2025,FII,17090,185864,3341824,2032855,335018,456499,374810,259607,41825,66382,67259,40961,4258638,2961356
05-08-2025,Client,207549,89052,2477960,273860,2590223,1801991,2562314,2227267,1445500,579042,897110,824033,9102264,6873636
05-08-2025,TOTAL,333923,333923,6640120,6640120,3856773,3220642,3856773,3220642,2041099,1344341,2041099,1344341,17436899,17436899
06-08-2025,TOTAL,334945,334945,6666213,6666213,4523995,3411682,4523995,3411682,2189507,1418520,2189507,1418520,18544862,18544862
06-08-2025,DII,62924,29081,149492,4091303,70,29634,0,0,1388,0,128908,0,243508,4249292
06-08-2025,Client,208133,93259,2487645,272931,3031442,1838812,2902144,2301507,1568131,609232,954212,861780,9743395,7385833
06-08-2025,Pro,46578,28204,690425,250231,1095861,1011220,1172388,840167,574299,738490,1033909,511529,4156873,3836428
06-08-2025,FII,17310,184401,3338651,2051748,396621,532016,449463,270008,45689,70798,72478,45211,4401086,3073309
07-08-2025,FII,17977,191236,3365626,2065511,235441,416437,281197,174462,49871,75643,77650,49124,4160995,2839180
07-08-2025,TOTAL,338023,338023,6722716,6722716,2317891,2357520,2317891,2357520,2293059,1460042,2293059,1460042,15489251,15489251
07-08-2025,Client,209403,89593,2503840,266174,1532145,1245912,1464923,1622163,1629659,625358,1008638,879834,7746317,5331324
07-08-2025,Pro,46623,30106,700982,253565,550235,669788,571771,560896,612141,759041,1065371,531084,3338810,3012793
07-08-2025,DII,64020,27088,152268,4137466,70,25383,0,0,1388,0,141400,0,243129,4305954
08-08-2025,Client,217668,93510,2531465,267153,2604472,1358824,2445548,1850137,1826182,631457,1079440,920293,9170068,6656081
08-08-2025,Pro,52876,35864,726794,265780,975805,791209,1055986,615425,626231,806392,1197347,549861,3979307,3720263
08-08-2025,FII,18122,200792,3360738,2100292,360340,480816,451153,197681,55548,86148,83341,53843,4361712,3087102
08-08-2025,DII,66935,25435,155599,4141371,12070,32394,0,0,1538,0,149371,0,268536,4316177
08-08-2025,TOTAL,355601,355601,6774596,6774596,3952687,2663243,3952687,2663243,2509499,1523997,2509499,1523997,17779623,17779623
11-08-2025,FII,18282,198009,3395836,2099263,319433,517729,385879,288444,60191,91882,86139,56774,4403353,3114508
11-08-2025,TOTAL,349335,349335,6801535,6801535,3579273,3558798,3579273,3558798,2558260,1592214,2558260,1592214,18439415,18439415
11-08-2025,DII,66412,27135,163649,4161780,70,34894,0,0,1688,0,167116,0,266713,4356031
11-08-2025,Pro,48925,30829,734462,264728,990985,1013160,838737,867733,669966,802909,1187672,601600,4260408,3791300
11-08-2025,Client,215716,93362,2507588,275764,2268785,1993015,2354657,2402620,1826415,697423,1117333,933840,9508941,7177576
12-08-2025,FII,17520,202778,3415322,2112152,356179,512828,443340,260681,63388,98228,90226,63483,4463464,3172660
12-08-2025,Pro,51682,32254,733905,282603,1138323,1002621,1145659,809759,691369,824463,1234993,610338,4442363,4115606
12-08-2025,Client,218633,91345,2518347,284107,2959909,1915103,2865482,2395005,1903603,714861,1156513,963731,10230456,7756183
12-08-2025,DII,66527,27985,164401,4153113,70,34894,0,0,1948,0,178576,0,267840,4359674
12-08-2025,TOTAL,354362,354362,6831975,6831975,4454481,3465445,4454481,3465445,2660308,1637552,2660308,1637552,19404123,19404123
13-08-2025,Pro,52560,33457,748913,294233,1105383,1279531,1104738,1137665,709040,823796,1229265,649911,4719223,4449269
13-08-2025,TOTAL,356183,356183,6887744,6887744,4290042,4411452,4290042,4411452,2689378,1708260,2689378,1708260,20343059,20343059
13-08-2025,Client,217862,91683,2517625,282699,2783983,2536444,2733953,2902372,1901148,779424,1186392,989626,10736486,8186725
13-08-2025,DII,66606,29131,167561,4192352,1070,33439,0,0,3948,0,180848,0,272624,4402331
13-08-2025,FII,19155,201912,3453645,2118460,399605,562039,451350,371415,75242,105040,92873,68723,4614726,3304734
14-08-2025,Client,214029,89898,2521603,280683,1697060,1206346,1525668,1597071,1950556,774573,1205472,1004399,8364167,5703191
14-08-2025,Pro,54976,31163,765428,305199,505175,655611,650408,566183,716374,842554,1273407,654448,3540119,3480809
14-08-2025,TOTAL,353284,353284,6921981,6921981,2462790,2327858,2462790,2327858,2761729,1730601,2761729,1730601,16558243,16558243
14-08-2025,DII,66066,31131,177456,4191769,5870,45454,0,0,9008,0,184637,0,303854,4407537
14-08-2025,FII,18213,201092,3457494,2144330,254685,420447,286714,164603,85791,113474,98213,71754,4350103,2966706
18-08-2025,DII,72060,34952,189885,4224036,2170,45454,0,0,2887,0,199696,0,312456,4458684
18-08-2025,Client,203467,87665,2512435,289728,2238526,1722603,2146460,2185351,1937444,865309,1217407,1045247,9479784,6971858
18-08-2025,TOTAL,347878,347878,6983205,6983205,3330104,3179631,3330104,3179631,2811693,1855392,2811693,1855392,18507903,18507903
18-08-2025,Pro,51648,33234,782848,336955,745643,904920,810774,742487,783217,871583,1294248,732163,4139859,3949861
18-08-2025,FII,20703,192027,3498037,2132486,343765,506654,372870,251792,88145,118500,100342,77982,4575804,3127500
19-08-2025,Client,202833,85183,2521111,298296,2373616,2271089,2362184,2656338,1919868,927910,1242136,1072502,10216428,7716639
19-08-2025,FII,20682,192213,3520500,2120055,362434,525440,375091,262975,92390,121137,104762,82804,4642582,3137900
19-08-2025,DII,72435,35473,191756,4239748,950,57454,0,0,2598,0,203255,0,325193,4478476
19-08-2025,Pro,48726,31807,782128,357396,847804,1033312,847529,967982,820738,877956,1285441,771697,4410664,4261852
19-08-2025,TOTAL,344676,344676,7015495,7015495,3584804,3887295,3584804,3887295,2835594,1927003,2835594,1927003,19594867,19594867
20-08-2025,DII,72307,40103,202553,4234101,950,54679,0,0,3011,0,213513,0,333500,4487717
20-08-2025,Client,202829,83714,2538744,307651,2569340,2723746,2535852,3049305,1972173,953816,1266911,1103268,10960648,8346701
20-08-2025,FII,21383,194575,3527057,2136619,384514,562212,422435,350914,100320,125722,110081,86325,4721208,3300949
20-08-2025,Pro,50211,28338,790267,380250,956668,1302527,953184,1242946,849505,906766,1334504,796711,4855944,4735933
20-08-2025,TOTAL,346730,346730,7058621,7058621,3911472,4643165,3911472,4643165,2925009,1986304,2925009,1986304,20871300,20871300
21-08-2025,DII,71015,40103,203693,4209068,950,44854,0,0,3296,0,214344,0,323808,4463515
21-08-2025,TOTAL,343409,343409,7091584,7091584,2635605,2632595,2635605,2632595,2959271,2008395,2959271,2008395,17670859,17670859
21-08-2025,Client,197261,85821,2550870,318432,1743808,1427685,1707471,1834552,1995787,948945,1281827,1120389,8864356,6348492
21-08-2025,Pro,52908,27210,814234,415669,613543,715421,635865,615942,857551,928371,1351853,798878,3982028,3845417
21-08-2025,FII,22225,190275,3522787,2148415,277304,444635,292269,182101,102637,131079,111247,89128,4500667,3013435
22-08-2025,TOTAL,350641,350641,7067270,7067270,4285900,3008364,4285900,3008364,2978615,1969194,2978615,1969194,19659984,19659984
22-08-2025,FII,23354,194863,3513079,2167014,381017,527827,440409,233258,100014,134738,112994,86126,4680029,3234664
22-08-2025,Pro,53553,28077,787485,407000,1153223,915313,1105804,674656,855554,935096,1370806,768024,4700224,4354368
22-08-2025,Client,203646,86598,2551009,310372,2750710,1520370,2739687,2100450,2019751,899360,1283055,1115044,9944846,7635206
22-08-2025,DII,70088,41103,215697,4182884,950,44854,0,0,3296,0,211760,0,334885,4435747
25-08-2025,TOTAL,356071,356071,7076678,7076678,4295529,3460016,4295529,3460016,2876307,1930539,2876307,1930539,19995140,19995140
25-08-2025,Client,203063,87442,2525888,313147,2679412,1913487,2766256,2379658,1911876,889099,1248165,1088152,10122825,7882820
25-08-2025,DII,68632,41103,234599,4187175,370,44854,0,0,3423,0,211006,0,351878,4439284
25-08-2025,FII,31241,201479,3533216,2171715,400256,549594,447635,287892,97131,129348,103591,80840,4740785,3293152
25-08-2025,Pro,53135,26047,782975,404641,1215491,952082,1081638,792466,863877,912092,1313545,761547,4779652,4379884
26-08-2025,TOTAL,366437,366437,7070283,7070283,4898891,3295819,4898891,3295819,2681786,1810114,2681786,1810114,20123330,20123330
26-08-2025,Pro,51851,25562,770335,399496,1305409,1001448,1352458,810257,836329,906282,1212466,707683,4871655,4507923
26-08-2025,DII,69308,42009,250342,4224558,370,44854,0,0,3153,0,211348,0,368027,4477915
26-08-2025,FII,35491,212420,3502113,2143516,469122,591883,522034,300349,89801,121425,98342,71103,4809835,3347765
26-08-2025,Client,209787,86446,2547493,302713,3123990,1657634,3024398,2185212,1752503,782407,1159630,1031328,10073813,7789727
28-08-2025,FII,16621,185135,3412601,2067839,251762,427322,297771,141303,22567,46159,40088,22434,4177032,2754569
28-08-2025,Pro,31847,27134,594074,177902,537797,603008,586814,498316,274237,458163,498789,254622,2499126,2043577
28-08-2025,Client,207664,80029,2440645,230215,1723523,1138505,1628867,1551395,774317,386021,532989,613287,6670675,4636783
28-08-2025,DII,73646,37480,155211,4126575,370,22179,0,0,1853,0,1108,0,253259,4165163
28-08-2025,TOTAL,329778,329778,6602531,6602531,2513452,2191014,2513452,2191014,1072974,890343,1072974,890343,13600092,13600092
29-08-2025,Client,214659,84343,2477298,239074,2635383,1522862,2496023,2020655,961696,455853,683364,700994,8267751,6224453
29-08-2025,TOTAL,342453,342453,6687963,6687963,4066930,2972272,4066930,2972272,1377855,1060396,1377855,1060396,16507868,16507868
29-08-2025,DII,74840,38006,160600,4185943,370,34939,0,0,2038,0,23518,0,272787,4247467
29-08-2025,FII,18187,193382,3437632,2067816,415906,523898,491059,248841,36383,62511,55614,33594,4494518,3090305
29-08-2025,Pro,34767,26722,612433,195130,1015271,890572,1079848,702776,377738,542032,615359,325808,3472813,2945643
01-09-2025,FII,19646,192193,3451292,2034134,388829,586370,440532,390020,40901,70508,65708,41459,4557545,3164046
01-09-2025,DII,74724,40406,161173,4219457,370,34939,0,0,2038,0,56990,0,273244,4316853
01-09-2025,Pro,34938,26155,611712,202101,1012858,1365054,991995,1184285,476712,568891,653620,379191,4070165,3437347
01-09-2025,Client,215040,85594,2483071,251556,2505461,2370830,2474990,2782888,1036471,526719,779804,745468,9137592,7120300
01-09-2025,TOTAL,344348,344348,6707248,6707248,3907518,4357193,3907518,4357193,1556122,1166118,1556122,1166118,18038546,18038546
02-09-2025,FII,17220,197645,3438460,2025750,252789,450744,290844,152878,49507,81501,73945,48322,4290222,2789384
02-09-2025,DII,74965,40806,167675,4212135,370,34939,0,0,2178,0,69389,0,280127,4322330
02-09-2025,Client,216275,86175,2496227,254947,1595051,1156355,1540853,1634705,1108394,549646,835404,789993,7121948,5142077
02-09-2025,TOTAL,348434,348434,6699744,6699744,2396963,2320596,2396963,2320596,1676221,1236393,1676221,1236393,14678351,14678351
02-09-2025,Pro,39974,23808,597382,206912,548753,678558,565266,533013,516142,605246,697483,398078,2986055,2424560
03-09-2025,Client,216745,85485,2525482,264716,1855428,1879058,1899385,2258596,1192707,605326,910160,837862,8274746,6256204
03-09-2025,FII,17606,200402,3415196,2031123,328489,519945,391345,300650,53782,87769,81873,54730,4422787,3060123
03-09-2025,TOTAL,347537,347537,6728480,6728480,2928003,3401685,2928003,3401685,1817239,1330326,1817239,1330326,16553270,16553270
03-09-2025,Pro,37992,22144,614109,211926,743115,967743,637272,842439,568397,637231,744246,437734,3568587,2895761
03-09-2025,DII,75194,39506,173693,4220715,970,34939,0,0,2353,0,80960,0,287149,4341181
04-09-2025,FII,18068,206645,3401019,2049085,412100,564196,471503,293796,58919,90673,89614,59837,4544975,3170480
04-09-2025,TOTAL,354680,354680,6740687,6740687,4143645,3528053,4143645,3528053,1993996,1392290,1993996,1392290,18153351,18153351
04-09-2025,Client,217226,86646,2541542,273196,2738331,1970719,2657689,2445711,1344799,620395,979211,873454,9433012,7315908
04-09-2025,Pro,43865,20046,613347,220625,992244,958199,1014452,788546,588007,681222,835417,458999,3876884,3338085
04-09-2025,DII,75521,41343,184779,4197781,970,34939,0,0,2271,0,89754,0,298480,4328878
05-09-2025,Client,217989,87353,2548377,276899,2842453,2145395,2817800,2577950,1378687,665772,1014291,903323,9798673,7677616
05-09-2025,TOTAL,357186,357186,6768836,6768836,4415853,3844420,4415853,3844420,2076103,1466903,2076103,1466903,18929301,18929301
05-09-2025,DII,75862,38993,189359,4209326,970,37539,0,0,1863,0,114161,0,305593,4362480
05-09-2025,FII,16715,208130,3400599,2051021,487024,621360,529256,336406,63159,93806,96715,69782,4682663,3291310
05-09-2025,Pro,46620,22710,630501,231590,1085406,1040126,1068797,930064,632394,707325,850936,493798,4142372,3597895
08-09-2025,Pro,41968,21753,651990,251757,1194907,1294890,1203834,1162196,674626,723352,883890,531693,4581733,4055123
08-09-2025,TOTAL,354977,354977,6819008,6819008,4659170,4444017,4659170,4444017,2173013,1542008,2173013,1542008,19992193,19992193
08-09-2025,DII,75800,37703,191904,4232344,970,37539,0,0,1863,0,131015,0,308076,4401062
08-09-2025,FII,18193,209553,3415244,2047788,562423,697622,554786,411510,67833,98675,100291,70822,4859990,3394750
08-09-2025,Client,219016,85968,2559870,287119,2900870,2413966,2900550,2870311,1428691,719981,1057817,939493,10242394,8141258
09-09-2025,Pro,41807,22224,653016,262802,571950,674870,571570,588251,675020,741620,949613,557742,3358284,2952202
09-09-2025,TOTAL,356149,356149,6840453,6840453,2405793,2537561,2405793,2537561,2300978,1604128,2300978,1604128,16045061,16045061
09-09-2025,Client,218724,86354,2578885,294255,1553308,1358054,1535423,1759413,1553480,761471,1100416,974209,8023922,5750071
09-09-2025,FII,20018,209868,3414716,2047519,279565,467098,298800,189896,70465,101037,102451,72177,4352898,2920711
09-09-2025,DII,75600,37703,193836,4235877,970,37539,0,0,2013,0,148498,0,309958,4422078
10-09-2025,DII,78043,39503,196633,4249862,970,27445,0,0,2091,0,160693,0,305182,4450058
10-09-2025,Pro,44185,23216,660338,259538,768304,964454,727274,850094,700803,758488,972953,576885,3896572,3409960
10-09-2025,Client,212107,85476,2559161,282599,1974113,1950202,1963049,2332358,1589960,791247,1132276,1002195,9076790,6797953
10-09-2025,FII,23924,210064,3418777,2042910,332668,536331,385732,295980,76877,105513,103809,76168,4494090,3114663
10-09-2025,TOTAL,358259,358259,6834909,6834909,3076055,3478432,3076055,3478432,2369731,1655248,2369731,1655248,17772634,17772634
11-09-2025,TOTAL,353836,353836,6868656,6868656,3561531,4119280,3561531,4119280,2499454,1715042,2499454,1715042,19117799,19117799
11-09-2025,DII,78043,39503,196682,4248290,970,27445,0,0,2091,0,168575,0,305231,4456368
11-09-2025,Client,211045,84736,2583584,286304,2210104,2410003,2282471,2737740,1704130,814639,1178591,1030754,9933505,7600596
11-09-2025,Pro,39629,21678,682920,265407,971884,1092433,869995,1051229,718532,792442,1045435,604865,4297841,3858610
11-09-2025,FII,25119,207919,3405470,2068655,378573,589398,409064,330311,74701,107961,106853,79423,4581222,3202225
12-09-2025,Pro,36120,24619,693386,277602,1043494,1233522,907878,1241690,743865,816369,1106156,644511,4566756,4202456
12-09-2025,TOTAL,346229,346229,6887266,6887266,3758648,4718559,3758648,4718559,2603876,1785109,2603876,1785109,20099687,20099687
12-09-2025,DII,78054,39503,197858,4246237,970,27445,0,0,2211,0,170597,0,306538,4456337
12-09-2025,Client,205394,83097,2581066,295041,2257645,2778612,2393459,3074165,1780022,856971,1215735,1057197,10459710,8118694
12-09-2025,FII,26661,199010,3414956,2068386,456539,678980,457311,402704,77778,111769,111388,83401,4766683,3322200
15-09-2025,Pro,35372,25416,718456,279470,1173317,1333774,1155339,1232946,756135,844980,1184773,664975,4862034,4542919
15-09-2025,TOTAL,346760,346760,6920901,6920901,4453730,4808220,4453730,4808220,2743500,1834923,2743500,1834923,21108034,21108034
15-09-2025,FII,26579,197735,3400446,2078790,499486,717993,535925,430567,80433,113338,115542,85017,4838275,3443577
15-09-2025,DII,78054,41203,197094,4263774,970,27445,0,0,2261,0,190210,0,305824,4495187
15-09-2025,Client,206755,82406,2604905,298867,2779958,2729008,2762466,3144706,1904671,876605,1252975,1084931,11101901,8626351
16-09-2025,TOTAL,339434,339434,6953695,6953695,2327246,2885730,2327246,2885730,2776624,1888505,2776624,1888505,17171235,17171235
16-09-2025,Pro,33406,30817,727862,293073,602238,724840,548283,713544,804879,851602,1188914,693881,3744827,3468512
16-09-2025,FII,26430,185991,3423953,2092311,298333,490570,308570,229468,83072,114255,117096,88216,4436612,3021652
16-09-2025,DII,79769,40537,196521,4260175,970,27445,0,0,2261,0,193380,0,306966,4494092
16-09-2025,Client,199829,82089,2605359,308136,1425706,1642876,1470393,1942718,1886412,922648,1277234,1106408,8682829,6186978
17-09-2025,DII,81097,39971,205860,4255042,970,37845,0,0,2302,0,201046,0,328074,4496059
17-09-2025,Pro,30122,33406,746247,311916,809404,950549,696749,906781,844996,890072,1264794,733378,4271391,3947024
17-09-2025,FII,27064,177724,3430475,2101997,375596,547466,386440,304838,88221,122759,122735,95281,4591582,3189014
17-09-2025,TOTAL,333358,333358,6987221,6987221,2936172,3473966,2936172,3473966,2897820,1978035,2897820,1978035,18606572,18606572
17-09-2025,Client,195075,82257,2604639,318266,1750202,1938105,1852984,2262347,1962301,965204,1309245,1149376,9415526,6974475
18-09-2025,TOTAL,330312,330312,7021790,7021790,3539067,4061611,3539067,4061611,3004290,2018431,3004290,2018431,19975501,19975501
18-09-2025,DII,83380,39971,209067,4256764,963,41245,0,0,2302,0,210019,0,336957,4506754
18-09-2025,FII,27813,171472,3444136,2115165,431295,616493,419058,340222,95099,127524,126406,97491,4742360,3269814
18-09-2025,Pro,29876,38555,755762,326855,949095,1105542,812883,1008537,880521,914253,1319360,749604,4635049,4255794
18-09-2025,Client,189243,80314,2612825,323006,2157714,2298331,2307126,2712851,2026368,976654,1348505,1171336,10261135,7943139
22-09-2025,DII,83104,40546,211740,4262643,963,36595,0,0,2196,0,226140,0,334598,4529329
22-09-2025,Client,191282,83494,2642302,346142,3346119,2284800,3326349,2716171,2251048,967832,1402522,1211640,11683383,9086318
22-09-2025,FII,26056,170310,3481617,2170012,582366,667889,616549,381910,95203,127312,128144,98464,4980443,3565389
22-09-2025,Pro,27140,33232,835178,392040,1482043,1107789,1468593,998992,928316,999061,1519957,784101,5379527,5196915
22-09-2025,TOTAL,327582,327582,7170837,7170837,5411491,4097073,5411491,4097073,3276763,2094205,3276763,2094205,22377950,22377950
23-09-2025,DII,84184,38946,218333,4281903,963,36845,0,0,2256,0,226510,0,342581,4547359
23-09-2025,Client,192884,83282,2646984,349476,1774611,1551988,1803938,1900239,2289582,968557,1424698,1215115,9424606,6776749
23-09-2025,Pro,24122,36784,873947,431082,683097,697310,622279,653274,958917,1017613,1571937,801843,4255006,4117199
23-09-2025,TOTAL,328250,328250,7240551,7240551,2772394,2791772,2772394,2791772,3345441,2112694,3345441,2112694,18591102,18591102
23-09-2025,FII,27060,169238,3501287,2178090,313723,505629,346177,238258,94686,126524,122296,95736,4568909,3149795
24-09-2025,DII,82576,38946,221448,4280183,963,31495,0,0,2284,0,228383,0,338766,4547512
24-09-2025,TOTAL,335086,335086,7294848,7294848,3734845,3228625,3734845,3228625,3432280,2116965,3432280,2116965,20142649,20142649
24-09-2025,FII,29680,174979,3510851,2198150,387894,591874,446592,316811,91139,132671,120993,94086,4744109,3351611
24-09-2025,Pro,26548,38689,903578,469665,999122,880599,903926,713716,969250,1041491,1652091,803634,4820589,4581722
24-09-2025,Client,196282,82472,2658971,346850,2346866,1724656,2384327,2198098,2369607,942803,1430813,1219245,10239186,7661805
25-09-2025,DII,83432,37246,227078,4314499,963,25645,0,0,1986,0,229189,0,339104,4580934
25-09-2025,Pro,31920,46249,896854,437618,1301421,940960,1243190,774893,976612,1044986,1659478,805572,5192753,4967000
25-09-2025,Client,201678,85649,2655354,329466,3069240,1813250,3052700,2324581,2341963,899821,1408383,1191735,10981306,8392515
25-09-2025,FII,33574,181460,3495527,2193230,490236,661734,565970,342115,96253,139531,119764,87031,4916856,3489570
25-09-2025,TOTAL,350604,350604,7274813,7274813,4861861,3441589,4861861,3441589,3416814,2084338,3416814,2084338,21430019,21430019
26-09-2025,FII,33565,200527,3518668,2237967,625853,753826,682758,418024,89537,143871,118637,80633,5165320,3738546
26-09-2025,Client,215067,84788,2636357,324627,3573150,1928506,3586252,2379522,2329402,863185,1366152,1159656,11545667,8900997
26-09-2025,DII,83431,35046,238014,4320859,25063,25645,0,0,1913,0,228202,0,374066,4584107
26-09-2025,Pro,42964,54666,897658,407244,1513648,984084,1468704,894515,933026,1020426,1640887,787193,5391806,5253209
26-09-2025,TOTAL,375027,375027,7290697,7290697,5737713,3692061,5737713,3692061,3353878,2027482,3353878,2027482,22476858,22476858
29-09-2025,FII,39999,209583,3546355,2208091,673693,819160,699252,497231,74003,112209,117727,78250,5265418,3810134
29-09-2025,Client,212772,85657,2624151,321938,3487694,2219030,3546637,2714339,2096284,844681,1266924,1076676,11484612,9012172
29-09-2025,Pro,44079,49370,887814,404908,1542036,1167865,1470896,1020129,931585,998820,1503664,800784,5572199,5249751
29-09-2025,DII,83527,35767,246780,4370163,13363,25645,0,0,1913,0,215470,0,371228,4621400
29-09-2025,TOTAL,380377,380377,7305100,7305100,5716785,4231700,5716785,4231700,3103785,1955710,3103785,1955710,22693457,22693457
30-09-2025,TOTAL,322770,322770,6908292,6908292,2210447,2040347,2210447,2040347,1385542,1022204,1385542,1022204,13889601,13889601
30-09-2025,Pro,33705,33181,711953,193266,486304,548564,478264,454856,320345,516948,721413,344324,2617819,2225304
30-09-2025,Client,193487,68064,2561008,245271,1471677,1025223,1425886,1416084,1046131,459457,622628,657766,6756983,4435699
30-09-2025,DII,83610,33467,175255,4336439,9463,25645,0,0,214,0,694,0,294187,4370600
30-09-2025,FII,11968,188058,3460076,2133316,243003,440915,306297,169406,18852,45799,40807,20114,4220613,2857998
01-10-2025,Pro,33883,40829,731449,211677,704037,833149,609951,796113,454358,613507,824914,428503,3370383,2911987
01-10-2025,TOTAL,326493,326493,6961805,6961805,2907575,3423594,2907575,3423594,1684688,1200930,1684688,1200930,16505085,16505085
01-10-2025,DII,84836,33542,178832,4347017,10603,25645,0,0,239,0,35886,0,300155,4416445
01-10-2025,Client,193862,61300,2579771,251593,1835402,1989232,1925285,2333162,1194837,528532,766654,739762,8321636,6077756
01-10-2025,FII,13912,190822,3471753,2151518,357533,575568,372340,294319,35254,58891,57234,32665,4512911,3098898
03-10-2025,TOTAL,338470,338470,6990410,6990410,3829468,4482732,3829468,4482732,1929576,1344440,1929576,1344440,18915095,18915095
03-10-2025,DII,85045,33542,190191,4350929,10603,25645,0,0,269,50,64776,0,311803,4449247
03-10-2025,Client,203594,61671,2621031,259716,2382986,2551188,2592184,2957709,1354485,581776,879658,821528,9695060,7572466
03-10-2025,Pro,35091,39021,729416,221564,1000103,1191221,796849,1101080,529094,689082,910760,479520,4174006,3548794
03-10-2025,FII,14740,204236,3449772,2158201,435776,714678,440435,423943,45728,73532,74382,43392,4734226,3344589
06-10-2025,Client,193678,60053,2640472,261435,2367230,2998759,2463803,3293330,1461405,629756,976877,869937,10291299,7925436
06-10-2025,Pro,45930,30052,728846,235604,1034279,1303614,974833,1316056,605409,723875,975634,518066,4441953,4050245
06-10-2025,DII,85017,36942,202859,4357897,10603,25645,0,0,293,50,85025,0,324467,4479864
06-10-2025,FII,16306,213884,3447351,2164592,467977,749022,441453,467653,55835,85338,85406,51016,4821829,3424004
06-10-2025,TOTAL,340931,340931,7019528,7019528,3880089,5077040,3880089,5077040,2122942,1439019,2122942,1439019,19879548,19879548
07-10-2025,Pro,48696,28701,739523,243436,629649,622407,596964,583353,664283,770249,1068036,547225,3474807,3067715
07-10-2025,TOTAL,334683,334683,7039254,7039254,2442389,2558157,2442389,2558157,2319728,1516557,2319728,1516557,16210768,16210768
07-10-2025,DII,83629,37442,196212,4360121,10453,26845,0,0,293,50,118531,0,317482,4516094
07-10-2025,Client,186056,62708,2669232,263411,1522387,1435898,1542950,1759174,1591247,654274,1037638,910593,8059094,5576474
07-10-2025,FII,16302,205832,3434287,2172286,279900,473007,302475,215629,63905,91984,95523,58739,4359385,3050484
08-10-2025,Pro,40360,26765,749171,259297,1023062,819276,959281,718757,688080,823503,1197938,565179,4143452,3727217
08-10-2025,FII,16643,205319,3410946,2185399,355775,561138,399689,277310,71063,101582,104130,66237,4517147,3238084
08-10-2025,DII,81622,34186,200818,4338757,10453,28820,0,0,293,50,137357,0,322056,4510300
08-10-2025,TOTAL,329512,329512,7054865,7054865,3697065,3082684,3697065,3082684,2544274,1587008,2544274,1587008,18295407,18295407
08-10-2025,Client,190887,63242,2693930,271412,2307775,1673450,2338095,2086616,1784838,661873,1104849,955592,9312752,6819806
09-10-2025,DII,79031,34101,206242,4361961,11153,30920,0,0,293,50,155017,0,327689,4551079
09-10-2025,FII,16359,202169,3415024,2167903,372613,585061,393230,324721,76710,106260,105101,67221,4572027,3260345
09-10-2025,TOTAL,327511,327511,7060808,7060808,3676442,3901265,3676442,3901265,2624345,1661529,2624345,1661529,19251900,19251900
09-10-2025,Pro,39666,27373,756386,259134,1043477,986849,876300,974238,757232,835174,1201783,616005,4418784,3954833
09-10-2025,Client,192455,63868,2683156,271810,2249199,2298435,2406912,2602306,1790110,720045,1162444,978303,9933400,7485642
10-10-2025,Client,191878,65620,2663719,274381,2310910,2881227,2456521,3206449,1841704,751195,1205566,1004858,10640633,8213395
10-10-2025,DII,78791,34101,209493,4363652,11153,30920,0,0,622,50,174541,0,331029,4572294
10-10-2025,Pro,41219,30828,765977,273015,989413,1265831,867405,1251862,791885,852196,1232905,635140,4706521,4291154
10-10-2025,TOTAL,327973,327973,7071089,7071089,3778676,4883697,3778676,4883697,2720206,1711675,2720206,1711675,20493317,20493317
10-10-2025,FII,16085,197424,3431900,2160041,467200,705720,454751,425386,85995,108234,107194,71677,4815134,3416473
13-10-2025,Pro,39330,36667,778669,283480,1224421,1400334,1152023,1295157,774504,865277,1259967,635922,5082535,4663216
13-10-2025,Client,192610,57392,2664800,276283,2862090,2704895,2910126,3158124,1882339,749888,1212093,1016542,11056622,8630561
13-10-2025,DII,81859,34031,214517,4316856,11153,29320,0,0,14665,50,180409,0,351564,4531296
13-10-2025,TOTAL,329692,329692,7062970,7062970,4569563,4831399,4569563,4831399,2759835,1724820,2759835,1724820,21278279,21278279
13-10-2025,FII,15893,201602,3404984,2186351,471899,696850,507414,378118,88327,109605,107366,72356,4787559,3453207
14-10-2025,TOTAL,337018,337018,7102344,7102344,2931849,2711036,2931849,2711036,2977078,1759761,2977078,1759761,17819086,17819086
14-10-2025,DII,78678,34181,217671,4299694,11153,28520,0,0,31065,50,186418,0,367137,4520293
14-10-2025,Pro,44505,31087,816018,294650,696612,761578,730632,677704,797051,923003,1415715,641542,4038767,3791329
14-10-2025,Client,197580,61115,2691856,284920,1929369,1415287,1875338,1819089,2060023,721582,1262851,1047145,9015697,6350459
14-10-2025,FII,16255,210635,3376799,2223080,294716,505650,325879,214243,88939,115126,112094,71074,4397486,3157005
15-10-2025,Client,199029,69015,2697248,297293,1941400,2109695,2103096,2474154,2035526,808758,1318463,1067466,9791656,7329487
15-10-2025,FII,18420,207535,3389785,2220390,388724,603176,391091,344648,97848,120991,120139,74725,4618945,3358528
15-10-2025,TOTAL,346376,346376,7145825,7145825,3277556,3899818,3277556,3899818,3055625,1862768,3055625,1862768,19587968,19587968
15-10-2025,Pro,50242,34045,835012,308886,935780,1158426,783369,1081016,889784,932969,1413635,720577,4802213,4341528
15-10-2025,DII,78685,35781,223780,4319256,11653,28520,0,0,32467,50,203388,0,375155,4558425
16-10-2025,TOTAL,349934,349934,7162546,7162546,3452923,4653758,3452923,4653758,3092171,1939329,3092171,1939329,20650661,20650661
16-10-2025,Pro,44311,36577,842962,331263,890353,1158585,864827,1225267,921464,960344,1428254,762764,4818018,4648952
16-10-2025,FII,31061,193999,3400227,2219913,513127,717269,421816,429056,107041,124507,123816,80337,4893232,3468937
16-10-2025,Client,188687,79977,2691846,314401,2037054,2749384,2166280,2999435,2031199,854428,1329000,1096228,10552598,7985321
16-10-2025,DII,85875,39381,227511,4296969,12390,28520,0,0,32467,50,211101,0,386813,4547451
17-10-2025,FII,35421,177941,3420732,2249004,576956,789945,494668,509542,107719,134792,125546,85958,5065565,3642659
17-10-2025,TOTAL,338350,338350,7214213,7214213,4066571,4904377,4066571,4904377,3233084,1987835,3233084,1987835,21744430,21744430
17-10-2025,Client,176430,84974,2684994,322205,2458638,2769673,2508213,3218510,2133377,851596,1366163,1128126,11074709,8628191
17-10-2025,DII,81613,39545,232236,4267368,11190,44820,0,0,32467,50,223845,0,402376,4530758
17-10-2025,Pro,44886,35890,876251,375636,1019787,1299939,1063689,1176326,959521,1001397,1517530,773751,5201781,4942822
20-10-2025,TOTAL,354777,354777,7287013,7287013,2752479,3150141,2752479,3150141,3282801,2058025,3282801,2058025,18885236,18885236
20-10-2025,DII,79138,39702,234363,4277330,11190,48720,0,0,32467,2474,230987,0,408352,4548019
20-10-2025,FII,40857,178185,3480413,2264835,399981,580985,354254,320708,108566,141104,133065,91682,4751907,3342729
20-10-2025,Client,185407,95626,2676141,330541,1747238,1760612,1751276,2066762,2125194,895362,1368778,1126746,9389954,6739729
20-10-2025,Pro,49375,41264,896096,414307,594069,759824,646949,762671,1016574,1019085,1549971,839597,4335023,4254759
21-10-2025,TOTAL,356053,356053,7301348,7301348,3152920,3451439,3152920,3451439,3281149,2072556,3281149,2072556,19615466,19615466
21-10-2025,Pro,52745,40437,893180,429861,711233,874096,754342,836671,1045573,1024837,1542454,842111,4601664,4445876
21-10-2025,FII,41725,178754,3488325,2265552,427163,603637,387691,358611,107524,140963,133368,91884,4809338,3415860
21-10-2025,Client,182701,95873,2685652,337514,2003334,1924986,2010888,2256157,2095585,904282,1374340,1138561,9796540,7213333
21-10-2025,DII,78882,40989,234191,4268421,11190,48720,0,0,32467,2474,230987,0,407924,4540397
23-10-2025,DII,77510,45984,232030,4299020,12090,50420,0,0,32741,3014,237390,24,407805,4582418
23-10-2025,Pro,45822,40372,821858,419556,933598,1060824,1025125,961307,1093494,1027472,1539923,876947,4983068,4863230
23-10-2025,FII,51852,165363,3571637,2223218,593204,689573,520977,434889,112457,147930,125250,88538,5166654,3558235
23-10-2025,Client,178572,102037,2639104,322835,2605967,2277170,2598758,2681791,1981404,896430,1317533,1109337,10578647,8132291
23-10-2025,TOTAL,353756,353756,7264629,7264629,4144859,4077987,4144859,4077987,3220096,2074846,3220096,2074846,21136173,21136173
24-10-2025,DII,76394,39344,233055,4293879,12126,48820,0,0,32421,3184,232654,24,406000,4565901
24-10-2025,Pro,33838,44782,791567,414306,1459801,1068615,1419149,968352,1053195,1012850,1498138,839133,5419866,5183860
24-10-2025,TOTAL,339058,339058,7261048,7261048,5417169,4227898,5417169,4227898,3155287,2040088,3155287,2040088,22440548,22440548
24-10-2025,FII,52577,159124,3564140,2233313,727466,744535,674020,482235,104146,143007,116579,81073,5335871,3746344
24-10-2025,Client,176249,95808,2672286,319550,3217776,2365927,3324000,2777311,1965525,881047,1307916,1119858,11278811,8944443
27-10-2025,FII,56880,164512,3604193,2211101,637647,776267,587943,544343,97595,128951,112494,76340,5301533,3696733
27-10-2025,Pro,40317,44823,785831,422521,1357152,1408237,1225632,1320852,1073862,1011903,1398688,878818,5677302,5291334
27-10-2025,Client,172300,96758,2646793,327412,2813486,2947457,3006870,3322387,1753195,881176,1222714,1071735,11214406,9047877
27-10-2025,TOTAL,345417,345417,7280068,7280068,4820446,5187582,4820446,5187582,2956958,2026918,2956958,2026918,22617389,22617389
27-10-2025,DII,75920,39324,243251,4319034,12162,55620,0,0,32306,4888,223062,25,424147,4581445
28-10-2025,FII,29492,121658,3414298,2144120,270517,380878,284650,202558,26060,38563,36330,16621,4159808,2805937
28-10-2025,DII,73900,46948,157814,4213327,972,35957,0,0,0,6601,7795,25,275244,4268095
28-10-2025,Pro,17636,28067,660754,219394,529874,597457,550471,522797,369595,494145,668835,344758,2669461,2334322
28-10-2025,TOTAL,271829,271829,6840564,6840564,2271176,2240546,2271176,2240546,1360706,977961,1360706,977961,13962782,13962782
28-10-2025,Client,150801,75156,2607698,263723,1469814,1226253,1436054,1515191,965051,438652,647746,616557,6858269,4554427
29-10-2025,Client,152430,81929,2740987,297683,1695458,1842550,1783425,2070339,1185918,573616,852758,764672,8190959,5850807
29-10-2025,Pro,23958,31408,725168,245555,719122,790856,637275,752437,560462,634396,850671,475247,3453963,2992592
29-10-2025,FII,29916,128230,3676025,2207441,357309,454756,352202,307113,46295,59812,62920,36674,4624113,3094581
29-10-2025,DII,74542,39279,163339,4554840,1013,41727,0,0,0,8807,26326,38,289428,4620483
29-10-2025,TOTAL,280846,280846,7305519,7305519,2772902,3129889,2772902,3129889,1792675,1276631,1792675,1276631,16558463,16558463
30-10-2025,Client,163622,82278,2789664,301515,2705788,1779761,2649215,2180751,1398510,595393,947269,849241,9432738,7010268
30-10-2025,Pro,28331,36092,749880,258577,1013147,896749,1048415,759801,601668,723419,993311,507158,4013194,3603354
30-10-2025,FII,28410,138858,3650425,2241930,510212,542950,532779,320635,53885,75221,79981,46403,4861102,3360586
30-10-2025,TOTAL,294957,294957,7352879,7352879,4230409,3261187,4230409,3261187,2054063,1402840,2054063,1402840,18596335,18596335
30-10-2025,DII,74594,37729,162910,4550857,1263,41727,0,0,0,8807,33502,38,289301,4622126
31-10-2025,TOTAL,311673,311673,7436775,7436775,5382421,3566375,5382421,3566375,2324228,1548044,2324228,1548044,20569516,20569516
31-10-2025,Client,170939,86744,2816064,301306,3381816,1903497,3342468,2362449,1580039,631042,1054878,928602,10483397,8076447
31-10-2025,Pro,37957,42415,802029,268755,1326494,1023790,1377961,844948,680337,814225,1130923,565507,4684832,4230509
31-10-2025,DII,74823,35887,169528,4605700,1263,40027,0,0,0,10117,46630,38,295758,4688255
31-10-2025,FII,27954,146627,3649154,2261014,672848,599062,661992,358978,63852,92660,91797,53897,5105530,3574305
03-11-2025,DII,75160,35621,173485,4606278,1263,40027,0,0,255,11427,85865,393,301617,4728157
03-11-2025,FII,28322,153149,3645001,2275219,618499,630742,608823,411798,73144,103571,105505,61658,5099279,3616152
03-11-2025,Client,179540,86208,2832730,311855,3323142,2367559,3262502,2705328,1721386,687538,1138334,981170,11111895,8485398
03-11-2025,TOTAL,313144,313144,7466833,7466833,5151084,4112357,5151084,4112357,2538239,1650627,2538239,1650627,21232284,21232284
03-11-2025,Pro,30122,38166,815617,273481,1208181,1074028,1279758,995231,743454,848091,1208535,607406,4719493,4402577
04-11-2025,Client,187789,85044,2864664,306575,1840477,1291866,1774224,1720589,1934068,706128,1207449,1033636,8824992,6127517
04-11-2025,Pro,33161,38726,832855,291013,605110,768406,683805,621172,773996,902558,1354211,638612,3916085,3627539
04-11-2025,DII,74966,36928,179821,4576919,1263,38327,0,0,255,11427,114647,393,306059,4728887
04-11-2025,FII,29594,164812,3619752,2322585,353860,488825,342679,245663,78857,118364,110869,65836,4689251,3252444
04-11-2025,TOTAL,325510,325510,7497092,7497092,2800709,2587424,2800709,2587424,2787176,1738477,2787176,1738477,17736388,17736388
06-11-2025,Client,190648,90268,2891393,311650,2727006,1677581,2680574,2141664,2112713,731091,1294174,1069255,10330432,7587585
06-11-2025,Pro,35394,37139,854192,306818,959337,963224,986699,781520,818915,942359,1468843,675579,4573421,4256598
06-11-2025,DII,76147,36928,188929,4602829,1263,38327,0,0,0,11867,133561,419,316533,4773737
06-11-2025,TOTAL,329761,329761,7568051,7568051,4155366,3251482,4155366,3251482,3018050,1819185,3018050,1819185,20141896,20141896
06-11-2025,FII,27572,165426,3633537,2346754,467761,572350,488093,328298,86422,133868,121472,73932,4921510,3523976
07-11-2025,Client,197827,88732,2924316,313627,2786457,2266140,2801755,2668445,2210112,776637,1354935,1103251,11161489,8330745
07-11-2025,Pro,41354,37299,867149,313500,978694,1068297,976385,962586,867141,968954,1530848,712882,4791588,4533500
07-11-2025,DII,76535,37594,195863,4623296,1381,20927,0,0,0,12479,155716,419,307185,4817025
07-11-2025,TOTAL,343038,343038,7622135,7622135,4304706,4037650,4304706,4037650,3170076,1897833,3170076,1897833,21375438,21375438
07-11-2025,FII,27322,179413,3634807,2371712,538174,682286,526566,406619,92823,139763,128577,81281,5115176,3694168
10-11-2025,TOTAL,347814,347814,7659259,7659259,4634593,4566899,4634593,4566899,3323426,1974924,3323426,1974924,22506915,22506915
10-11-2025,DII,76406,37594,202121,4661672,1381,21977,0,0,0,12973,170390,419,314858,4870075
10-11-2025,Client,197246,89039,2944984,315849,2997400,2650964,2946117,3008041,2324709,827921,1421837,1135837,11943224,8916720
10-11-2025,FII,27579,184286,3629666,2367656,552056,727079,563100,475501,99655,140367,137706,87188,5176402,3815437
10-11-2025,Pro,46583,36895,882488,314082,1083756,1166879,1125376,1083358,899062,993663,1593493,751480,5072432,4904683
11-11-2025,Pro,44847,37142,898369,321813,579980,735400,603931,651791,939516,1011588,1623174,781851,4209699,4019702
11-11-2025,DII,76435,37594,201688,4677248,1381,16977,0,0,0,13200,179734,419,309681,4894995
11-11-2025,FII,27151,186981,3623407,2365265,339473,511315,337637,287066,102731,146612,142833,89007,4750690,3408789
11-11-2025,TOTAL,348730,348730,7675730,7675730,2561385,2724729,2561385,2724729,3410878,2027310,3410878,2027310,18748762,18748762
11-11-2025,Client,200297,87013,2952266,311404,1640551,1461037,1619817,1785872,2368631,855910,1465137,1156033,9478692,6425276
12-11-2025,Pro,44004,35497,885762,331534,666973,855425,668178,840364,974949,1017554,1630972,823385,4444667,4329930
12-11-2025,FII,25567,187807,3650380,2339303,396411,535568,381184,357460,106697,139604,144789,95235,4854227,3505779
12-11-2025,Client,191487,87676,2934950,322474,1848418,2040248,1864821,2252093,2379383,935248,1502633,1186640,10329734,7216337
12-11-2025,DII,87516,37594,203264,4681045,2381,18677,0,0,1697,13273,184332,419,326808,4903390
12-11-2025,TOTAL,348574,348574,7674356,7674356,2914183,3449917,2914183,3449917,3462726,2105679,3462726,2105679,19955435,19955435
13-11-2025,DII,87514,37594,207957,4661903,2381,39127,0,0,1697,13273,191258,419,351949,4891174
13-11-2025,Client,182923,86004,2918992,332776,2148790,2018049,2099259,2279910,2450335,951843,1522109,1208401,10670932,7528460
13-11-2025,Pro,48432,35324,877252,333857,744600,950395,811678,947547,985873,1046193,1682527,844657,4652744,4655590
13-11-2025,FII,24542,184489,3642001,2317666,448538,615249,433371,395362,110601,146407,152612,104239,4987338,3587739
13-11-2025,TOTAL,343411,343411,7646202,7646202,3344308,3622820,3344308,3622820,3548506,2157716,3548506,2157716,20662963,20662963
14-11-2025,FII,24415,194034,3637417,2320732,573126,701210,552924,434520,112276,150914,160030,109146,5199358,3771386
14-11-2025,Pro,48971,39406,895576,359653,1066791,1101323,1047449,968231,1009839,1073019,1754871,858423,5195519,5028033
14-11-2025,DII,91529,37524,208766,4674539,2381,24427,0,0,1697,13273,197044,439,342073,4909546
14-11-2025,TOTAL,356957,356957,7688531,7688531,4417306,4092277,4417306,4092277,3675529,2210376,3675529,2210376,22440976,22440976
14-11-2025,Client,192042,85993,2946772,333607,2775008,2265318,2816933,2689526,2551717,973170,1563584,1242368,11704027,8732011
17-11-2025,FII,26702,195987,3644935,2347324,563586,766693,532151,535731,115765,154233,164242,114027,5271914,3889462
17-11-2025,DII,91204,37524,210192,4677748,2381,24427,0,0,1697,13273,206618,84,343174,4921974
17-11-2025,TOTAL,358262,358262,7746307,7746307,4337861,4938060,4337861,4938060,3773755,2290417,3773755,2290417,23444662,23444662
17-11-2025,Client,193086,87158,2977915,339055,2767801,2941862,2806773,3226034,2606285,1029964,1603801,1273929,12516913,9336750
17-11-2025,Pro,47270,37593,913265,382180,1004093,1205078,998937,1176295,1050008,1092947,1799094,902377,5312661,5296476
18-11-2025,Pro,43567,34921,923624,412763,612105,779528,627832,677406,1072987,1130002,1876867,894464,4561813,4524253
18-11-2025,Client,193833,87462,3033851,343385,1821691,1596727,1794533,1950113,2695997,1010026,1628357,1299958,10352125,7103809
18-11-2025,TOTAL,355822,355822,7797102,7797102,2793319,2934111,2793319,2934111,3885425,2313604,3885425,2313604,20079383,20079383
18-11-2025,FII,27126,195915,3627794,2366650,357142,537393,370954,306592,114744,160303,163772,119048,4824502,3522930
18-11-2025,DII,91296,37524,211833,4674304,2381,20463,0,0,1697,13273,216429,134,340943,4928391
19-11-2025,DII,91351,37799,215830,4664748,2381,20463,0,0,1697,13413,229286,298,345135,4932131
19-11-2025,FII,27153,194724,3646707,2372693,443524,602099,420996,445281,115320,157246,159229,116635,4992049,3709557
19-11-2025,Pro,43874,30190,933291,448615,711319,970644,623310,899675,1151503,1147516,1860106,929220,4958147,4791116
19-11-2025,TOTAL,349386,349386,7825988,7825988,3036965,3866260,3036965,3866260,3869343,2341179,3869343,2341179,21289120,21289120
19-11-2025,Client,187008,86673,3030160,339932,1879741,2273053,1992659,2521304,2600823,1023004,1620722,1295026,10993789,7856316
20-11-2025,DII,103487,37799,221459,4648909,2381,20627,0,0,1936,13731,229197,298,363621,4916203
20-11-2025,Client,170997,90618,3023300,317350,2011004,2767908,2116555,2991279,2427029,1001534,1555149,1264186,11401772,8335137
20-11-2025,Pro,48781,29283,864959,424799,741485,1106300,694845,1090935,1147940,1120586,1756094,916314,5030051,4912270
20-11-2025,TOTAL,350444,350444,7709742,7709742,3269389,4578127,3269389,4578127,3688182,2286453,3688182,2286453,21882336,21882336
20-11-2025,FII,27179,192744,3600024,2318684,514519,683292,457989,495912,111277,150602,147742,105655,5086892,3718726
21-11-2025,TOTAL,362116,362116,7733354,7733354,4098592,4140245,4098592,4140245,3645288,2200448,3645288,2200448,22180043,22180043
21-11-2025,Client,170477,94233,3048746,319069,2616443,2278261,2648023,2848611,2404744,916551,1526642,1235599,11435222,8672177
21-11-2025,Pro,68372,34666,848531,421134,894792,1132673,909241,865419,1135668,1123316,1760889,870545,5203352,4861894
21-11-2025,DII,97696,37799,232387,4653984,2381,20811,0,0,1936,13731,218850,374,368942,4911007
21-11-2025,FII,25571,195418,3603690,2339167,584976,708500,541328,426215,102940,146850,138907,93930,5172527,3734965
24-11-2025,FII,32966,194663,3648854,2299690,719953,745652,714873,456635,72229,101964,130105,80814,5321618,3876779
24-11-2025,Pro,78119,35892,843656,438569,1180491,1194479,1279923,868095,1105369,1091004,1599742,844284,5493118,5066505
24-11-2025,TOTAL,364605,364605,7761636,7761636,5151950,4113850,5151950,4113850,3369790,2063255,3369790,2063255,22825086,22825086
24-11-2025,DII,79827,37719,243905,4706040,2381,21019,0,0,1936,14342,203595,454,363410,4947808
24-11-2025,Client,173693,96331,3025221,317337,3249125,2152700,3157154,2789121,2190256,855945,1436348,1137703,11646940,8933994
25-11-2025,TOTAL,258202,258202,7244507,7244507,2225282,2155462,2225282,2155462,1419372,1042960,1419372,1042960,14345785,14345785
25-11-2025,DII,78096,35595,155734,4593285,1950,23384,0,0,239,10341,13532,394,269744,4642806
25-11-2025,Pro,15551,23451,683815,201521,473262,602470,423038,438114,413810,570030,713881,351478,2758938,2151483
25-11-2025,FII,20420,115109,3535070,2205449,289447,493176,341259,234926,15948,31437,34343,14713,4385498,2945799
25-11-2025,Client,144135,84047,2869888,244252,1460624,1036432,1460985,1482422,989375,431152,657616,676375,6931605,4605697
26-11-2025,DII,78319,35595,160728,4619187,1950,26994,0,0,325,13396,17346,430,281712,4672558
26-11-2025,Client,145844,88576,2883375,255672,1587783,2211919,1786297,2379931,1076708,530467,833756,791133,8436096,6135365
26-11-2025,TOTAL,266962,266962,7277515,7277515,2664144,3780532,2664144,3780532,1680187,1263107,1680187,1263107,16932447,16932447
26-11-2025,FII,23762,114509,3550169,2187178,398437,573151,376969,422100,29849,45118,54639,30427,4620485,3185822
26-11-2025,Pro,19037,28282,683243,215478,675975,968468,500877,978501,573305,674126,774446,441117,3594153,2938701
27-11-2025,DII,78547,35595,169469,4621901,1950,27294,0,0,325,13696,30386,454,291281,4688336
27-11-2025,Pro,16201,29055,697032,241170,798391,939158,638546,887852,636065,764720,879139,469351,3851567,3145112
27-11-2025,TOTAL,268990,268990,7347296,7347296,3339359,3885138,3339359,3885138,1918725,1394554,1918725,1394554,18154062,18154062
27-11-2025,FII,25762,113025,3550551,2221384,449150,576487,426769,379691,38560,54498,71103,42950,4695007,3254922
27-11-2025,Client,148480,91315,2930244,262841,2089868,2342200,2274044,2617596,1243775,561640,938097,881799,9316207,7065691
28-11-2025,FII,26170,113766,3552919,2226111,490310,685279,494561,434275,45031,62057,82335,50592,4861766,3401640
28-11-2025,DII,78657,35595,170853,4648267,1950,27294,0,0,325,14192,35118,462,293271,4719442
28-11-2025,TOTAL,268366,268366,7393059,7393059,3743258,4297815,3743258,4297815,2111032,1496100,2111032,1496100,19309630,19309630
28-11-2025,Client,147276,91569,2960250,267300,2410973,2531578,2481632,2864045,1366487,598139,1043688,944246,10014704,7692480
28-11-2025,Pro,16263,27436,709037,251381,840026,1053663,767065,999495,699189,821712,949891,500800,4139890,3496068
01-12-2025,Client,149586,91538,2958563,273867,3089651,2439806,3050126,2871584,1496501,637680,1099623,997846,10771787,8384584
01-12-2025,DII,77545,35595,178772,4608153,1950,27294,0,0,325,14696,52474,462,300582,4696684
01-12-2025,FII,26360,113530,3560171,2240368,550277,712115,562864,446954,54512,72135,94874,62465,4975570,3521055
01-12-2025,Pro,20292,33120,718649,293767,1091480,1125497,1120366,986175,726235,869980,1030602,533718,4552132,3997748
01-12-2025,TOTAL,273783,273783,7416155,7416155,4733357,4304712,4733357,4304712,2277573,1594491,2277573,1594491,20600071,20600071
02-12-2025,Pro,24960,35332,728608,263487,594915,782549,589224,619063,747631,902708,1092560,553130,3781371,3152796
02-12-2025,DII,75174,40343,178154,4681914,2950,27294,0,0,475,14696,69826,612,298743,4792695
02-12-2025,TOTAL,281166,281166,7436104,7436104,2743714,2609169,2743714,2609169,2409418,1653653,2409418,1653653,17133224,17133224
02-12-2025,Client,157724,82324,2951274,284381,1776948,1249298,1759058,1705374,1601127,656590,1144732,1031725,8392961,6007594
02-12-2025,FII,23308,123167,3578068,2206322,368902,550028,395432,284732,60185,79659,102300,68186,4660150,3180139
03-12-2025,DII,70205,44602,184628,4694262,2950,26224,0,0,475,15046,108562,672,299528,4848098
03-12-2025,FII,22201,135670,3559664,2225315,479820,632883,490779,341811,66913,89565,113106,73469,4851046,3380150
03-12-2025,Client,170574,77994,2958889,284249,2264281,1585464,2265276,2077839,1797042,658917,1202721,1070749,9435167,6978828
03-12-2025,TOTAL,291239,291239,7461662,7461662,3552751,3100452,3552751,3100452,2638249,1712942,2638249,1712942,18757295,18757295
03-12-2025,Pro,28259,32973,758481,257836,805700,855881,796696,680801,773819,949414,1213860,568052,4171554,3550219
04-12-2025,DII,70419,44423,177798,4694282,2950,26224,0,0,475,15410,123652,652,293276,4863009
04-12-2025,Pro,35940,30662,770636,258978,808631,922335,763484,741486,800480,959216,1235022,597599,4297238,3627231
04-12-2025,TOTAL,293552,293552,7459050,7459050,3740540,3475545,3740540,3475545,2711871,1758235,2711871,1758235,19438793,19438793
04-12-2025,Client,166767,75511,2941743,290089,2436953,1858142,2447889,2356013,1841240,692495,1236073,1082209,9937339,7487784
04-12-2025,FII,20426,142956,3568873,2215701,492007,668844,529167,378045,69676,91114,117124,77775,4910940,3460768
05-12-2025,TOTAL,285031,285031,7515136,7515136,3716647,4450319,3716647,4450319,2849277,1844355,2849277,1844355,20660766,20660766
05-12-2025,FII,22996,144298,3607359,2235486,537053,756389,522684,498217,76808,91544,132826,92332,5092149,3625843
05-12-2025,Client,162541,76461,2949239,296206,2277858,2561829,2398995,2939540,1899483,752960,1306393,1114584,10603910,8132179
05-12-2025,DII,70563,35595,183021,4717312,2950,28324,0,0,475,16383,145108,612,301716,4898627
05-12-2025,Pro,28931,28677,775517,266132,898787,1103778,794969,1012562,872511,983468,1264950,636827,4662991,4004117
08-12-2025,Pro,49642,34870,811703,277387,1368597,1051341,1552820,889812,864360,1038142,1429991,663182,5183785,4848063
08-12-2025,Client,170834,82312,2937790,302202,3853738,2109552,3558270,2627965,2154743,745120,1350997,1145539,11971777,9067285
08-12-2025,TOTAL,313351,313351,7560673,7560673,5891982,3925851,5891982,3925851,3105104,1903807,3105104,1903807,22700768,22700768
08-12-2025,FII,22045,160574,3614111,2260313,666672,739535,780842,408074,85526,104104,137711,94404,5231993,3841918
08-12-2025,DII,70830,35595,197069,4720771,2975,25424,50,0,475,16441,186405,682,313214,4943503
09-12-2025,Client,177491,85409,2933805,300458,2022569,1291393,1859791,1732972,2227224,745181,1381523,1155620,9397663,6515774
09-12-2025,FII,19606,162104,3624204,2249295,422696,608159,465596,293969,90434,107479,140986,98978,4872577,3410928
09-12-2025,DII,69656,33845,200066,4753169,2950,25514,0,0,475,16681,217144,682,315342,5004840
09-12-2025,Pro,54972,40367,821862,277015,602574,727804,725400,625928,887872,1062759,1466352,676820,4157842,3811882
09-12-2025,TOTAL,321725,321725,7579937,7579937,3050788,2652869,3050788,2652869,3206005,1932100,3206005,1932100,18743424,18743424
10-12-2025,Pro,61177,42358,842309,291143,846567,862225,1067702,699881,906612,1094597,1582916,709808,4613486,4393808
10-12-2025,TOTAL,332089,332089,7600598,7600598,4089517,3029444,4089517,3029444,3405389,1998346,3405389,1998346,20455383,20455383
10-12-2025,DII,69270,34210,197272,4736616,2950,24714,0,0,475,16816,233764,722,311497,5005312
10-12-2025,Client,181516,87056,2941415,311543,2713569,1492388,2461636,1993895,2406836,776224,1435979,1183790,10511948,7473900
10-12-2025,FII,20126,168465,3619602,2261296,526432,650118,560179,335668,91466,110709,152730,104026,5018453,3582364
11-12-2025,DII,69574,34210,201654,4759713,2950,24154,0,0,475,17083,250224,842,315890,5044989
11-12-2025,Client,180958,84891,2933095,311065,2575784,2120023,2524671,2478077,2362050,831825,1460099,1190807,11003735,8049611
11-12-2025,FII,21817,168801,3641360,2240012,527492,666359,560986,401442,93421,111935,151613,107128,5062384,3629982
11-12-2025,TOTAL,322846,322846,7602993,7602993,3961605,3680628,3961605,3680628,3398625,2045186,3398625,2045186,21011883,21011883
11-12-2025,Pro,50497,34944,826884,292203,855380,870093,875948,801109,942679,1084343,1536689,746409,4629875,4287302
12-12-2025,Client,181060,81784,2955084,321831,2489299,2605879,2481809,2939048,2363695,890435,1484738,1209810,11485452,8519020
12-12-2025,Pro,45887,37884,818871,306200,908241,1062157,934805,1001625,982311,1088485,1537898,788992,4905952,4607404
12-12-2025,FII,19016,169432,3663171,2253979,561157,729096,545033,480612,97832,116141,153005,112554,5186412,3714615
12-12-2025,TOTAL,323310,323310,7644086,7644086,3961647,4421286,3961647,4421286,3444313,2112144,3444313,2112144,21906785,21906785
12-12-2025,DII,77347,34210,206960,4762076,2950,24154,0,0,475,17083,268672,788,328969,5065746
15-12-2025,DII,77399,34310,216404,4761125,2950,24154,0,0,475,17083,271624,833,338465,5067892
15-12-2025,FII,19976,167901,3650541,2274698,598241,763103,603860,527370,100426,120619,162286,118819,5252906,3854934
15-12-2025,Pro,39344,35385,821261,309655,1001683,1227467,1038328,1263658,976592,1096075,1597273,800804,5162422,5045103
15-12-2025,TOTAL,318153,318153,7668956,7668956,4388198,5050082,4388198,5050082,3544591,2149769,3544591,2149769,23119750,23119750
15-12-2025,Client,181434,80557,2980750,323478,2785325,3035358,2746010,3259055,2467098,915992,1513408,1229313,12365957,9151821
16-12-2025,TOTAL,328071,328071,7691818,7691818,3047626,2670613,3047626,2670613,3700394,2179146,3700394,2179146,19617668,19617668
16-12-2025,FII,17353,174198,3615421,2285804,417734,588565,445117,297351,106966,123957,174077,127217,4869996,3503765
16-12-2025,Pro,48079,38951,860696,313109,610942,688401,741652,602897,962179,1142257,1711734,800785,4312554,4209128
16-12-2025,Client,185127,81585,2995240,340347,2016000,1369341,1860856,1770365,2630774,895536,1541665,1250311,10092019,6845129
16-12-2025,DII,77512,33337,220461,4752558,2950,24306,0,0,475,17396,272918,833,343100,5059646
17-12-2025,Client,187955,80555,3001628,353091,2648148,1641941,2485821,2071966,2721382,906961,1564379,1260810,11108015,7816623
17-12-2025,Pro,50708,38714,891565,333003,900804,821522,1021951,697678,967043,1154989,1777796,820361,4786631,4689503
17-12-2025,FII,16062,180712,3626053,2308334,508459,645027,555516,359801,113359,134950,182002,132356,5043909,3718721
17-12-2025,DII,78593,33337,222592,4747410,5877,20956,0,0,475,17460,278082,833,345953,5059662
17-12-2025,TOTAL,333318,333318,7741838,7741838,4063288,3129445,4063288,3129445,3802259,2214360,3802259,2214360,21284508,21284508
18-12-2025,TOTAL,328333,328333,7791926,7791926,4217547,3469569,4217547,3469569,3796220,2251745,3796220,2251745,21855340,21855340
18-12-2025,DII,78344,33257,229052,4752763,5877,20156,0,0,475,17460,287013,833,351364,5073866
18-12-2025,Pro,46791,32070,903311,357927,932038,888349,982905,764465,1008248,1158016,1758377,843547,4936753,4739292
18-12-2025,Client,187049,81375,2988065,358522,2735715,1904307,2649256,2319578,2671999,937076,1563945,1268218,11424211,8240895
18-12-2025,FII,16149,181631,3671498,2322714,543918,656757,585386,385525,115498,139193,186885,139147,5143013,3801288
19-12-2025,Pro,45247,28404,915252,399045,950120,1111625,895382,984276,1069102,1165726,1702177,903854,5257072,4913138
19-12-2025,FII,17001,175786,3724896,2308060,573262,715180,556577,492071,117147,137772,192076,144913,5285258,3869482
19-12-2025,TOTAL,316689,316689,7842069,7842069,4039987,4346967,4039987,4346967,3740353,2323246,3740353,2323246,22609312,22609312
19-12-2025,Client,176141,79242,2969369,345278,2510729,2499506,2588029,2870620,2553629,1002288,1558955,1273646,11711662,8715770
19-12-2025,DII,78300,33257,232552,4789686,5877,20656,0,0,475,17460,287145,833,355320,5110921
22-12-2025,Pro,41891,30063,936181,436933,944409,1197662,912093,1224604,1120817,1182847,1719632,988397,5423808,5311721
22-12-2025,FII,21336,166037,3736025,2306484,566281,814734,508124,614038,118048,149226,193090,155568,5405650,3943341
22-12-2025,DII,77950,33257,235861,4788760,5877,22274,0,0,475,18132,296448,1125,360569,5119590
22-12-2025,TOTAL,310766,310766,7879314,7879314,3956156,5204351,3956156,5204351,3761821,2431854,3761821,2431854,23544262,23544262
22-12-2025,Client,169589,81409,2971247,347137,2439589,3169681,2535939,3365710,2522481,1081649,1552651,1286764,12354236,9169610
23-12-2025,DII,77185,34057,234647,4792558,5877,22113,0,0,475,18562,297273,1183,358859,5125071
23-12-2025,TOTAL,305170,305170,7910926,7910926,2822876,3005574,2822876,3005574,3751910,2443270,3751910,2443270,20239725,20239725
23-12-2025,Pro,39935,31372,947830,474709,651407,697376,679831,658921,1144366,1198380,1727319,1004204,4679294,4576356
23-12-2025,Client,165119,83052,2969134,343199,1737993,1712999,1736838,1977697,2489226,1067154,1537800,1290738,10141625,6969323
23-12-2025,FII,22931,156689,3759315,2300460,427599,573085,406207,368956,117843,159174,189518,147145,5059947,3568975
24-12-2025,FII,21361,150412,3764653,2295404,515923,648076,518345,425259,121626,148205,177311,135480,5219844,3702211
24-12-2025,Pro,46089,32623,890142,449658,848469,898445,901911,752587,1162386,1204435,1745689,978011,5049966,4860480
24-12-2025,Client,165416,83374,2973863,338681,2366721,1957251,2316704,2347954,2451581,1026596,1514357,1283381,10941428,7884451
24-12-2025,DII,67560,34017,240507,4785422,5847,22029,0,0,486,18802,298722,1166,355231,5119327
24-12-2025,TOTAL,300426,300426,7869165,7869165,3736960,3525801,3736960,3525801,3736079,2398038,3736079,2398038,21566469,21566469
26-12-2025,Pro,40680,36851,883687,442590,1076429,1006984,1196451,789053,1127994,1176233,1724496,941524,5312007,5130965
26-12-2025,FII,19756,158909,3769173,2281161,645748,703783,659701,428888,109834,141804,167532,125101,5390098,3821292
26-12-2025,DII,70999,34382,243129,4803478,6847,21990,0,0,450,19025,281932,1092,362440,5120884
26-12-2025,TOTAL,306287,306287,7872066,7872066,4796218,3651272,4796218,3651272,3665883,2324237,3665883,2324237,22615963,22615963
26-12-2025,Client,174852,76145,2976077,344837,3067194,1918515,2940065,2433331,2427605,987175,1491923,1256520,11551418,8542821
29-12-2025,Pro,44675,38012,885529,447209,1274496,1034217,1411992,853148,1111649,1164484,1655489,912217,5515050,5318067
29-12-2025,TOTAL,330975,330975,7884747,7884747,5523253,3831201,5523253,3831201,3512883,2215161,3512883,2215161,23298220,23298220
29-12-2025,Client,181030,73102,2977337,334771,3543004,2050015,3393394,2531102,2310549,909428,1413969,1191284,11971363,8937622
29-12-2025,FII,29097,184037,3771181,2291754,698906,720964,717867,446951,90235,118330,164255,110568,5428713,3915432
29-12-2025,DII,76173,35824,250700,4811013,6847,26005,0,0,450,22919,279170,1092,383094,5127099
30-12-2025,DII,70397,36822,142138,4744409,0,17495,0,0,0,17118,24761,194,247148,4806186
30-12-2025,Pro,26070,33796,685349,226373,575176,646516,507641,499136,397563,546652,730645,386384,2877326,2383975
30-12-2025,TOTAL,291882,291882,7434088,7434088,2344663,2178732,2344663,2178732,1456076,1064509,1456076,1064509,14769950,14769950
30-12-2025,Client,179953,61740,2858937,276509,1508410,1073612,1544828,1473551,1036318,454259,659642,662931,7111489,4679201
30-12-2025,FII,15462,159524,3747664,2186797,261076,441109,292194,206045,22195,46480,41028,15000,4533986,2900588
31-12-2025,Pro,30370,38314,687033,240680,795765,951105,600325,927067,550204,639224,832357,490341,3653701,3129084
31-12-2025,FII,15701,161587,3789837,2186335,355544,585571,342596,346330,43283,65451,65474,39398,4855387,3141721
31-12-2025,TOTAL,299170,299170,7478567,7478567,2899432,3622985,2899432,3622985,1768289,1282733,1768289,1282733,17351176,17351176
31-12-2025,DII,74516,36532,145107,4767701,0,21747,0,0,0,21770,70592,296,263140,4875121
31-12-2025,Client,178583,62737,2856590,283851,1748124,2064562,1956511,2349588,1174802,556288,799866,752698,8578949,6205251
01-01-2026,FII,16725,160651,3791169,2199975,400224,590943,386868,369634,51849,73953,78853,48965,4924863,3244946
01-01-2026,Client,180631,63887,2907292,296533,2318315,2438308,2427889,2726287,1343492,629277,911168,850195,9817315,7275959
01-01-2026,TOTAL,302185,302185,7541799,7541799,3616199,4093155,3616199,4093155,2030910,1439855,2030910,1439855,19024103,19024103
01-01-2026,DII,75176,36532,151614,4781311,0,21797,0,0,0,21820,110850,336,270407,4929029
01-01-2026,Pro,29653,41115,691724,263980,897660,1042107,801441,997235,635569,714805,930039,540359,4011518,3574169
02-01-2026,Client,175995,71886,2917198,307871,2342574,3464225,2676515,3634593,1459477,717582,1039324,923033,11077051,8653222
02-01-2026,DII,79879,38390,175024,4782243,0,23397,0,0,0,22000,160350,336,300300,4981319
02-01-2026,FII,19263,149509,3797976,2205577,455502,665567,387192,509318,69590,81809,90829,57760,5089707,3400184
02-01-2026,TOTAL,304374,304374,7585915,7585915,3766693,5381385,3766693,5381385,2326359,1604881,2326359,1604881,20969606,20969606
02-01-2026,Pro,29237,44589,695717,290224,968617,1228195,702987,1237473,797292,783490,1035856,623752,4502548,3934881
05-01-2026,FII,19111,147134,3783346,2237646,558198,689832,560251,478627,80602,96644,106684,72441,5227733,3602783
05-01-2026,TOTAL,305249,305249,7604590,7604590,4817367,4870342,4817367,4870342,2618385,1740577,2618385,1740577,21956510,21956510
05-01-2026,Pro,31204,47407,705120,310138,1128865,1175889,1130683,1090404,859558,870494,1197588,683022,4771130,4459242
05-01-2026,Client,175238,72318,2934136,315014,3130304,2981224,3126433,3301311,1678225,751439,1098917,984778,11650566,8898771
05-01-2026,DII,79696,38390,181988,4741792,0,23397,0,0,0,22000,215196,336,307081,4995714
06-01-2026,Client,180406,74219,2960358,323367,1807621,1506469,1915433,1835217,1891698,794539,1177455,1053352,9141092,6379043
06-01-2026,DII,79746,38390,192316,4748743,0,22412,0,0,0,22000,260889,486,316474,5048508
06-01-2026,Pro,31665,51320,734139,329153,763546,772068,690138,684408,927520,955244,1347214,745605,4184182,3847838
06-01-2026,FII,21830,149718,3797157,2282707,400769,547400,366366,328724,91560,111985,125220,84325,4970701,3337060
06-01-2026,TOTAL,313647,313647,7683970,7683970,2971936,2848349,2971936,2848349,2910778,1883768,2910778,1883768,18612448,18612448
07-01-2026,Client,181912,72087,2969968,326580,2432396,1832815,2487507,2233984,2066331,830181,1252891,1101581,10313602,7474629
07-01-2026,FII,17287,153559,3793690,2303027,476395,613246,456944,389906,101535,124408,140598,95576,5126561,3539610
07-01-2026,TOTAL,309494,309494,7717701,7717701,3766468,3446499,3766468,3446499,3171274,1988961,3171274,1988961,20400397,20400397
07-01-2026,Pro,30183,45458,761978,331085,857677,978026,822017,822609,1003408,1011849,1469411,791258,4643121,4281839
07-01-2026,DII,80112,38390,192065,4757009,0,22412,0,0,0,22523,308374,546,317112,5104319
08-01-2026,FII,17618,184965,3780276,2345501,595306,708632,677443,453251,113211,145578,156751,104422,5360622,3922333
08-01-2026,Pro,53374,43862,804730,340868,1177022,1100441,1286896,919428,1018149,1089771,1606937,810097,5243487,5008088
08-01-2026,DII,76328,38759,207507,4747809,0,21132,0,0,0,23080,338118,696,328047,5125382
08-01-2026,TOTAL,342182,342182,7750935,7750935,5356876,3728862,5356876,3728862,3401725,2048420,3401725,2048420,22629000,22629000
08-01-2026,Client,194862,74596,2958422,316757,3584548,1898656,3392537,2356183,2270365,789991,1299919,1133205,11696844,8573197
09-01-2026,FII,16500,202563,3797317,2351665,777766,784362,806813,498941,123286,153773,166413,110681,5653004,4137076
09-01-2026,TOTAL,358122,358122,7780843,7780843,6223683,4034348,6223683,4034348,3586845,2072008,3586845,2072008,24055849,24055849
09-01-2026,Pro,62126,42454,843055,342072,1562426,1215947,1679106,1017580,1049167,1133329,1717410,816336,5866049,5614958
09-01-2026,Client,202665,74420,2932663,315433,3876389,2011146,3737764,2517827,2414392,761074,1341326,1144152,12198328,9130922
09-01-2026,DII,76831,38685,207808,4771673,7103,22893,0,0,0,23832,361696,839,338467,5172893
12-01-2026,Client,206509,73546,2948118,313237,3694690,2828751,3653020,3309960,2499107,789470,1389177,1150745,12966646,9889686
12-01-2026,TOTAL,361455,361455,7832191,7832191,5751237,5176523,5751237,5176523,3705001,2114701,3705001,2114701,24941109,24941109
12-01-2026,Pro,60578,38408,862171,348887,1373759,1431947,1411998,1245322,1060883,1140560,1763835,843453,5929898,5651903
12-01-2026,DII,76549,38273,216040,4819092,2103,28546,0,0,0,23832,375854,1199,347070,5234418
12-01-2026,FII,17819,211228,3805862,2350975,680685,887279,686219,621241,145011,160839,176135,119304,5697495,4165102
13-01-2026,TOTAL,364605,364605,7867310,7867310,3334287,2891842,3334287,2891842,3890468,2164213,3890468,2164213,20512725,20512725
13-01-2026,FII,17546,215201,3803240,2383988,432612,615309,465595,333553,159138,175132,191133,133775,5202977,3723244
13-01-2026,Client,210598,73203,2950161,316792,2183341,1471800,2066908,1895841,2653070,807494,1438308,1175458,10276464,6966510
13-01-2026,DII,76219,37482,230448,4808646,2103,27826,0,0,0,23832,392442,899,360428,5239469
13-01-2026,Pro,60242,38719,883461,357884,716231,776907,801784,662448,1078260,1157755,1868585,854081,4672856,4583501
14-01-2026,TOTAL,365598,365598,7937473,7937473,4333550,3587432,4333550,3587432,4046849,2267106,4046849,2267106,22538007,22538007
14-01-2026,DII,77915,36846,239850,4833812,12758,27126,0,0,205,23832,402308,558,381686,5273524
14-01-2026,Client,210834,72967,2970059,324944,2715647,1824317,2629538,2255397,2705763,846044,1496293,1212355,11272664,7991493
14-01-2026,Pro,58998,38800,905591,381632,1041425,1010040,1087180,877034,1160271,1203267,1941970,904848,5379592,5231464
14-01-2026,FII,17851,216985,3821973,2397085,563719,725949,616832,455001,180610,193963,206278,149345,5504065,4041526
16-01-2026,FII,21814,212189,3828614,2394779,695782,795533,695041,476720,191287,208238,220387,162939,5741269,4162055
16-01-2026,DII,77882,36365,251907,4858241,2103,38226,0,0,305,23832,403251,606,394255,5298463
16-01-2026,TOTAL,362289,362289,8003665,8003665,5288946,4201755,5288946,4201755,4251196,2391838,4251196,2391838,24499690,24499690
16-01-2026,Client,207613,68886,2990191,329786,3292547,2201108,3265815,2732477,2823531,883193,1565025,1262757,12398183,9224746
16-01-2026,Pro,54980,44849,932953,420859,1298514,1166888,1328090,992559,1236073,1276575,2062533,965536,5965983,5814426
19-01-2026,DII,77866,36281,258231,4838104,2103,37421,0,0,305,23832,440489,606,399758,5315480
19-01-2026,Pro,52506,43690,966859,470461,1434349,1281087,1517034,1142232,1248217,1293388,2134052,1000155,6276406,6307625
19-01-2026,TOTAL,363584,363584,8066024,8066024,6094761,4836666,6094761,4836666,4413560,2446460,4413560,2446460,26221055,26221055
19-01-2026,Client,210605,67909,3008230,329446,3914575,2676757,3805628,3154999,2963952,910511,1597292,1265681,13684630,10220955
19-01-2026,FII,22607,215704,3832704,2428013,743735,841401,772099,539435,201086,218729,241727,180018,5860262,4376996
20-01-2026,Client,224010,75707,2955203,321546,2568831,1383083,2292884,1816169,2936341,806863,1551955,1217792,10874331,7276053
20-01-2026,DII,75928,35088,261075,4799946,2303,37453,107,0,305,24434,444347,779,401498,5280267
20-01-2026,Pro,59259,46835,1006669,504175,796168,744796,1014196,658403,1242480,1300205,2138581,967956,5149577,5330146
20-01-2026,FII,22659,224226,3866269,2463549,482542,681612,542656,372373,207583,237548,251826,182523,5498213,4037153
20-01-2026,TOTAL,381856,381856,8089216,8089216,3849844,2846944,3849844,2846944,4386709,2369050,4386709,2369050,21923619,21923619
21-01-2026,Client,222484,77030,2929412,304194,2976938,1794313,2804861,2174658,2863263,817767,1533435,1178348,11604176,8072526
21-01-2026,DII,75125,30858,270724,4810118,2303,48552,107,0,305,25260,449433,1043,422269,5291559
21-01-2026,Pro,59501,44500,977447,491264,1060136,896688,1117753,872376,1282852,1320110,2113239,1041544,5596734,5680676
21-01-2026,FII,29979,234701,3924045,2496052,583761,826152,700416,518670,202793,236226,253106,178428,5802955,4381373
21-01-2026,TOTAL,387089,387089,8101628,8101628,4623137,3565705,4623137,3565705,4349213,2399363,4349213,2399363,23426135,23426135
22-01-2026,Pro,72746,46138,942462,498099,1033232,1056887,1047882,902903,1268668,1294725,1969772,1035598,5668720,5500393
22-01-2026,FII,36062,252262,3963325,2506019,614652,831576,720783,541102,187488,209336,237138,169178,5842439,4426482
22-01-2026,DII,75273,27895,272705,4813881,2303,49927,107,0,305,28305,452706,1099,428818,5295688
22-01-2026,Client,215048,72834,2936914,297407,3062102,2115979,2943517,2610363,2712061,833547,1508906,1160038,11875651,8593065
22-01-2026,TOTAL,399129,399129,8115406,8115406,4712290,4054368,4712290,4054368,4168522,2365913,4168522,2365913,23815628,23815628
23-01-2026,Pro,77498,49148,958173,489380,1341202,1172375,1548515,947728,1239366,1295634,1830374,1024392,6084248,5889537
23-01-2026,FII,47222,274755,3958924,2503556,915078,951191,944084,610655,173396,193252,222692,149134,6239063,4704877
23-01-2026,DII,76090,26952,270067,4789894,2303,49927,107,0,760,28305,449791,1189,427452,5267933
23-01-2026,Client,230130,80085,2903390,307724,3701570,2002734,3467447,2617843,2486763,757535,1397428,1100011,12082122,8970538
23-01-2026,TOTAL,430940,430940,8090554,8090554,5960153,4176227,5960153,4176227,3900285,2274726,3900285,2274726,24832885,24832885
27-01-2026,Pro,30960,31118,758727,274436,394499,522991,430746,470794,422714,589874,679189,463575,2719765,2349858
27-01-2026,TOTAL,336472,336472,7562495,7562495,2054713,2112450,2054713,2112450,1269758,1072082,1269758,1072082,14407970,14407970
27-01-2026,Client,202611,76552,2781456,238725,1329776,943396,1188864,1382889,824808,401240,512749,586116,6483287,3985895
27-01-2026,DII,75637,25913,163899,4686662,200,44425,107,0,0,25742,35019,576,309903,4748277
27-01-2026,FII,27264,202889,3858413,2362672,330238,601639,434996,258767,22236,55226,42801,21815,4895015,3323940
28-01-2026,FII,29467,204022,3863697,2380702,422973,701765,555243,340384,42698,74586,61103,45142,5135186,3586595
28-01-2026,TOTAL,346361,346361,7604372,7604372,2849225,2814917,2849225,2814917,1617354,1295197,1617354,1295197,16527426,16527426
28-01-2026,Client,202716,70518,2805424,255078,1815806,1331105,1656060,1776101,1000617,497798,672280,681556,7653466,5111593
28-01-2026,Pro,32410,39326,748324,299793,610246,737622,637815,698433,574039,693932,829674,567630,3396573,3072671
28-01-2026,DII,81768,32495,186927,4668799,200,44425,107,0,0,28881,54297,869,342201,4756567
29-01-2026,TOTAL,368863,368863,7615109,7615109,3114484,3344500,3114484,3344500,1914295,1456343,1914295,1456343,17813594,17813594
29-01-2026,FII,30232,215780,3800728,2399812,441716,737850,574028,399539,64246,90890,85594,66364,5165663,3741117
29-01-2026,Pro,33207,49238,748680,307794,733514,898160,656085,848664,666534,778655,972504,628386,3858750,3462671
29-01-2026,DII,105918,35745,208184,4654516,0,60925,107,0,65,29871,69833,839,404963,4761040
29-01-2026,Client,199506,68100,2857517,252987,1939254,1647564,1884265,2096297,1183450,556927,786364,760754,8384218,5848766
30-01-2026,Client,199658,66420,2843037,250837,2408564,1700422,2202066,2160794,1373948,567574,878524,809357,9093203,6367998
30-01-2026,DII,107227,33945,214474,4604291,0,60925,507,0,206,30140,96265,989,412972,4735997
30-01-2026,TOTAL,373242,373242,7614740,7614740,3810754,3508625,3810754,3508625,2197637,1578509,2197637,1578509,19083507,19083507
30-01-2026,Pro,35412,48110,781959,314673,855853,919885,951552,909092,740837,869190,1112285,682282,4203136,4017994
30-01-2026,FII,30945,224767,3775270,2444939,546337,827394,656629,438740,82646,111605,110563,85881,5374197,3961519
01-02-2026,TOTAL,387608,387608,7601137,7601137,6283147,3841053,6283147,3841053,2504210,1656173,2504210,1656173,22273328,22273328
01-02-2026,Pro,46863,45061,802423,327829,1377846,994770,1652629,889441,779474,952391,1318886,716115,4953768,4949960
01-02-2026,DII,100950,35393,226019,4548914,0,86073,792,0,285,29673,149686,1189,443000,4735974
01-02-2026,FII,31061,234280,3775339,2473658,719236,936860,954872,488236,91329,123080,117708,90270,5676905,4359023
01-02-2026,Client,208734,72874,2797356,250736,4186065,1823350,3674855,2463377,1633122,551029,917930,848599,11199655,8228371
02-02-2026,Client,201397,72438,2794134,258660,3623046,2831518,3343857,3351713,1772698,612107,987706,870923,11834899,8885296
02-02-2026,TOTAL,374204,374204,7619249,7619249,5425807,5290393,5425807,5290393,2721200,1745821,2721200,1745821,23176674,23176674
02-02-2026,FII,30005,227144,3791721,2474954,652371,1010595,826636,591630,103892,127839,129491,102357,5716423,4352213
02-02-2026,Pro,41285,43324,799597,329589,1150391,1357099,1254122,1347050,844310,975987,1375762,771352,5168669,5121198
02-02-2026,DII,101517,31298,233797,4556046,0,91181,1192,0,300,29888,228241,1189,456683,4817966
03-02-2026,DII,113727,25896,253064,4498061,1200,70313,507,507,308,29888,240368,1046,468500,4766385
03-02-2026,TOTAL,339919,339919,7555191,7555191,2952715,3008438,2952715,3008438,2730042,1860836,2730042,1860836,18447141,18447141
03-02-2026,Client,162053,58834,2733412,254419,1796435,1475988,1715405,1872457,1629207,683272,1012449,890255,8480367,5803818
03-02-2026,FII,40023,197475,3830780,2459736,463533,714346,557303,423296,130535,149373,151203,135800,5328590,3924813
03-02-2026,Pro,24116,57714,737935,342975,691546,747791,679500,712178,969992,998303,1326022,833735,4169683,3952124
04-02-2026,Pro,24928,55689,749488,380283,851237,924495,749234,937181,1075435,1057972,1415756,912020,4683555,4450163
04-02-2026,Client,159326,62800,2762869,275713,2186918,2077513,2221531,2361848,1739814,786884,1099197,986701,9713325,7007790
04-02-2026,FII,43892,191208,3865370,2493441,540105,775654,608064,541739,152892,177778,183284,152700,5555691,4170436
04-02-2026,DII,110847,29296,265413,4493703,1075,63613,507,507,1626,29968,271530,1181,472542,4796724
04-02-2026,TOTAL,338993,338993,7643140,7643140,3579336,3841275,3579336,3841275,2969767,2052602,2969767,2052602,20425113,20425113
05-02-2026,Pro,20758,60852,772350,392904,1097034,920252,1134923,941229,1101095,1088074,1540059,933097,4999563,5003064
05-02-2026,FII,42302,186324,3841814,2509758,647865,849418,720608,555555,165740,192394,206605,164930,5739533,4343780
05-02-2026,TOTAL,337238,337238,7665407,7665407,4745449,3964299,4745449,3964299,3222300,2113580,3222300,2113580,22048273,22048273
05-02-2026,DII,109511,29251,264039,4487511,1075,63613,507,507,1624,29968,309496,1181,469830,4828453
05-02-2026,Client,164667,60811,2787204,275234,2999475,2131016,2889411,2467008,1953841,803144,1166140,1014372,10839347,7872976
06-02-2026,TOTAL,341553,341553,7675309,7675309,4916313,4745429,4916313,4745429,3468855,2170850,3468855,2170850,23318309,23318309
06-02-2026,FII,43462,193712,3833464,2535264,707691,986167,738387,669259,174782,207054,225988,172885,5952620,4535495
06-02-2026,Pro,20769,57312,784697,402984,1154455,1081992,1131030,1145019,1153847,1103702,1647915,955876,5299462,5340135
06-02-2026,Client,166996,61278,2784492,277416,3053202,2613495,3046589,2930845,2138602,830126,1223851,1040908,11586913,8580887
06-02-2026,DII,110326,29251,272656,4459645,965,63775,307,307,1624,29968,371101,1181,479314,4861792
09-02-2026,DII,115878,30951,280192,4447879,1190,62357,307,307,1624,29968,393923,1216,491209,4874583
09-02-2026,Pro,22374,56649,784843,432541,1207591,1373625,1275991,1408982,1220760,1116501,1684234,1015806,5725694,5874203
09-02-2026,FII,44579,190498,3831758,2522306,731448,1028732,710888,735580,187106,209628,235808,185847,6033251,4580927
09-02-2026,TOTAL,340286,340286,7697117,7697117,5069811,5603375,5069811,5603375,3606285,2287272,3606285,2287272,24604146,24604146
09-02-2026,Client,157455,62188,2800324,294391,3129582,3138661,3082625,3458506,2196795,931175,1292320,1084403,12353993,9274434
10-02-2026,FII,51176,184790,3821661,2530165,457537,694959,437790,435540,195353,227479,256889,201095,5448165,4046269
10-02-2026,DII,115779,31697,288992,4435719,1154,63587,307,307,1624,29968,397720,1183,501104,4866933
10-02-2026,TOTAL,335832,335832,7738429,7738429,2734949,3144908,2734949,3144908,3743417,2378383,3743417,2378383,20075918,20075918
10-02-2026,Client,147125,64354,2816100,303521,1653965,1721626,1679567,1958530,2302424,976824,1332055,1127380,9618064,6465407
10-02-2026,Pro,21752,54991,811676,469024,622294,664736,617285,750531,1244016,1144112,1756753,1048725,4508585,4697309
11-02-2026,Client,142830,65495,2838661,333265,2180910,2117436,2215370,2349093,2430438,1059168,1392618,1172766,10769444,7528607
11-02-2026,DII,115138,33397,298674,4402488,1117,63587,307,307,1624,29968,413247,1651,510108,4851397
11-02-2026,Pro,25704,52565,832605,517227,853581,887376,830975,943431,1281910,1171790,1835543,1105322,5052965,5285063
11-02-2026,TOTAL,336207,336207,7794176,7794176,3562590,3824421,3562590,3824421,3920236,2499179,3920236,2499179,21936809,21936809
11-02-2026,FII,52535,184750,3824236,2541196,526982,756022,515939,531590,206264,238253,278828,219440,5604292,4271742
12-02-2026,FII,52380,185587,3843806,2574969,612747,808195,628718,562303,216906,260080,312659,233290,5794114,4497526
12-02-2026,Pro,31284,50485,869340,552248,1093286,930527,1138080,900716,1311809,1211170,1945381,1143386,5447416,5730296
12-02-2026,TOTAL,338154,338154,7869066,7869066,4617303,3959301,4617303,3959301,4123816,2581277,4123816,2581277,23488917,23488917
12-02-2026,DII,109727,33414,298380,4402081,1077,62787,200,200,1624,30195,425429,2114,503790,4863438
12-02-2026,Client,144763,68668,2857540,339768,2910193,2157792,2850305,2496082,2593477,1079832,1440347,1202487,11743597,8397657
13-02-2026,DII,110317,33714,305296,4416221,1077,58287,200,200,1684,35480,459717,2375,512141,4912427
13-02-2026,Client,153536,70135,2867710,329829,3716250,2035949,3705613,2594250,2752232,1031744,1462209,1203429,12557421,9365464
13-02-2026,Pro,39364,51795,901614,559609,1413996,1001443,1453218,872228,1324387,1255261,2058935,1149974,5936065,6145760
13-02-2026,FII,46668,194241,3868334,2637295,851673,952462,823966,581462,230915,276296,328357,243003,6226348,4808324
13-02-2026,TOTAL,349885,349885,7942954,7942954,5982997,4048140,5982997,4048140,4309218,2598781,4309218,2598781,25231975,25231975
16-02-2026,FII,48627,193765,3877753,2640847,712009,1040807,676107,712479,231066,283270,331783,250778,6193532,4805759
16-02-2026,Client,148863,68617,2849715,326200,3089315,3078014,3220939,3487722,2727051,1055592,1484216,1213444,12948550,9801138
16-02-2026,TOTAL,347729,347729,7957540,7957540,5035537,5604852,5035537,5604852,4301892,2632085,4301892,2632085,25879635,25879635
16-02-2026,Pro,38952,51699,917548,573745,1233135,1429115,1138290,1404451,1342091,1257491,2016773,1165523,6218332,6350482
16-02-2026,DII,111287,33648,312524,4416748,1077,56917,200,200,1684,35732,469120,2340,519221,4922256
17-02-2026,Client,152575,70061,2864891,333870,1741236,1803932,1818876,2059356,2710892,1060827,1491392,1230832,10334353,7004387
17-02-2026,DII,109813,34029,320312,4384762,1077,53517,200,200,1684,35982,477617,3358,522385,4900166
17-02-2026,Pro,37222,54262,934079,605855,662640,702783,615234,802055,1366508,1282931,2011223,1184175,4986163,5272804
17-02-2026,TOTAL,351883,351883,7999034,7999034,2876092,3330106,2876092,3330106,4315179,2673819,4315179,2673819,21546112,21546112
17-02-2026,FII,52273,193531,3879752,2674547,471139,769873,441781,468495,236095,294079,334947,255454,5703211,4368755
18-02-2026,TOTAL,358793,358793,8080763,8080763,3404206,4276689,3404206,4276689,4256567,2690090,4256567,2690090,23067108,23067108
18-02-2026,DII,105780,34279,327768,4361558,1062,53517,0,0,1684,35982,478613,5345,525793,4879795
18-02-2026,FII,56507,191101,3908364,2706784,538210,837370,504300,570359,231287,291264,330641,254008,5863002,4557193
18-02-2026,Pro,45678,58195,955648,671931,830420,993475,727907,1120338,1398712,1282467,1966703,1205334,5506400,5750409
18-02-2026,Client,150828,75218,2888983,340490,2034514,2392328,2171999,2585992,2624884,1080377,1480610,1225403,11171914,7879712
19-02-2026,Client,160183,70597,2853916,331810,3307052,1996277,3287721,2463395,2522105,972929,1419173,1172237,11812463,8744934
19-02-2026,DII,102749,38985,349455,4308453,1062,50467,0,0,1684,36885,475038,6322,542302,4828798
19-02-2026,Pro,39218,54696,916152,647776,1314823,995474,1311624,916507,1396531,1293606,1925878,1176350,5955804,6032832
19-02-2026,TOTAL,362392,362392,8008365,8008365,5377349,3948959,5377349,3948959,4134013,2585796,4134013,2585796,24416874,24416874
19-02-2026,FII,60242,198114,3888842,2720326,754412,906741,778004,569056,213693,282376,313924,230887,6106306,4810311
20-02-2026,TOTAL,371379,371379,7987877,7987877,4902146,4839134,4902146,4839134,3921616,2574245,3921616,2574245,24596397,24596397
20-02-2026,Pro,48148,56076,849718,619102,1236880,1301743,1061807,1231712,1394962,1253110,1764628,1192298,6084561,5925623
20-02-2026,FII,68265,201929,3945434,2706157,752420,979273,691865,674386,197690,275023,299741,216571,6218105,4790650
20-02-2026,DII,103719,38020,374011,4327099,1062,53867,0,0,1684,38476,466119,6436,572819,4837674
20-02-2026,Client,151247,75354,2818714,335519,2911784,2504251,3148473,2933036,2327280,1007636,1391128,1158940,11720912,9042450
23-02-2026,Client,149439,80135,2800718,342607,3226605,2956258,3287658,3384792,2113998,980478,1308950,1118886,12227495,9523029
23-02-2026,DII,99280,38020,406862,4326009,1062,66546,0,0,1684,40468,458304,7989,615902,4830322
23-02-2026,TOTAL,395153,395153,8011675,8011675,5236268,5460547,5236268,5460547,3683792,2493114,3683792,2493114,25280549,25280549
23-02-2026,FII,90600,219685,4005907,2725467,771151,1033027,721268,699229,185527,248732,283246,194378,6334944,4843274
23-02-2026,Pro,55834,57313,798188,617592,1237450,1404717,1227342,1376525,1382583,1223436,1633292,1171861,6102208,6083925
24-02-2026,DII,97108,41148,154745,4207401,1045,52687,0,0,0,19486,45815,1070,325071,4295434
24-02-2026,Client,142457,64443,2694845,255552,1673468,1217388,1605132,1571024,932008,465524,593884,605215,7125690,4695250
24-02-2026,TOTAL,290089,290089,7386632,7386632,2512773,2352746,2512773,2352746,1343527,1047183,1343527,1047183,14932951,14932951
24-02-2026,Pro,11228,39131,638022,259010,501411,501103,510420,508425,396865,524138,663102,429836,2572766,2409924
24-02-2026,FII,39296,145367,3899020,2664669,336850,581569,397221,273297,14654,38035,40726,11062,4909424,3532343
25-02-2026,DII,97028,45293,159424,4228320,1045,52687,0,0,0,26544,77787,1603,336728,4353003
25-02-2026,Client,139146,66086,2731514,280095,2244383,1616533,2166967,1981903,1118673,558613,743804,695104,8408862,5933959
25-02-2026,FII,37982,142463,3931889,2682197,411347,659292,479995,366800,41133,68608,71770,37336,5150251,3780562
25-02-2026,TOTAL,288206,288206,7478903,7478903,3442865,3094587,3442865,3094587,1692729,1268779,1692729,1268779,17266069,17266069
25-02-2026,Pro,14050,34364,656076,288291,786091,766075,795903,745883,532923,615014,799368,534736,3370228,3198545
26-02-2026,TOTAL,290793,290793,7577171,7577171,3972372,3595026,3972372,3595026,1884638,1379090,1884638,1379090,18699089,18699089
26-02-2026,Pro,12143,35653,663394,304476,884899,944285,871728,883061,598474,661768,860868,573967,3764963,3529754
26-02-2026,FII,39526,142506,3955462,2706229,493086,718615,579842,420800,61016,86431,91735,56854,5354137,3997966
26-02-2026,DII,97384,45553,169546,4251273,1045,52967,0,0,0,29843,98734,2953,350785,4398513
26-02-2026,Client,141740,67081,2788769,315193,2593341,1879159,2520801,2291165,1225148,601048,833301,745316,9229205,6772857
27-02-2026,FII,36283,160651,3952691,2734857,687857,803705,773014,420555,71345,101114,108336,73213,5652995,4270626
27-02-2026,Pro,23236,43131,707645,309618,1267995,1006962,1323129,842107,636001,725280,968167,595094,4367119,4081247
27-02-2026,Client,177227,84386,2823343,317188,3766982,1886232,3627735,2486600,1387954,600511,893138,788507,10642249,8197554
27-02-2026,DII,97465,46043,176442,4298458,1045,52967,0,604,0,33774,125659,3865,361693,4474629
27-02-2026,TOTAL,334211,334211,7660121,7660121,5723879,3749866,5723879,3749866,2095300,1460679,2095300,1460679,21024056,21024056
02-03-2026,DII,96873,35061,190791,4308592,1045,50049,0,604,0,34445,171319,4879,373203,4520455
02-03-2026,Client,193922,97767,2804845,325762,1642968,1182675,1557634,1624154,1484136,608781,939281,811494,7917327,5356092
02-03-2026,FII,34972,179445,3973164,2751442,364529,699693,423867,334557,85506,115773,124274,84464,5273638,3898049
02-03-2026,Pro,29447,42941,731393,314397,537216,615816,564258,588919,715732,788565,1050500,646727,3418170,3207741
02-03-2026,TOTAL,355214,355214,7700193,7700193,2545758,2548234,2545758,2548234,2285374,1547564,2285374,1547564,16982337,16982337
04-03-2026,TOTAL,381799,381799,7734456,7734456,3245385,3076186,3245385,3076186,2578214,1676218,2578214,1676218,18692258,18692258
04-03-2026,FII,30863,194576,3952541,2744221,464576,769507,543758,426278,102564,139362,144235,98504,5459413,4151572
04-03-2026,Pro,55419,45558,746083,331543,741840,794081,823649,805998,807609,868916,1162484,731896,4013948,3901128
04-03-2026,Client,215061,106956,2828188,318202,2037924,1469815,1877227,1843160,1668041,633495,1007058,839980,8852524,5992584
04-03-2026,DII,80456,34709,207644,4340490,1045,42783,750,750,0,34445,264437,5838,366373,4646974
05-03-2026,FII,33450,195298,3930931,2737283,500151,850913,622907,486239,120108,157717,169072,114585,5593271,4325384
05-03-2026,Pro,54634,43097,750684,333582,805901,909852,844262,893681,864948,889324,1191583,764124,4275343,4070329
05-03-2026,Client,211370,110445,2834780,325292,2326286,1843853,2166264,2258609,1718722,660811,1059500,857710,9595822,6777819
05-03-2026,DII,83350,33964,217068,4337306,1745,34561,651,651,0,34445,283623,5878,371169,4662073
05-03-2026,TOTAL,382804,382804,7733463,7733463,3634084,3639179,3634084,3639179,2703778,1742297,2703778,1742297,19835605,19835605
